-4.232591092586517334e-01
-6.845619082450866699e-01
-9.350165724754333496e-01
-5.143252015113830566e-01
-9.190854430198669434e-02
-8.545556068420410156e-01
-2.057228982448577881e-01
-2.465714663267135620e-01
-4.412098824977874756e-01
-4.745017290115356445e-01
6.026627123355865479e-02
2.078428268432617188e-01
7.076540589332580566e-01
-1.716549992561340332e-01
-3.992346525192260742e-01
-4.485306739807128906e-01
-5.686050653457641602e-02
-1.768726855516433716e-01
-8.970806747674942017e-02
-5.468321442604064941e-01
-8.736914396286010742e-01
-8.921278715133666992e-01
3.610509634017944336e-01
-3.941697478294372559e-01
-6.300898194313049316e-01
1.022022247314453125e+00
-3.810082972049713135e-01
-1.047355890274047852e+00
2.991709411144256592e-01
-3.766714036464691162e-01
2.070931434631347656e+00
-4.537671506404876709e-01
-3.169772624969482422e-01
-3.905888646841049194e-02
4.240207076072692871e-01
-5.688704848289489746e-01
-5.591867566108703613e-01
3.645098302513360977e-03
1.002695783972740173e-01
-2.208764106035232544e-01
-1.028773784637451172e-01
-7.832795381546020508e-01
-3.790370523929595947e-01
-7.276798486709594727e-01
-9.287296533584594727e-01
6.609583497047424316e-01
-4.265206456184387207e-01
-3.816270232200622559e-01
-5.406574010848999023e-01
-4.806364774703979492e-01
1.471510976552963257e-01
7.995849251747131348e-01
-5.837405920028686523e-01
5.506259202957153320e-01
2.300959546118974686e-03
-4.148672893643379211e-02
-1.055282801389694214e-01
9.126299619674682617e-02
-3.376135230064392090e-01
-6.768319010734558105e-01
-1.486254185438156128e-01
-3.313361108303070068e-01
-3.432991504669189453e-01
-6.015691161155700684e-01
-5.082131028175354004e-01
1.450093388557434082e-01
1.801599860191345215e-01
-8.100621700286865234e-01
-3.533356189727783203e-01
3.006114065647125244e-01
-1.692137420177459717e-01
-4.916096627712249756e-01
-1.009933233261108398e+00
-5.935149788856506348e-01
-3.902770578861236572e-01
-1.066865801811218262e+00
-2.482853382825851440e-01
-5.573074221611022949e-01
-7.387304306030273438e-01
-5.405546352267265320e-02
-1.132084846496582031e+00
-4.402901232242584229e-01
-1.971020251512527466e-01
-4.387999773025512695e-01
-2.647401764988899231e-03
-8.420022130012512207e-01
-8.686526864767074585e-02
-3.135563433170318604e-01
-1.121583938598632812e+00
-4.286700785160064697e-01
-3.575015962123870850e-01
-9.571908041834831238e-03
-3.114049434661865234e-01
-4.763671457767486572e-01
-1.081850886344909668e+00
-2.291269451379776001e-01
-6.889179348945617676e-01
1.400176644325256348e+00
-2.539574503898620605e-01
-5.211121439933776855e-01
-5.620929002761840820e-01
-6.350833922624588013e-02
-3.314382433891296387e-01
8.376883864402770996e-01
3.426862359046936035e-01
-5.574878454208374023e-01
-9.069147706031799316e-01
-2.570155560970306396e-01
-2.693026661872863770e-01
-7.369168996810913086e-01
-2.491976916790008545e-01
-4.176243841648101807e-01
-6.445435285568237305e-01
-8.398419618606567383e-01
-3.071989119052886963e-01
4.347441196441650391e-01
-4.200493991374969482e-01
4.562246799468994141e-01
-4.979442954063415527e-01
6.306046247482299805e-02
-7.418029308319091797e-01
-1.185533627867698669e-01
-8.779394030570983887e-01
-1.756230294704437256e-01
-6.468350440263748169e-02
-4.173834621906280518e-01
-4.654015898704528809e-01
-3.931336998939514160e-01
4.759614765644073486e-01
2.259129434823989868e-01
5.151761174201965332e-01
3.229785263538360596e-01
-2.838097810745239258e-01
-5.023346468806266785e-02
4.866957962512969971e-01
3.918982148170471191e-01
1.277410387992858887e-01
2.081692814826965332e-01
-4.176230356097221375e-02
-7.792093604803085327e-02
1.817831844091415405e-01
1.688331365585327148e-01
4.219753146171569824e-01
5.688309669494628906e-01
2.546093761920928955e-01
5.276327729225158691e-01
2.993201315402984619e-01
2.417999356985092163e-01
1.269854068756103516e+00
5.581542253494262695e-01
-5.330739077180624008e-03
9.455666691064834595e-02
1.019172668457031250e+00
6.293830275535583496e-01
-1.815296858549118042e-01
1.237733721733093262e+00
-2.880674786865711212e-02
2.235210537910461426e-01
-1.214220166206359863e+00
5.436194539070129395e-01
1.504860073328018188e-01
2.921358346939086914e-01
-2.968763709068298340e-01
9.630636572837829590e-01
3.950012922286987305e-01
2.436962723731994629e-01
5.441316366195678711e-01
2.352523654699325562e-01
7.034440636634826660e-01
5.148907005786895752e-02
8.169760704040527344e-01
5.712998509407043457e-01
7.537816166877746582e-01
3.447694480419158936e-01
5.697653889656066895e-01
6.670325994491577148e-02
4.103471338748931885e-02
2.763866782188415527e-01
-2.258784370496869087e-03
1.073019206523895264e-01
1.692772209644317627e-01
-7.687962055206298828e-01
4.845269322395324707e-01
2.183503061532974243e-01
-8.681751787662506104e-02
3.117803931236267090e-01
3.632107973098754883e-01
5.815601944923400879e-01
1.446434259414672852e-01
2.133988589048385620e-01
5.918306112289428711e-01
6.222981810569763184e-01
1.554320305585861206e-01
-2.272722572088241577e-01
8.240646123886108398e-01
5.634772777557373047e-01
7.665410637855529785e-02
-3.304383456707000732e-01
1.730175763368606567e-01
3.064027428627014160e-01
6.633107662200927734e-01
1.544367522001266479e-01
2.059708982706069946e-01
7.389338016510009766e-01
1.602514237165451050e-01
3.860394060611724854e-01
6.665357947349548340e-01
-1.129104644060134888e-01
7.583109140396118164e-01
4.007428884506225586e-01
5.457583069801330566e-01
3.887462615966796875e-02
4.120143353939056396e-01
3.747069537639617920e-01
2.717326581478118896e-01
-3.697584867477416992e-01
1.281213164329528809e+00
4.777785241603851318e-01
2.755984961986541748e-01
-6.004235520958900452e-02
4.313070178031921387e-01
1.999005526304244995e-01
1.671104669570922852e+00
2.790917456150054932e-01
3.259876966476440430e-01
-1.043422222137451172e+00
4.989443719387054443e-01
2.213429212570190430e-01
5.371913909912109375e-01
3.340485319495201111e-02
1.294741779565811157e-01
-7.222315669059753418e-01
-1.238493844866752625e-01
-5.579322949051856995e-02
8.314585089683532715e-01
4.513675272464752197e-01
2.306642830371856689e-01
5.720734596252441406e-01
3.984224200248718262e-01
1.366213411092758179e-01
1.045791506767272949e-01
5.305728912353515625e-01
-4.234138876199722290e-02
-5.519495010375976562e-01
5.674359202384948730e-01
3.958079591393470764e-02
3.259957432746887207e-01
1.440850943326950073e-01
6.179856657981872559e-01
-3.684314787387847900e-01
1.444419980049133301e+00
3.814453482627868652e-01
2.944789826869964600e-01
2.749335467815399170e-01
1.345037966966629028e-01
5.417686700820922852e-01
2.402557283639907837e-01
3.354483284056186676e-03
3.028207691386342049e-03
2.612509429454803467e-01
2.820613235235214233e-02
1.333263218402862549e-01
3.104998469352722168e-01
1.135334521532058716e-01
-1.035970672965049744e-01
1.361648738384246826e-01
3.115645051002502441e-01
1.853685528039932251e-01
-4.009111821651458740e-01
1.810480803251266479e-01
3.907620906829833984e-02
4.134842753410339355e-02
3.189817368984222412e-01
4.135434925556182861e-01
2.500774860382080078e-01
2.905697524547576904e-01
4.859792068600654602e-02
-1.235461980104446411e-01
2.536607086658477783e-01
1.113207414746284485e-01
-6.976749002933502197e-02
1.145860403776168823e-01
-4.453971609473228455e-02
-1.929109543561935425e-02
-4.614281058311462402e-01
6.016762554645538330e-02
-2.963897287845611572e-01
-1.410375386476516724e-01
-1.849159747362136841e-01
-2.516738474369049072e-01
6.450601816177368164e-01
1.892366260290145874e-01
1.771992892026901245e-01
-2.917457371950149536e-02
7.866714000701904297e-01
2.561515569686889648e-01
5.498776435852050781e-01
-9.533698856830596924e-02
-2.489760369062423706e-01
-3.109099715948104858e-02
1.881588548421859741e-01
-8.847522735595703125e-02
-1.028539910912513733e-01
2.458900064229965210e-01
-2.814969420433044434e-01
-7.447398384101688862e-04
-7.786323875188827515e-02
7.696568034589290619e-03
-1.854839920997619629e-01
-1.538785099983215332e-01
4.345601797103881836e-01
-5.651308223605155945e-02
-8.095738291740417480e-02
4.470770657062530518e-01
5.635312944650650024e-02
6.601541489362716675e-02
9.939352422952651978e-02
1.593734920024871826e-01
7.410516589879989624e-02
-3.362393975257873535e-01
3.424454331398010254e-01
-1.831153966486454010e-02
-4.984604418277740479e-01
6.443803012371063232e-02
-6.511037796735763550e-02
-4.716113582253456116e-02
1.629756838083267212e-01
-1.402517408132553101e-01
-3.112448155879974365e-01
-1.017736643552780151e-01
-1.373315006494522095e-01
3.553253784775733948e-02
1.877774894237518311e-01
-2.291155904531478882e-01
-2.876461856067180634e-02
-1.273563038557767868e-02
1.867927610874176025e-01
-1.030604392290115356e-01
2.517207264900207520e-01
3.547484753653407097e-03
-3.653829991817474365e-01
2.203975766897201538e-01
6.260390877723693848e-01
3.194800391793251038e-02
1.210994422435760498e-01
-1.753364801406860352e-01
-5.283854529261589050e-02
6.074112281203269958e-02
1.100688874721527100e-01
-3.019010722637176514e-01
-1.106469780206680298e-01
1.111660599708557129e-01
2.852760851383209229e-01
-2.146264612674713135e-01
4.404203593730926514e-01
-3.742116093635559082e-01
1.381332576274871826e-01
5.583427473902702332e-02
-1.926047652959823608e-01
1.414497941732406616e-01
-1.676937937736511230e-01
1.401854008436203003e-01
2.947930097579956055e-01
-4.398709833621978760e-01
-9.365978837013244629e-02
1.735713928937911987e-01
7.968614995479583740e-02
5.501493066549301147e-02
4.480640590190887451e-01
8.509416133165359497e-02
1.113825440406799316e-01
5.101876333355903625e-02
-7.464392483234405518e-02
3.189361393451690674e-01
5.670185014605522156e-02
3.915114700794219971e-02
-8.008944243192672729e-02
1.273989118635654449e-02
-4.301856458187103271e-02
-1.556850075721740723e-01
4.000288248062133789e-01
-3.556844890117645264e-01
-4.149659574031829834e-01
1.566984206438064575e-01
-1.078062579035758972e-01
-3.773035705089569092e-01
2.574631273746490479e-01
2.613789774477481842e-02
5.633008852601051331e-02
-2.712797224521636963e-01
-3.611190915107727051e-01
3.456754982471466064e-01
-1.304056942462921143e-01
4.012228548526763916e-01
2.824604809284210205e-01
-5.165958404541015625e-01
6.943089514970779419e-02
1.731426715850830078e-01
-1.441288888454437256e-01
9.051184356212615967e-02
9.117789566516876221e-02
4.430390000343322754e-01
-2.227207086980342865e-02
-2.744314372539520264e-01
7.075779438018798828e-01
8.060207962989807129e-01
2.821732461452484131e-01
1.605900675058364868e-01
1.425674796104431152e+00
1.351501107215881348e+00
-1.475152969360351562e-01
1.470701813697814941e+00
9.479397535324096680e-02
2.837583981454372406e-02
1.003680229187011719e+00
-2.201911956071853638e-01
1.665237247943878174e-01
2.352075427770614624e-01
8.168901205062866211e-01
5.687020421028137207e-01
3.925126194953918457e-01
1.051188185811042786e-01
5.655404925346374512e-01
-2.407886683940887451e-01
3.035537302494049072e-01
2.013908177614212036e-01
6.337091922760009766e-01
2.703455984592437744e-01
1.955030858516693115e-01
-6.001121401786804199e-01
1.870058327913284302e-01
-4.677879437804222107e-02
-1.795888096094131470e-01
4.020186960697174072e-01
-1.673282384872436523e-01
2.900124311447143555e+00
-1.186214536428451538e-01
8.920280337333679199e-01
1.353820785880088806e-02
-2.635794319212436676e-02
6.105646491050720215e-01
1.953092217445373535e-01
4.973231554031372070e-01
1.868203431367874146e-01
3.145791888236999512e-01
3.058204650878906250e-01
8.918128609657287598e-01
6.320562362670898438e-01
3.027713596820831299e-01
-6.970812380313873291e-02
1.569495648145675659e-01
3.189861476421356201e-01
1.316535025835037231e-01
-1.572954505681991577e-01
-1.793412715196609497e-01
1.242963746190071106e-01
4.729024171829223633e-01
-2.059812098741531372e-01
-8.994238823652267456e-02
1.452462077140808105e-01
-1.621768623590469360e-01
6.072766333818435669e-02
3.255057632923126221e-01
-6.708858162164688110e-02
3.725434839725494385e-01
1.455627977848052979e-01
-4.410211145877838135e-01
-3.556156456470489502e-01
4.919986799359321594e-02
5.671172589063644409e-02
8.683208376169204712e-02
-3.943748772144317627e-01
1.723001837730407715e+00
5.959815382957458496e-01
-1.742357015609741211e-02
-5.419357419013977051e-01
-1.683597415685653687e-01
2.712263762950897217e-01
2.447107315063476562e+00
1.067625209689140320e-01
1.280580312013626099e-01
2.112257719039916992e+00
-3.082570806145668030e-02
-2.016974240541458130e-01
5.485009029507637024e-02
-2.659662067890167236e-01
2.551006339490413666e-02
6.260651350021362305e-01
-7.108745574951171875e-01
-1.945984549820423126e-02
4.901467263698577881e-01
2.396093308925628662e-01
8.120886981487274170e-02
7.145658731460571289e-01
-4.339086264371871948e-02
-1.956911534070968628e-01
1.586443781852722168e-01
7.621957659721374512e-01
3.673930838704109192e-02
1.411386489868164062e+00
-3.268582224845886230e-01
1.631272435188293457e-01
2.948049902915954590e-01
1.492592543363571167e-01
2.823412716388702393e-01
2.800409793853759766e+00
2.048009872436523438e+00
-2.943186759948730469e-01
2.048012018203735352e-01
-3.045096397399902344e-01
-1.720500588417053223e-01
3.224402368068695068e-01
