-6.530734300613403320e-01
-7.349012494087219238e-01
-1.829966157674789429e-01
-3.604792058467864990e-01
-3.491273224353790283e-01
3.242269903421401978e-02
-3.948396444320678711e-01
-5.267016887664794922e-01
-1.947595328092575073e-01
-8.651909232139587402e-02
-2.383914887905120850e-01
5.352532267570495605e-01
-2.294386625289916992e-01
2.731446325778961182e-01
4.436505213379859924e-02
1.449886262416839600e-01
-2.353384643793106079e-01
-2.527598738670349121e-01
-2.143152207136154175e-01
-3.904757797718048096e-01
-4.428845047950744629e-01
1.002568125724792480e+00
8.181609213352203369e-02
-1.145565137267112732e-01
-3.711978197097778320e-01
-3.397693037986755371e-01
-1.223922297358512878e-01
-2.458004057407379150e-01
1.440877318382263184e-01
8.862967789173126221e-02
-2.835449278354644775e-01
-3.704276084899902344e-01
3.022011518478393555e-01
-8.181807398796081543e-01
-4.418309926986694336e-01
2.386260181665420532e-01
-1.983384191989898682e-01
3.180683553218841553e-01
-2.441835403442382812e-01
-3.686592578887939453e-01
-2.784821391105651855e-01
-5.223511457443237305e-01
-2.253227978944778442e-01
-4.275439977645874023e-01
-7.268726080656051636e-02
-2.666771411895751953e-01
-4.640381634235382080e-01
-4.218657910823822021e-01
-1.165271699428558350e-01
1.391218006610870361e-01
-3.506509959697723389e-01
-2.334505319595336914e-01
-1.369484215974807739e-01
-3.181845545768737793e-01
6.983828544616699219e-01
-6.356852650642395020e-01
-6.840353012084960938e-01
-5.844268798828125000e-01
-1.659516543149948120e-01
3.278251364827156067e-02
-5.363950133323669434e-01
-3.423849642276763916e-01
-5.577977299690246582e-01
-4.172857701778411865e-01
3.517083451151847839e-02
-2.178916186094284058e-01
5.624094232916831970e-02
-1.617021113634109497e-01
-2.511116862297058105e-01
-4.256600737571716309e-01
1.508300453424453735e-01
1.267718225717544556e-01
-2.141611725091934204e-01
-5.531640648841857910e-01
-2.095922380685806274e-01
-7.876052260398864746e-01
4.194324836134910583e-02
1.636096537113189697e-01
-1.571309566497802734e-01
-2.246108092367649078e-02
9.716978073120117188e-01
3.317630589008331299e-01
-9.375509619712829590e-02
1.333154201507568359e+00
1.154300197958946228e-02
-5.135230720043182373e-02
-7.160632312297821045e-02
7.921440154314041138e-02
-5.597704648971557617e-01
-7.719126995652914047e-03
-2.483361959457397461e-01
-7.255838811397552490e-02
-5.022782683372497559e-01
-1.835324168205261230e-01
-2.411987483501434326e-01
-5.832802057266235352e-01
-1.037380993366241455e-01
-1.933261752128601074e-01
-7.022387385368347168e-01
2.830790281295776367e-01
-4.186219871044158936e-01
5.365146696567535400e-02
-9.122921526432037354e-02
-2.020261883735656738e-01
-1.951065957546234131e-01
-1.590978056192398071e-01
-1.677606850862503052e-01
-1.357792615890502930e-01
-7.757160067558288574e-02
-3.267452493309974670e-02
-2.831327319145202637e-01
-3.124654293060302734e-01
-3.690310120582580566e-01
-1.720634251832962036e-01
2.109038084745407104e-02
-1.795762032270431519e-01
-5.520020052790641785e-02
-2.658880650997161865e-01
-3.806892335414886475e-01
-5.634508728981018066e-01
-6.013326644897460938e-01
-4.509527385234832764e-01
9.187395125627517700e-02
8.637948334217071533e-02
-5.380803346633911133e-01
-3.331864774227142334e-01
-3.602761924266815186e-01
-5.761422589421272278e-02
3.052697777748107910e-01
-1.055710837244987488e-01
1.551017463207244873e-01
1.171470433473587036e-01
3.912277221679687500e-01
3.732774779200553894e-02
6.979852914810180664e-02
1.388278901576995850e-01
1.560780256986618042e-01
1.884386241436004639e-01
-1.246262639760971069e-01
-4.419090449810028076e-01
3.187263011932373047e-01
-2.544826827943325043e-02
6.684961915016174316e-02
2.170346379280090332e-01
1.740240007638931274e-01
-4.259342700242996216e-02
3.294090628623962402e-01
3.053040504455566406e-01
9.973598271608352661e-02
-8.990553617477416992e-01
2.920941710472106934e-01
-1.034230664372444153e-01
-1.830844283103942871e-01
5.841532722115516663e-02
-9.205122292041778564e-02
3.629348278045654297e-01
1.782116740942001343e-01
4.424664378166198730e-01
2.867171466350555420e-01
5.226438120007514954e-02
-5.973016470670700073e-02
-2.429885715246200562e-01
3.941966891288757324e-01
-1.547719389200210571e-01
2.714959979057312012e-01
2.459816262125968933e-02
3.892200291156768799e-01
2.458406239748001099e-01
2.088128477334976196e-01
3.805595338344573975e-01
-2.864050306379795074e-02
1.043610200285911560e-01
-2.136302143335342407e-01
3.105066344141960144e-02
4.542617499828338623e-01
2.846992611885070801e-01
4.541691765189170837e-02
-2.620611190795898438e-01
1.506322324275970459e-01
-3.252130001783370972e-02
6.013080477714538574e-01
-1.910094469785690308e-01
-4.536628127098083496e-01
-6.538810133934020996e-01
5.626406669616699219e-01
2.693260088562965393e-02
-7.325752079486846924e-02
6.179751157760620117e-01
2.345459908246994019e-01
2.085592746734619141e-01
1.561918854713439941e-01
1.605304926633834839e-01
3.916457667946815491e-02
4.386204481124877930e-01
3.972268104553222656e-02
1.852212287485599518e-02
9.216304868459701538e-02
-6.996240001171827316e-03
-9.013232588768005371e-02
4.772732499986886978e-03
1.898235529661178589e-01
4.591358304023742676e-01
9.884931892156600952e-02
5.665993690490722656e-02
2.136709839105606079e-01
-8.900126069784164429e-02
-9.445937722921371460e-02
-6.090367957949638367e-02
-1.014922618865966797e+00
2.760005295276641846e-01
8.628486096858978271e-02
-9.111538529396057129e-01
-2.059257589280605316e-02
-8.649086952209472656e-02
-1.279778964817523956e-02
2.549619376659393311e-01
3.621308207511901855e-01
-5.324198864400386810e-03
6.710612773895263672e-02
-1.210451647639274597e-01
2.525200843811035156e-01
2.127277404069900513e-01
1.250734031200408936e-01
-7.670267671346664429e-02
-7.443313300609588623e-02
-8.604647591710090637e-03
4.487412869930267334e-01
-3.842498362064361572e-02
2.564185857772827148e-01
5.376409390009939671e-04
2.773277759552001953e-01
-1.099126935005187988e-01
1.768545955419540405e-01
-4.351198375225067139e-01
1.828508228063583374e-01
1.949727535247802734e-01
-1.103890985250473022e-01
-1.110670045018196106e-01
-6.977337598800659180e-02
7.761970907449722290e-02
-5.004314705729484558e-02
-1.977671980857849121e-01
6.237661838531494141e-02
1.432309001684188843e-01
6.274181604385375977e-01
5.824647843837738037e-02
-6.174948811531066895e-01
4.924987554550170898e-01
2.215367928147315979e-02
4.283299446105957031e-01
-1.479161083698272705e-01
2.011487782001495361e-01
3.030924201011657715e-01
2.490756511688232422e-01
4.385479092597961426e-01
1.423958092927932739e-01
-2.874509664252400398e-03
4.278948903083801270e-02
2.707368731498718262e-01
1.347923427820205688e-01
-3.522956967353820801e-01
-1.322909723967313766e-02
-1.155683547258377075e-01
4.470652341842651367e-02
1.739339232444763184e-01
-3.554639518260955811e-01
1.839945912361145020e-01
9.626901894807815552e-02
-1.013309061527252197e-01
-4.317917227745056152e-01
-4.579799473285675049e-01
-3.439009189605712891e-01
2.279418855905532837e-01
-6.032343022525310516e-03
4.263188838958740234e-01
-3.234046399593353271e-01
2.417786419391632080e-01
4.192540887743234634e-03
-4.406233131885528564e-01
4.499103426933288574e-01
-1.315990090370178223e-01
-1.988658905029296875e-01
-2.203373312950134277e-01
3.706851601600646973e-02
5.062127709388732910e-01
-4.950072169303894043e-01
1.625321060419082642e-01
-2.945156693458557129e-01
6.175138056278228760e-02
6.363458931446075439e-02
-9.623522311449050903e-02
3.812132775783538818e-01
-2.555173337459564209e-01
1.429112162441015244e-02
2.069868147373199463e-01
-6.932185590267181396e-02
7.137161679565906525e-03
-1.583718806505203247e-01
-2.157687209546566010e-03
6.070210784673690796e-02
1.252871006727218628e-01
-3.202692270278930664e-01
2.326485961675643921e-01
-1.803470999002456665e-01
2.184384912252426147e-01
2.135305702686309814e-01
-2.519570887088775635e-01
-7.115026563405990601e-02
-3.280229270458221436e-01
1.181072741746902466e-01
-2.276082783937454224e-01
-7.749305665493011475e-02
1.441094726324081421e-01
-3.537097573280334473e-01
2.682954668998718262e-01
-4.415103793144226074e-01
2.138781100511550903e-01
2.468412183225154877e-02
1.643848568201065063e-01
-1.846713721752166748e-01
1.056660711765289307e-01
-1.639731228351593018e-01
-2.519367337226867676e-01
-1.069520637392997742e-01
6.073601543903350830e-02
-1.665393710136413574e-01
3.981809616088867188e-01
2.335334420204162598e-01
2.698267698287963867e-01
-1.761811077594757080e-01
-1.903901845216751099e-01
-3.527799248695373535e-02
-2.452107667922973633e-01
-3.106909394264221191e-01
-1.832858771085739136e-01
1.004140451550483704e-01
-2.162754535675048828e-02
-6.358488202095031738e-01
-8.603558689355850220e-02
-2.031166106462478638e-02
-2.584506273269653320e-01
-3.577308729290962219e-02
4.972343519330024719e-02
3.109976053237915039e-01
-1.724547445774078369e-01
5.194422006607055664e-01
-1.337116956710815430e-01
5.847233161330223083e-02
2.573252916336059570e-01
-1.999295800924301147e-01
1.838075369596481323e-01
9.262757748365402222e-02
-1.986508518457412720e-01
-2.175631970167160034e-01
8.205065876245498657e-02
7.091618329286575317e-02
1.587274819612503052e-01
1.604322493076324463e-01
4.281077533960342407e-02
-5.632119625806808472e-02
3.867943286895751953e-01
1.540862023830413818e-01
2.640042603015899658e-01
-2.207364588975906372e-01
3.056523501873016357e-01
-2.443514615297317505e-01
-6.227329373359680176e-02
2.985613048076629639e-02
4.265817105770111084e-01
2.551510035991668701e-01
-1.956047564744949341e-01
-2.808238863945007324e-01
4.717890024185180664e-01
1.697638817131519318e-02
-4.103860855102539062e-01
-1.400952320545911789e-02
2.154127955436706543e-01
-2.214100360870361328e-01
-1.941483020782470703e-01
7.682151347398757935e-02
1.306069195270538330e-01
-2.399463392794132233e-02
6.847255676984786987e-02
4.709223657846450806e-02
-2.065813541412353516e-01
9.418221712112426758e-01
8.060826361179351807e-02
1.103797852993011475e-01
-1.373340636491775513e-01
2.000280097126960754e-02
4.301295876502990723e-01
-2.708250880241394043e-01
-1.981420367956161499e-01
-6.985175609588623047e-02
-7.479101419448852539e-01
1.165296077728271484e+00
-9.100166708230972290e-02
3.572375476360321045e-01
1.884750723838806152e-01
-3.814609721302986145e-02
-1.123447418212890625e-01
-3.255049884319305420e-02
5.649806559085845947e-02
1.988166868686676025e-01
-8.354461193084716797e-02
1.249595522880554199e+00
-7.855281233787536621e-02
4.205918312072753906e-01
6.694485247135162354e-02
-3.982377797365188599e-02
-2.076336741447448730e-01
-7.247103005647659302e-02
-1.665956079959869385e-01
-2.188536375761032104e-01
2.156011909246444702e-01
1.435636281967163086e-01
5.519809201359748840e-02
7.917486876249313354e-02
-3.097118809819221497e-02
-7.547681778669357300e-02
-1.970466226339340210e-02
-1.545157730579376221e-01
-1.719041615724563599e-01
5.022958666086196899e-02
2.361137568950653076e-01
-1.070430874824523926e-01
8.393260091543197632e-02
-9.360402077436447144e-02
4.813982248306274414e-01
1.627449989318847656e-01
1.071046143770217896e-01
1.206134632229804993e-01
4.431520104408264160e-01
2.563705742359161377e-01
-5.286271125078201294e-02
1.593705117702484131e-01
7.723645539954304695e-04
5.211267471313476562e-01
3.919576406478881836e-01
-2.097777575254440308e-01
5.383835732936859131e-02
2.193795591592788696e-01
-3.110075555741786957e-02
1.223348975181579590e-01
1.106363683938980103e-01
-3.334345519542694092e-01
-2.878597192466259003e-02
-1.374010294675827026e-01
-2.359274625778198242e-01
4.818922653794288635e-02
-8.904164284467697144e-02
5.399719998240470886e-02
-2.109023481607437134e-01
2.849993407726287842e-01
4.717887341976165771e-01
-6.553195416927337646e-02
1.553829852491617203e-02
-1.765949726104736328e-01
9.374239295721054077e-02
1.506836414337158203e-01
-1.554163172841072083e-02
2.706672847270965576e-01
1.964347511529922485e-01
3.179217875003814697e-02
1.075558423995971680e+00
2.635857788845896721e-03
-8.937185257673263550e-02
1.205327749252319336e+00
-1.261065602302551270e-01
-1.101483851671218872e-01
-4.552630335092544556e-02
-9.385061264038085938e-02
1.367331147193908691e-01
2.114331722259521484e-01
-2.006126334890723228e-03
1.566960066556930542e-01
2.832880020141601562e-01
-6.972526013851165771e-02
2.710052020847797394e-02
2.229173779487609863e-01
-1.626014560461044312e-01
1.787612885236740112e-01
1.193741112947463989e-01
-2.052166163921356201e-01
-8.879091590642929077e-02
-7.720062136650085449e-02
-9.395144879817962646e-02
7.816971093416213989e-02
-1.164581510238349438e-03
1.915948688983917236e-01
3.169333562254905701e-02
6.978632509708404541e-02
-1.325061768293380737e-01
-1.018413603305816650e-01
-4.242176935076713562e-02
-1.262556761503219604e-01
7.905623912811279297e-01
6.327055394649505615e-02
3.897969797253608704e-02
1.165194883942604065e-01
5.000959709286689758e-02
6.956847310066223145e-01
8.243078589439392090e-01
1.455948650836944580e-01
-4.507911577820777893e-02
2.391580790281295776e-01
1.970679312944412231e-01
6.186729297041893005e-02
1.867558807134628296e-01
-2.233647741377353668e-02
-5.592303816229104996e-03
3.265273571014404297e-01
