-3.349051177501678467e-01
2.972157895565032959e-01
-3.142022490501403809e-01
4.576182737946510315e-02
8.327697515487670898e-01
4.436098337173461914e-01
4.558904096484184265e-02
2.227927595376968384e-01
-3.750012814998626709e-01
1.287943840026855469e+00
8.113891482353210449e-01
3.057082593441009521e-01
-1.792152673006057739e-01
1.896396726369857788e-01
-1.924222856760025024e-01
2.640872001647949219e-01
-1.339525133371353149e-01
2.769676744937896729e-01
3.781265318393707275e-01
4.421903192996978760e-01
1.893906593322753906e-01
4.585274308919906616e-02
4.458380639553070068e-01
5.929994583129882812e-01
2.504754066467285156e-01
7.141553610563278198e-02
-7.111775921657681465e-04
3.166222572326660156e-02
-1.918138377368450165e-02
-2.515099570155143738e-02
-2.250175774097442627e-01
-8.089836686849594116e-03
1.024146601557731628e-01
2.509656250476837158e-01
-6.275944709777832031e-01
-5.184940099716186523e-01
5.332216024398803711e-01
5.297464132308959961e-02
-1.103337034583091736e-01
6.239417195320129395e-02
-3.031334877014160156e-01
4.136429727077484131e-01
-3.192949593067169189e-01
-5.046347975730895996e-01
3.862982988357543945e-01
4.834254384040832520e-01
5.764509439468383789e-01
-8.562072366476058960e-02
2.706341743469238281e-01
-4.777103662490844727e-01
8.026404976844787598e-01
-1.762017607688903809e-01
6.910294294357299805e-01
3.977650776505470276e-02
1.082953095436096191e+00
6.533219814300537109e-01
7.705832719802856445e-01
2.519897222518920898e-01
2.360195070505142212e-01
-5.673162341117858887e-01
