3.530513346195220947e-01
-5.275073647499084473e-02
-2.197487652301788330e-01
-2.585640847682952881e-01
-3.160890340805053711e-01
-1.792904883623123169e-01
-2.602898702025413513e-02
2.549007236957550049e-01
-1.006671547889709473e+00
1.340918242931365967e-02
-4.225074052810668945e-01
-5.293585658073425293e-01
-6.644166111946105957e-01
-1.802755147218704224e-01
8.220450878143310547e-01
2.880268394947052002e-01
-5.935054644942283630e-02
4.490154981613159180e-01
5.870206356048583984e-01
4.400305449962615967e-01
4.011084735393524170e-01
7.133320719003677368e-02
2.067542672157287598e-01
-1.148463636636734009e-01
3.289454877376556396e-01
-4.609405994415283203e-01
7.572848200798034668e-01
-9.240927547216415405e-02
1.349254399538040161e-01
8.122154474258422852e-01
4.983064532279968262e-02
-5.904220938682556152e-01
-2.626947462558746338e-01
-1.019251495599746704e-01
4.948015511035919189e-02
-5.807041004300117493e-02
-1.677892357110977173e-01
3.137484788894653320e-01
3.621684908866882324e-01
-2.817612700164318085e-02
