4.241818487644195557e-01
3.053612820804119110e-02
4.100510776042938232e-01
2.568177938461303711e+00
3.648961484432220459e-01
-3.406238928437232971e-02
3.007901430130004883e+00
-7.251382470130920410e-01
-1.218163967132568359e+00
2.816738367080688477e+00
-3.304022848606109619e-01
-2.723921537399291992e-01
1.105551838874816895e+00
7.511011362075805664e-01
-1.081611394882202148e+00
6.022533178329467773e-01
-5.766476631164550781e+00
-9.495128393173217773e-01
-1.354301214218139648e+00
-1.449969530105590820e+00
-2.031702846288681030e-01
1.431403636932373047e+00
-1.345970988273620605e+00
-1.690019369125366211e+00
1.743932813405990601e-01
2.315953969955444336e+00
8.614389300346374512e-01
-1.732467889785766602e+00
2.882874384522438049e-02
-2.258110523223876953e+00
2.210013628005981445e+00
-3.345230579376220703e+00
1.525694370269775391e+00
-3.737905740737915039e+00
1.971071600914001465e+00
-2.146004676818847656e+00
2.174129724502563477e+00
6.734846830368041992e-01
6.813237071037292480e-01
1.354350209236145020e+00
8.024096488952636719e+00
1.740970462560653687e-01
2.296975374221801758e+00
1.004805326461791992e+00
-9.422566294670104980e-01
-7.299726456403732300e-02
-6.255986690521240234e-01
-1.934812664985656738e+00
-9.020813107490539551e-01
1.791778087615966797e+00
-3.061448574066162109e+00
2.329233646392822266e+00
3.365336060523986816e-01
-9.961503148078918457e-01
2.416329860687255859e+00
4.946103692054748535e-01
-3.038795664906501770e-02
6.799584031105041504e-01
-5.766152739524841309e-01
-1.922773361206054688e+00
4.110422730445861816e-01
3.284167051315307617e-01
2.166433095932006836e+00
3.090037405490875244e-01
-2.298806428909301758e+00
-9.065353870391845703e-01
-1.309913396835327148e+00
-1.143719315528869629e+00
3.514518141746520996e-01
1.913107156753540039e+00
1.054966092109680176e+00
-5.037731528282165527e-01
-2.304176390171051025e-01
1.202304840087890625e+00
1.755699396133422852e+00
6.350839138031005859e-01
1.689284920692443848e+00
4.360255002975463867e-01
1.963776469230651855e+00
2.589915275573730469e+00
2.636825799942016602e+00
9.418911337852478027e-01
-2.884698629379272461e+00
1.096624970436096191e+00
1.220774650573730469e+00
-6.516578793525695801e-01
3.849489450454711914e+00
-2.458339929580688477e+00
-3.680137395858764648e-01
-1.770078659057617188e+00
2.344061613082885742e+00
-1.526078879833221436e-01
-1.734483242034912109e+00
2.380988299846649170e-01
-6.125993132591247559e-01
-3.966623246669769287e-01
2.263431787490844727e+00
1.188274025917053223e+00
-3.827046394348144531e+00
-4.680696427822113037e-01
-4.801754653453826904e-01
8.167839050292968750e-01
1.538004994392395020e+00
-2.847926914691925049e-01
-1.998375535011291504e+00
4.398293495178222656e+00
-5.773273110389709473e-01
-2.559524059295654297e+00
5.470540523529052734e-01
-9.834290742874145508e-01
5.087994337081909180e-01
3.393902182579040527e-01
-1.256534934043884277e+00
-1.547154784202575684e+00
-2.842154026031494141e+00
9.984527528285980225e-02
-1.506026387214660645e+00
8.351754546165466309e-01
-1.066522240638732910e+00
-1.089634060859680176e+00
