-2.716810703277587891e-01
4.018603265285491943e-01
4.801039099693298340e-01
-6.761562228202819824e-01
6.059432402253150940e-03
4.065794944763183594e-01
-5.774712562561035156e-01
1.358423178317025304e-04
3.039415925741195679e-02
-3.826213479042053223e-01
-3.479313552379608154e-01
-1.937915086746215820e-01
1.448066979646682739e-01
-9.913553297519683838e-02
3.491560220718383789e-01
8.421610295772552490e-02
-9.264010190963745117e-01
-6.212521791458129883e-01
1.065395101904869080e-01
-1.335672140121459961e-01
-5.987231135368347168e-01
-2.653257548809051514e-01
-7.115143537521362305e-01
-4.121691584587097168e-01
2.815410494804382324e-01
3.150400519371032715e-01
5.213184356689453125e-01
-4.524055719375610352e-01
1.549850851297378540e-01
-9.100208282470703125e-01
-4.424832463264465332e-01
-1.641554594039916992e+00
6.018011569976806641e-01
2.113708406686782837e-01
1.337000429630279541e-01
1.235418096184730530e-01
5.312228202819824219e-01
-2.205342054367065430e-01
-1.168355703353881836e+00
-3.911776244640350342e-01
-5.322424322366714478e-02
-3.025307655334472656e-01
-8.138196170330047607e-02
-2.538073062896728516e-02
5.258232951164245605e-01
-4.016472697257995605e-01
-2.655982375144958496e-01
1.607349887490272522e-02
-7.794926762580871582e-01
-2.615453898906707764e-01
-5.824578404426574707e-01
-5.580107495188713074e-02
-1.822854727506637573e-01
-5.692889690399169922e-01
-1.763564050197601318e-01
1.375844836235046387e+00
-3.101434409618377686e-01
1.137284636497497559e+00
1.550372242927551270e-01
-4.276555180549621582e-01
-2.651924192905426025e-01
-1.164912343025207520e+00
3.197858482599258423e-02
-6.937624216079711914e-01
-7.535626739263534546e-02
-2.773810923099517822e-01
-1.298237442970275879e-01
-6.909185051918029785e-01
3.894393146038055420e-01
-3.979495465755462646e-01
-1.243282631039619446e-01
-1.103778123855590820e+00
-6.496427655220031738e-01
7.799215614795684814e-02
1.764236390590667725e-01
-2.079374343156814575e-02
-2.206719219684600830e-01
-3.318259716033935547e-01
8.141567558050155640e-02
7.816682457923889160e-01
1.018422484397888184e+00
-4.077237248420715332e-01
-2.463772892951965332e-01
8.653321862220764160e-02
4.494387209415435791e-01
1.056441962718963623e-01
-1.932073533535003662e-01
-3.142020404338836670e-01
-4.358311891555786133e-01
5.858027935028076172e-01
2.904626429080963135e-01
5.352075770497322083e-02
1.174821853637695312e+00
-5.693148374557495117e-01
-3.201410174369812012e-01
1.901647299528121948e-01
5.443755388259887695e-01
-9.384489059448242188e-01
1.066478341817855835e-02
-6.256279349327087402e-01
