-6.398152709007263184e-01
5.452428460121154785e-01
4.463282227516174316e-01
-3.667299151420593262e-01
-4.682334959506988525e-01
-3.306155502796173096e-01
-1.568723171949386597e-01
-4.251625835895538330e-01
-6.778015494346618652e-01
-2.485363185405731201e-01
8.052670955657958984e-02
-6.140369772911071777e-01
7.908065915107727051e-01
-6.335827112197875977e-01
2.144949436187744141e-01
2.164627313613891602e-01
-3.475537896156311035e-01
2.148021012544631958e-01
-5.210785195231437683e-02
-2.555256150662899017e-02
-2.880951017141342163e-02
-3.465128839015960693e-01
5.423336625099182129e-01
-1.454877108335494995e-01
-2.133317142724990845e-01
-5.775361061096191406e-01
-3.593479096889495850e-01
4.763798713684082031e-01
1.021828949451446533e-01
-3.095650374889373779e-01
1.798462271690368652e-01
-8.702357113361358643e-02
8.501709103584289551e-01
-1.202840805053710938e+00
-3.416027426719665527e-01
-9.557682275772094727e-02
1.031434983015060425e-01
5.499460175633430481e-02
7.329534888267517090e-01
1.454625725746154785e-01
2.342206537723541260e-01
-2.576685547828674316e-01
2.877538800239562988e-01
1.192553117871284485e-01
-4.579688310623168945e-01
-1.513164043426513672e-01
1.311999857425689697e-01
-1.495078653097152710e-01
-6.025246381759643555e-01
-1.161278605461120605e+00
3.260080516338348389e-02
1.942266337573528290e-02
4.493038952350616455e-01
-4.169738590717315674e-01
-2.199101597070693970e-01
-2.845519483089447021e-01
2.669824473559856415e-02
-1.477410197257995605e-01
-1.989966034889221191e-01
4.772231280803680420e-01
3.954567909240722656e-01
1.737818866968154907e-01
-2.240673750638961792e-01
-8.127651363611221313e-02
-2.631729282438755035e-02
-8.433371782302856445e-01
-7.092938423156738281e-01
-3.426374793052673340e-01
-3.927405774593353271e-01
-6.477972865104675293e-01
-6.234955787658691406e-02
-2.258859425783157349e-01
5.367438793182373047e-01
-2.873330712318420410e-01
3.915346786379814148e-02
-1.111294478178024292e-01
-2.731795012950897217e-01
-8.380153179168701172e-01
-2.850567400455474854e-01
-7.369664907455444336e-01
