1.798600107431411743e-01
-8.504842519760131836e-01
-2.564797699451446533e-01
-1.277414262294769287e-01
-7.174039483070373535e-01
-1.105569899082183838e-01
-1.257882546633481979e-02
-2.712002955377101898e-03
3.833766579627990723e-01
-1.010813593864440918e+00
4.424185156822204590e-01
1.306570917367935181e-01
1.867849677801132202e-01
-1.303361505270004272e-01
-5.582435727119445801e-01
4.669950529932975769e-02
-1.984443366527557373e-01
-4.685581624507904053e-01
-5.271470174193382263e-02
5.827408656477928162e-02
