2.283196896314620972e-01 -1.625638753175735474e-01 5.048878192901611328e-01 -1.255557984113693237e-01 -8.084807991981506348e-01 7.095988094806671143e-02 1.775771751999855042e-02 1.451294273138046265e-01 1.449504494667053223e-02 1.929738745093345642e-02 -2.400024328380823135e-03 -2.316212840378284454e-02 8.309222757816314697e-02
3.609630465507507324e-02 1.254431158304214478e-01 -5.612245798110961914e-01 -9.343259334564208984e-01 7.754623293876647949e-01 -3.858005702495574951e-01 4.359447062015533447e-01 1.315854042768478394e-01 -9.745663846842944622e-04 4.430905357003211975e-02 2.085374481976032257e-02 -4.931178875267505646e-03 -3.915926069021224976e-02
-1.155987475067377090e-02 8.672705292701721191e-02 -1.110366545617580414e-02 7.115609049797058105e-01 7.154494524002075195e-01 -1.015731215476989746e+00 6.118329614400863647e-02 -1.384564340114593506e-01 -8.504192344844341278e-03 8.368985727429389954e-03 -1.575356908142566681e-02 1.702636014670133591e-03 5.892919749021530151e-02
-7.933394517749547958e-04 -3.668705374002456665e-02 8.416784554719924927e-02 -7.062181234359741211e-01 -1.032991409301757812e+00 -3.458704650402069092e-01 -7.161772847175598145e-01 2.475177794694900513e-01 1.718963379971683025e-03 -7.898129522800445557e-03 -1.878563128411769867e-02 3.279370069503784180e-02 5.644771829247474670e-02
2.328924089670181274e-02 -1.029902696609497070e-01 9.539771825075149536e-02 8.258290290832519531e-01 -9.702392816543579102e-01 4.678506404161453247e-02 -8.530818819999694824e-01 1.555431783199310303e-01 7.233215495944023132e-03 -1.246850192546844482e-02 4.274163395166397095e-03 1.745978184044361115e-02 -2.585225040093064308e-03
-3.887056559324264526e-02 1.099850386381149292e-01 4.024558234959840775e-03 -6.809344887733459473e-01 9.276825785636901855e-01 4.500436782836914062e-01 -2.091175466775894165e-01 -4.614764750003814697e-01 -1.226399186998605728e-02 -1.830758154392242432e-02 1.176869962364435196e-02 1.352311018854379654e-02 -5.131069570779800415e-02
-1.052045263350009918e-03 -6.498821824789047241e-02 -8.198452740907669067e-02 -6.911500543355941772e-02 4.132083803415298462e-02 7.895752042531967163e-02 2.572268620133399963e-02 -1.317175626754760742e+00 2.624084055423736572e-01 -6.279757618904113770e-02 1.280209869146347046e-01 -7.336454465985298157e-03 -4.069043323397636414e-02
-4.163496941328048706e-02 9.700385853648185730e-03 -4.050732776522636414e-02 5.108671635389328003e-02 -6.197854131460189819e-02 3.592128753662109375e-01 -3.895763158798217773e-01 3.679884225130081177e-02 -8.591026067733764648e-02 -4.348582029342651367e-01 -2.406295239925384521e-01 -2.402726933360099792e-02 -1.073116157203912735e-02
5.173373222351074219e-02 9.760333597660064697e-02 -1.063350704498589039e-03 5.702413916587829590e-01 4.344128537923097610e-03 -6.049613952636718750e-01 -6.679593324661254883e-01 -1.954659372568130493e-01 -2.660461328923702240e-02 -1.786018759012222290e-01 3.721868619322776794e-02 -2.219917811453342438e-02 -5.464359372854232788e-02
-1.597118191421031952e-02 1.361986808478832245e-02 3.033363632857799530e-02 -5.000349134206771851e-03 -4.564063623547554016e-03 2.012575790286064148e-02 -3.734602592885494232e-03 -2.100352756679058075e-02 1.033714413642883301e+00 8.135955929756164551e-01 7.210316061973571777e-01 -7.913108565844595432e-04 7.725112140178680420e-03
-1.403267378918826580e-03 6.895606871694326401e-03 6.517080962657928467e-02 -2.721951007843017578e-01 -1.207514166831970215e+00 -4.882022738456726074e-01 -6.045253202319145203e-02 -2.426528781652450562e-01 7.611284963786602020e-03 -2.334902994334697723e-02 -6.679514423012733459e-03 1.454585045576095581e-02 6.654674652963876724e-03
1.063938252627849579e-03 -2.193578705191612244e-02 1.371496170759201050e-02 -2.952338457107543945e-01 -7.373847067356109619e-02 -2.331636846065521240e-01 4.480731859803199768e-02 -1.797906607389450073e-01 -3.894523251801729202e-03 -3.015403402969241142e-03 2.365538850426673889e-03 5.126366615295410156e-01 -9.333203434944152832e-01
-2.410043729469180107e-03 -5.358627438545227051e-02 2.998691424727439880e-02 2.462918870151042938e-02 -1.373812090605497360e-02 -2.810779213905334473e-02 -1.368802879005670547e-02 -6.735765188932418823e-02 -4.351680353283882141e-02 5.563138127326965332e-01 9.021225571632385254e-01 4.500799812376499176e-03 -7.822581566870212555e-03
-3.900100886821746826e-01 3.900614678859710693e-01 -6.253237724304199219e-01 -4.883465170860290527e-02 -9.898806810379028320e-01 -1.332245916128158569e-01 -1.166652441024780273e+00 -3.502097129821777344e-01 1.460767723619937897e-02 -1.508404267951846123e-03 4.683084262069314718e-04 -8.744394406676292419e-03 2.637256309390068054e-02
-2.570527791976928711e-01 2.005875259637832642e-01 -2.288855463266372681e-01 -5.060093998908996582e-01 -3.871855139732360840e-01 6.561366915702819824e-01 -3.190626502037048340e-01 7.753917574882507324e-01 1.197371166199445724e-02 -1.981592178344726562e-02 1.312623266130685806e-02 -2.736245654523372650e-02 -8.500431664288043976e-03
-7.963401265442371368e-03 -3.791025653481483459e-02 1.622201316058635712e-02 -2.667538076639175415e-02 8.026970550417900085e-03 1.058799698948860168e-01 1.802857266739010811e-03 -2.727939002215862274e-02 -9.653204083442687988e-01 2.518028616905212402e-01 8.757452368736267090e-01 -4.732112865895032883e-03 7.063478697091341019e-03
-1.569065148942172527e-03 -2.231247350573539734e-02 -6.665002554655075073e-02 -2.230129390954971313e-01 1.621996760368347168e-01 2.977546215057373047e+00 -9.229579567909240723e-02 4.969611167907714844e-01 1.556617673486471176e-03 -2.407640404999256134e-02 2.029794454574584961e-02 -6.165018770843744278e-03 -1.418508403003215790e-02
4.498512670397758484e-02 -1.314409822225570679e-01 3.151011094450950623e-02 3.164297640323638916e-01 4.998583793640136719e-01 -4.348916560411453247e-02 -4.921073019504547119e-01 3.515780866146087646e-01 -2.261781832203269005e-03 3.497900813817977905e-02 -3.339101746678352356e-02 4.693478345870971680e-02 2.521616220474243164e-01
6.494458764791488647e-03 -1.988846361637115479e-01 7.221741974353790283e-02 -2.773274183273315430e-01 8.668900132179260254e-01 -6.976863145828247070e-01 -5.908030644059181213e-02 6.435214281082153320e-01 1.601289492100477219e-03 1.624851673841476440e-02 -1.934078708291053772e-02 -1.617744006216526031e-02 2.884919755160808563e-02
-1.239756122231483459e-01 1.150946691632270813e-01 -3.886633217334747314e-01 4.179391860961914062e-01 3.865355253219604492e-01 1.565788835287094116e-01 4.527194797992706299e-01 8.327639698982238770e-01 -1.529842149466276169e-02 -3.094583051279187202e-03 6.736887991428375244e-02 1.324179116636514664e-02 1.161917597055435181e-01
-2.432160452008247375e-02 -7.066215574741363525e-02 -4.245698451995849609e-02 6.133058108389377594e-03 -6.018452644348144531e-01 7.225205004215240479e-02 6.047633290290832520e-02 3.835632801055908203e-01 -1.396177336573600769e-02 2.861001703422516584e-04 -5.148152634501457214e-02 1.013827025890350342e-01 -9.713987708091735840e-01
-1.647555036470293999e-03 3.036102978512644768e-03 3.087451308965682983e-02 1.930662663653492928e-03 -1.545172184705734253e-02 1.108277309685945511e-02 -1.201176550239324570e-02 1.276621818542480469e-01 9.737324118614196777e-01 3.242821693420410156e-01 -8.069481253623962402e-01 -6.547307129949331284e-03 -1.153473835438489914e-02
8.878622204065322876e-03 5.492598563432693481e-02 -7.605593651533126831e-02 5.012270212173461914e-01 -1.570280045270919800e-01 -1.153134107589721680e+00 -8.862302303314208984e-01 2.009032666683197021e-01 5.632543005049228668e-03 2.046917751431465149e-02 -3.117023594677448273e-02 -8.789151324890553951e-04 3.532296791672706604e-02
-4.268721211701631546e-03 5.893472209572792053e-02 -3.179663792252540588e-02 7.706367969512939453e-01 9.545980691909790039e-01 4.985253512859344482e-01 4.862906634807586670e-01 1.416186690330505371e-01 -4.323644563555717468e-03 -1.415130216628313065e-02 3.612943738698959351e-02 -4.012974910438060760e-03 -2.593965828418731689e-02
-1.939321681857109070e-02 5.107043776661157608e-03 -2.258596569299697876e-02 -4.424154162406921387e-01 4.499593377113342285e-01 -1.168991439044475555e-02 3.048234581947326660e-01 8.670507371425628662e-02 3.100708359852433205e-03 9.501130320131778717e-03 1.598594244569540024e-04 9.475541710853576660e-01 8.619207739830017090e-01
-1.892394013702869415e-02 -1.756571792066097260e-02 1.560492906719446182e-02 4.304616153240203857e-02 -2.178604900836944580e-02 2.557174069806933403e-03 4.979486693628132343e-04 -1.073639765381813049e-01 1.155739903450012207e+00 -6.824886798858642578e-01 9.001976251602172852e-01 8.733074064366519451e-04 2.151943556964397430e-02
-4.757070448249578476e-03 -2.844849415123462677e-02 -1.006290093064308167e-01 7.559503614902496338e-02 -7.934961467981338501e-02 4.661526978015899658e-01 -5.703508853912353516e-01 7.500994950532913208e-02 9.801709093153476715e-03 -6.018304228782653809e-01 -2.343929558992385864e-01 2.021751424763351679e-05 -8.462127298116683960e-03
2.161952108144760132e-02 -3.104170598089694977e-02 6.726356595754623413e-02 -1.825011968612670898e+00 9.603318572044372559e-02 1.917758733034133911e-01 2.298113889992237091e-02 2.780011594295501709e-01 -4.492462147027254105e-03 8.487180806696414948e-03 1.622695103287696838e-02 -1.040360610932111740e-02 -3.163917735219001770e-02
-5.684684030711650848e-03 2.243415266275405884e-02 2.832446806132793427e-02 2.226207219064235687e-02 -2.166956849396228790e-02 4.930331837385892868e-03 -9.616646915674209595e-03 6.259850412607192993e-02 9.211847186088562012e-01 6.865845918655395508e-01 6.984327435493469238e-01 -4.092386458069086075e-03 -1.405457779765129089e-02
1.465333346277475357e-02 -4.675638861954212189e-03 6.096090655773878098e-03 -5.818311870098114014e-02 9.166489243507385254e-01 1.321452260017395020e-01 8.291367292404174805e-01 -1.953828185796737671e-01 -1.023947959765791893e-03 -9.522051550447940826e-03 -6.304913666099309921e-03 3.761855661869049072e-01 9.470517635345458984e-01
-4.387078341096639633e-03 -8.286668919026851654e-03 -1.024729758501052856e-02 3.275736793875694275e-02 -2.992364577949047089e-02 -1.172767765820026398e-02 -1.099980995059013367e-02 -4.210156947374343872e-02 1.089091181755065918e+00 -8.320164084434509277e-01 -5.109316706657409668e-01 -1.437186496332287788e-03 -1.222679740749299526e-03
-1.368999830447137356e-03 -1.299420651048421860e-02 7.976489141583442688e-03 -2.224562689661979675e-02 3.417280688881874084e-02 2.512370049953460693e-01 -1.806889660656452179e-02 1.238438487052917480e+00 1.483443751931190491e-02 -1.076846122741699219e+00 3.308023512363433838e-01 4.519214387983083725e-03 8.282450959086418152e-03
4.876232892274856567e-02 -1.414228528738021851e-01 1.644321233034133911e-01 -4.338741898536682129e-01 1.033318877220153809e+00 1.119618773460388184e+00 5.694426596164703369e-02 -4.097757041454315186e-01 -5.804372485727071762e-03 3.153091669082641602e-02 7.881814613938331604e-03 -9.944808669388294220e-03 -6.106515880674123764e-03
1.013828217983245850e-01 -2.029138058423995972e-01 -4.657084941864013672e-01 -3.827563524246215820e-01 -9.962732903659343719e-03 -1.098727285861968994e-01 1.717792451381683350e-02 1.638517379760742188e+00 -1.448366045951843262e-02 -5.145528912544250488e-02 2.511547505855560303e-02 -4.744439385831356049e-03 1.186839397996664047e-02
-2.892198972404003143e-02 5.725476518273353577e-02 -1.861273497343063354e-01 -3.959522247314453125e-01 -7.028888463973999023e-01 -5.408487915992736816e-01 5.823465809226036072e-02 -8.367858529090881348e-01 6.047635804861783981e-03 -5.833826027810573578e-03 -1.898151263594627380e-02 -5.245162639766931534e-03 1.312651783227920532e-01
-1.735562644898891449e-02 -1.878037117421627045e-02 4.006166383624076843e-02 2.531985044479370117e-01 1.420193910598754883e-01 -6.542797088623046875e-01 9.445608258247375488e-01 -4.575854167342185974e-02 -2.097786171361804008e-03 -5.427129566669464111e-03 1.889146864414215088e-02 -9.190545417368412018e-03 -1.132082659751176834e-02
2.918707905337214470e-04 9.726749733090400696e-03 -2.214962802827358246e-02 1.665776036679744720e-02 9.980322793126106262e-04 5.165015347301959991e-03 -7.750489749014377594e-03 2.903989851474761963e-01 8.317550420761108398e-01 -2.645586989820003510e-02 8.803592920303344727e-01 -1.928719808347523212e-03 -6.448986474424600601e-03
2.295245602726936340e-02 1.856765523552894592e-02 -1.921578869223594666e-02 2.038694359362125397e-02 2.429336123168468475e-02 6.948166061192750931e-03 1.585925184190273285e-02 -2.655351459980010986e-01 -6.700892448425292969e-01 6.662935763597488403e-02 -6.731652617454528809e-01 1.493631047196686268e-03 1.283200550824403763e-02
-6.135396193712949753e-03 -2.158519253134727478e-02 1.119979005306959152e-02 5.612320080399513245e-02 1.430656574666500092e-02 -6.233863532543182373e-02 1.949772983789443970e-02 -5.814727544784545898e-01 4.254178330302238464e-02 5.459815263748168945e-01 6.664974093437194824e-01 6.244490941753610969e-05 -6.166876293718814850e-03
2.505247108638286591e-02 8.602940477430820465e-03 -3.481551632285118103e-02 -2.367783784866333008e-01 2.171050906181335449e-01 -4.764778539538383484e-02 2.882556021213531494e-01 -7.250192165374755859e-01 -5.343683063983917236e-02 -6.116136312484741211e-01 -5.906540900468826294e-03 -5.890120519325137138e-04 -6.116850301623344421e-02
2.514411322772502899e-02 9.079357609152793884e-03 -5.467905104160308838e-02 5.363053642213344574e-03 5.086615681648254395e-02 1.665171422064304352e-02 8.116242475807666779e-03 -3.193810224533081055e+00 -1.495976652950048447e-02 4.638532176613807678e-02 -5.987587198615074158e-02 -1.016459055244922638e-02 -7.876515388488769531e-02
5.919251125305891037e-04 1.217934023588895798e-02 5.685360170900821686e-03 -4.421751797199249268e-01 9.809946268796920776e-02 7.924042642116546631e-02 8.074304088950157166e-03 8.582399040460586548e-02 -1.892251428216695786e-03 -1.063277386128902435e-02 -2.339663624297827482e-04 8.187226057052612305e-01 7.817032337188720703e-01
1.775097474455833435e-02 -1.361370645463466644e-02 7.300903671421110630e-04 -2.322559617459774017e-02 1.599244028329849243e-02 -1.085042860358953476e-02 -2.007330022752285004e-02 -3.512007296085357666e-01 -9.918746352195739746e-01 -8.377054333686828613e-01 7.319748401641845703e-01 2.322775777429342270e-03 7.361329626291990280e-03
2.988969720900058746e-02 4.061789810657501221e-02 -1.951058767735958099e-02 7.430312037467956543e-01 -9.101936221122741699e-01 4.960176944732666016e-01 -8.326900750398635864e-02 1.176677644252777100e-01 3.630682360380887985e-03 -2.018771320581436157e-02 2.834196202456951141e-03 5.296601913869380951e-03 4.283170402050018311e-02
2.945178747177124023e-02 1.243394389748573303e-01 -1.566452085971832275e-01 -7.776827365159988403e-02 2.905850112438201904e-01 -2.056892514228820801e-01 1.463761366903781891e-02 3.560246825218200684e-01 -1.445940583944320679e-01 -2.425059676170349121e-01 1.024725660681724548e-01 -1.115847285836935043e-02 -4.611683636903762817e-02
-1.146003883332014084e-02 -1.149154920130968094e-02 1.247251331806182861e-01 -4.638240933418273926e-01 1.475714564323425293e+00 -2.019576728343963623e-01 1.295373558998107910e+00 6.515915393829345703e-01 -2.344410400837659836e-03 -1.482076197862625122e-02 3.055843897163867950e-02 -8.076960220932960510e-03 6.600713822990655899e-03
1.064312756061553955e-01 -2.139075100421905518e-01 -2.203261293470859528e-02 3.833492100238800049e-01 5.952353030443191528e-02 -3.461062312126159668e-01 3.153913915157318115e-01 1.387994438409805298e-01 7.066388428211212158e-02 -3.484328389167785645e-01 4.337475299835205078e-01 -8.371876552700996399e-03 -2.574423700571060181e-02
1.443562190979719162e-02 1.959169656038284302e-02 -3.308956697583198547e-02 -2.562240660190582275e-01 -1.798006445169448853e-01 3.190475404262542725e-01 1.112351536750793457e+00 -2.076117247343063354e-01 -1.231530494987964630e-02 5.277241580188274384e-03 3.145669028162956238e-02 1.619385741651058197e-02 -1.318997703492641449e-02
-3.001336380839347839e-02 1.673627793788909912e-01 -3.845662176609039307e-01 7.200968861579895020e-01 2.362608015537261963e-01 -2.272691875696182251e-01 -1.018562316894531250e-01 3.543051779270172119e-01 4.865151271224021912e-02 -2.207773178815841675e-01 -6.444440037012100220e-02 -5.951057374477386475e-02 2.809510938823223114e-02
-6.248564645648002625e-02 3.919995129108428955e-01 1.172230541706085205e-01 -1.877343952655792236e-01 -1.262736469507217407e-01 -1.433614920824766159e-02 -2.409867644309997559e-01 -8.272690176963806152e-01 6.443718075752258301e-02 3.101154975593090057e-02 -6.205407436937093735e-03 -1.041074171662330627e-01 -1.594478040933609009e-01
2.016606181859970093e-02 5.776807293295860291e-02 -3.168128728866577148e-01 -2.298450469970703125e-01 -2.637924551963806152e-01 7.182123661041259766e-01 6.493607908487319946e-02 1.567012548446655273e+00 4.571310710161924362e-03 7.924945093691349030e-03 2.799829654395580292e-02 -1.296891085803508759e-02 3.235079348087310791e-02
-2.669462189078330994e-02 1.902804896235466003e-02 2.275573089718818665e-02 3.784965351223945618e-02 -1.701675355434417725e-02 -1.710920967161655426e-02 -3.367098420858383179e-02 -3.645220100879669189e-01 -3.412743657827377319e-02 -1.248181700706481934e+00 2.025535553693771362e-01 -8.057885803282260895e-03 1.525236945599317551e-02
6.208179518580436707e-02 -1.308619618415832520e+00 -7.120659351348876953e-01 -2.165581583976745605e-01 1.103256106376647949e+00 -1.853012591600418091e-01 9.044331312179565430e-01 -3.305638134479522705e-01 1.675677718594670296e-03 -6.868883501738309860e-03 1.048424397595226765e-03 3.385633463039994240e-03 5.481199547648429871e-02
1.770229777321219444e-03 2.253285422921180725e-02 -7.450152188539505005e-03 -2.026178874075412750e-02 -4.141731187701225281e-04 1.673019677400588989e-02 -9.761996567249298096e-03 3.879889473319053650e-02 -2.667306736111640930e-02 -3.891328275203704834e-01 1.077310562133789062e+00 -1.162330154329538345e-03 -4.606640432029962540e-04
8.302460610866546631e-02 1.762380152940750122e-01 -1.103712394833564758e-01 -1.835538446903228760e-01 2.020977288484573364e-01 5.351998284459114075e-02 1.757767647504806519e-01 -1.460158228874206543e+00 1.010334305465221405e-02 7.441247999668121338e-02 1.309989113360643387e-02 -2.458191104233264923e-02 -3.741602599620819092e-02
-2.752731442451477051e-01 -5.855030193924903870e-02 -5.910448431968688965e-01 2.450994998216629028e-01 9.555883407592773438e-01 -3.687605559825897217e-01 8.220830559730529785e-01 -4.385701417922973633e-01 -6.125131156295537949e-03 5.015564616769552231e-03 -3.824279876425862312e-03 1.016097236424684525e-02 7.690239697694778442e-02
1.152243614196777344e+00 8.417640924453735352e-01 -4.589121788740158081e-02 2.640757858753204346e-01 -9.459002614021301270e-01 2.079666405916213989e-01 -8.478638529777526855e-01 3.027348220348358154e-01 4.785341676324605942e-03 -1.609832979738712311e-03 2.886087819933891296e-02 6.241684779524803162e-03 -7.088651508092880249e-02
-4.139557108283042908e-02 -7.738468796014785767e-02 1.435528248548507690e-01 -1.277395933866500854e-01 -3.569240570068359375e-01 -6.471003293991088867e-01 1.180764883756637573e-01 1.935528367757797241e-01 -8.355455473065376282e-03 2.909500524401664734e-02 1.797336153686046600e-02 4.978597164154052734e-01 -7.781919836997985840e-01
2.921637594699859619e-01 -7.688530683517456055e-01 9.104917198419570923e-02 1.005024611949920654e-01 6.367071866989135742e-01 -7.409027218818664551e-02 5.592228770256042480e-01 5.552042722702026367e-01 3.470502328127622604e-03 -4.155907779932022095e-03 7.180407410487532616e-04 1.461681164801120758e-02 -3.315567970275878906e-02
-1.410161405801773071e-01 1.774195730686187744e-01 4.850126206874847412e-01 -1.058038949966430664e+00 5.435617268085479736e-02 -9.586349874734878540e-02 1.998953521251678467e-01 8.528305292129516602e-01 6.221269723027944565e-03 -1.516541559249162674e-02 1.697946153581142426e-02 1.610981300473213196e-02 -4.620106145739555359e-02
-1.239205128513276577e-03 -1.228370070457458496e-01 -7.962732017040252686e-02 7.399858236312866211e-01 -5.306540131568908691e-01 9.143925309181213379e-01 6.021060347557067871e-01 -3.228958547115325928e-01 -1.356786396354436874e-02 -7.472834549844264984e-03 1.722139492630958557e-02 -4.944266402162611485e-04 2.918758243322372437e-02
1.939877634868025780e-03 4.306803166400641203e-04 -2.261827886104583740e-02 3.455308079719543457e-02 -1.751058921217918396e-02 8.496912196278572083e-03 -5.529055837541818619e-03 1.268602013587951660e-01 1.019529938697814941e+00 6.997149586677551270e-01 -8.562188744544982910e-01 6.105121690779924393e-03 -1.377595588564872742e-02
2.476179413497447968e-02 1.478250778745859861e-04 1.558542065322399139e-02 -4.140511527657508850e-02 -4.072290379554033279e-03 -1.156238652765750885e-02 -1.561043784022331238e-02 4.482325315475463867e-01 -7.819951772689819336e-01 6.060339212417602539e-01 -6.410042643547058105e-01 -1.660890877246856689e-03 -5.946180899627506733e-04
-2.388290688395500183e-02 6.042505800724029541e-02 7.238490134477615356e-02 7.740917056798934937e-02 -5.585054308176040649e-02 -4.779406487941741943e-01 -2.327731251716613770e-02 -2.722914218902587891e-01 6.450894288718700409e-03 8.319619894027709961e-01 -1.248467937111854553e-01 8.850385434925556183e-03 -3.560474887490272522e-02
3.336834022775292397e-03 3.122939541935920715e-02 -3.970595076680183411e-02 -9.085567295551300049e-02 8.861747384071350098e-02 1.085041612386703491e-01 3.150536417961120605e-01 8.208441138267517090e-01 -1.627659946680068970e-01 1.151003912091255188e-01 1.758792102336883545e-01 -3.678641514852643013e-03 -2.155527658760547638e-02
-1.735997502692043781e-04 -1.110493857413530350e-02 3.997247200459241867e-03 2.337463013827800751e-02 -1.558706350624561310e-02 2.073215786367654800e-03 -9.775494225323200226e-03 1.457611173391342163e-01 8.372030854225158691e-01 -7.961688637733459473e-01 5.613062977790832520e-01 -2.156543079763650894e-03 3.368573030456900597e-03
5.063081160187721252e-02 5.421733111143112183e-02 -5.055059492588043213e-02 9.755850583314895630e-02 -7.961423695087432861e-02 -1.574876606464385986e-01 -2.677156925201416016e-01 6.515522003173828125e-01 5.825352296233177185e-02 -6.373602151870727539e-01 -1.915234178304672241e-01 -1.969114132225513458e-02 -2.267641574144363403e-02
-1.056689582765102386e-02 -1.605203747749328613e-02 5.152193829417228699e-02 5.638029426336288452e-02 1.273351628333330154e-02 -3.040749579668045044e-02 -9.650619700551033020e-03 9.026129841804504395e-01 5.075173452496528625e-02 -8.808332085609436035e-01 3.111045956611633301e-01 1.087761111557483673e-02 -9.755208157002925873e-03
-5.390615761280059814e-02 7.283498346805572510e-02 9.132920205593109131e-02 3.146449849009513855e-02 -8.771067112684249878e-02 1.086518645286560059e+00 1.117693901062011719e+00 6.468879524618387222e-03 -3.821915248408913612e-03 -4.316269885748624802e-03 1.319493912160396576e-02 7.295721676200628281e-03 -3.311996161937713623e-02
-1.947459182702004910e-03 3.258878737688064575e-02 -2.936820127069950104e-02 -4.423644393682479858e-02 3.316160000395029783e-04 6.832572072744369507e-02 1.357207167893648148e-02 -4.357135668396949768e-02 -1.177125889807939529e-02 1.603760600090026855e+00 -1.168544441461563110e-01 -6.733736023306846619e-03 1.600474677979946136e-02
-1.326822116971015930e-02 1.115209981799125671e-02 1.201132778078317642e-02 -1.666637137532234192e-02 -1.258789189159870148e-02 2.222850173711776733e-02 -6.016741972416639328e-03 4.044023156166076660e-01 -9.855257272720336914e-01 -8.696920871734619141e-01 -3.655184805393218994e-01 -8.838186971843242645e-03 -2.909750305116176605e-02
4.048036877065896988e-03 -7.052613422274589539e-03 1.024438417516648769e-03 -2.065675519406795502e-02 1.537666842341423035e-02 -1.285793352872133255e-02 7.551265880465507507e-03 -4.981261491775512695e-02 -9.223102927207946777e-01 7.602494955062866211e-01 -6.700885295867919922e-01 -1.324282144196331501e-03 4.827966913580894470e-04
4.059958457946777344e-02 -1.026285588741302490e-01 -5.052613839507102966e-02 -5.347589850425720215e-01 -4.438047707080841064e-01 1.875945776700973511e-01 4.599717557430267334e-01 1.610366404056549072e-01 -4.838631022721529007e-03 2.354316413402557373e-02 2.175848186016082764e-02 3.841008245944976807e-02 1.250662803649902344e-01
2.579108579084277153e-03 -5.159003138542175293e-01 -1.831940859556198120e-01 -3.596753478050231934e-01 -7.562623918056488037e-02 1.370045542716979980e-01 -2.290884777903556824e-02 -1.024668216705322266e+00 1.581148803234100342e-02 5.606179311871528625e-02 5.056377872824668884e-02 4.474581684917211533e-03 1.773789525032043457e-02
2.643425390124320984e-02 3.105357103049755096e-02 -1.830262392759323120e-01 -4.137220382690429688e-01 7.620880007743835449e-02 6.013792753219604492e-01 5.782636404037475586e-01 -1.298684179782867432e-01 -4.684446007013320923e-02 -2.604777514934539795e-01 2.705504596233367920e-01 -1.486942917108535767e-02 4.990245215594768524e-03
-4.163018241524696350e-02 4.384784772992134094e-02 1.404027733951807022e-02 5.115067213773727417e-02 1.589883863925933838e-02 1.621438711881637573e-01 1.809316873550415039e-02 3.994509577751159668e-02 9.390493035316467285e-01 -6.127427220344543457e-01 -7.689769268035888672e-01 -9.176323655992746353e-04 1.741061359643936157e-02
-6.918967701494693756e-03 2.974915131926536560e-02 6.535898894071578979e-02 -2.112126350402832031e-02 1.685998402535915375e-02 9.828695096075534821e-03 2.669704379513859749e-03 -7.642802596092224121e-01 -2.046829909086227417e-01 -3.194240331649780273e-01 -8.237905502319335938e-01 4.938722588121891022e-03 -1.344761345535516739e-02
2.452705428004264832e-02 -1.492073643021285534e-03 2.282584086060523987e-02 1.781718060374259949e-02 2.768013812601566315e-02 -2.206433936953544617e-02 3.855131193995475769e-02 5.816911458969116211e-01 -5.115771889686584473e-01 -7.226892709732055664e-01 -6.226532161235809326e-02 6.755903363227844238e-03 -6.429416593164205551e-03
2.847386524081230164e-02 2.679461427032947540e-02 9.605821222066879272e-02 -2.448564581573009491e-02 1.406441330909729004e-01 9.191812872886657715e-01 -5.784875154495239258e-01 -8.630346059799194336e-01 1.970360288396477699e-03 -5.371750518679618835e-02 -6.984493881464004517e-02 4.900308325886726379e-03 -8.434665389358997345e-03
4.143345868214964867e-04 -3.512029349803924561e-02 -6.318517029285430908e-02 -6.164598837494850159e-02 1.869409531354904175e-02 1.506326943635940552e-01 -6.404284387826919556e-03 -9.536550641059875488e-01 -4.576621577143669128e-02 1.097028732299804688e+00 -2.830793261528015137e-01 -6.745826685801148415e-04 3.046485222876071930e-02
9.133012592792510986e-02 -8.538223057985305786e-02 1.194568723440170288e-02 3.301284611225128174e-01 -2.262680083513259888e-01 7.640878111124038696e-02 1.005940318107604980e+00 -2.758366465568542480e-01 -2.041963301599025726e-02 1.153765805065631866e-02 4.173238202929496765e-02 -1.054489146918058395e-02 -2.914599329233169556e-02
1.429124735295772552e-02 -2.601899206638336182e-02 -2.148741856217384338e-02 8.854330517351627350e-03 -2.557265758514404297e-02 -1.295128911733627319e-01 3.080698475241661072e-02 -1.008028239011764526e-01 9.990885257720947266e-01 -6.887592077255249023e-01 -7.467874884605407715e-01 4.362997598946094513e-03 -6.994701456278562546e-03
7.162104360759258270e-03 1.557121127843856812e-01 3.052262961864471436e-01 -6.406702101230621338e-02 -1.853132545948028564e-01 -1.461844798177480698e-02 8.859514445066452026e-02 1.534412622451782227e+00 2.402140945196151733e-02 1.591732352972030640e-02 4.419224709272384644e-02 7.090711034834384918e-03 5.510994419455528259e-02
6.857582833617925644e-03 4.520839080214500427e-02 5.672840774059295654e-02 3.937174677848815918e-01 -3.909109830856323242e-01 1.181658357381820679e-02 -2.905539274215698242e-01 -1.793697625398635864e-01 3.296521957963705063e-03 -2.947113476693630219e-03 -3.684673458337783813e-03 -8.867027759552001953e-01 5.438106656074523926e-01
5.488655529916286469e-03 1.125979702919721603e-03 2.966362610459327698e-02 -3.478667140007019043e-02 1.797321783669758588e-05 -8.135832846164703369e-03 3.917314577847719193e-03 -3.136219382286071777e-01 -1.184274911880493164e+00 -7.906059026718139648e-01 9.450557231903076172e-01 -2.365753462072461843e-04 8.693901821970939636e-03
-8.642198890447616577e-02 6.358530372381210327e-02 -5.114951729774475098e-02 1.967575028538703918e-02 -9.498932957649230957e-02 -3.243516087532043457e-01 8.709344863891601562e-01 9.079335331916809082e-01 -1.483114995062351227e-02 -2.544257044792175293e-02 1.092112064361572266e-02 6.822956725955009460e-03 2.196856960654258728e-02
1.573259942233562469e-02 -1.286805607378482819e-02 -7.424990087747573853e-02 -8.161335252225399017e-03 1.247481256723403931e-02 -3.594710677862167358e-02 -1.397772878408432007e-02 -1.458493232727050781e+00 3.115549311041831970e-02 7.256352305412292480e-01 7.157506346702575684e-01 3.807782777585089207e-04 1.568291336297988892e-03
-3.115983447059988976e-03 7.541716098785400391e-03 1.144086867570877075e-01 3.983596563339233398e-01 3.549884632229804993e-02 4.743162915110588074e-02 9.452708065509796143e-02 1.219069719314575195e+00 -1.101328432559967041e-02 -4.787164553999900818e-02 3.770956303924322128e-03 -1.555761098861694336e-01 -4.542872607707977295e-01
3.835614323616027832e-01 -3.572159409523010254e-01 8.055733442306518555e-01 9.623771905899047852e-02 1.038646459579467773e+00 -4.238000512123107910e-01 6.706892848014831543e-01 -1.553791463375091553e-01 -2.467473968863487244e-03 2.322169579565525055e-02 7.044883444905281067e-03 8.575484156608581543e-03 5.077408626675605774e-02
-8.403930068016052246e-02 4.158315062522888184e-02 9.064833074808120728e-02 2.873340807855129242e-02 -1.001119911670684814e-01 -9.774553775787353516e-01 -5.655483603477478027e-01 8.049082159996032715e-01 1.114918384701013565e-02 4.632601737976074219e-01 5.290201306343078613e-02 1.550099439918994904e-02 2.954153157770633698e-02
-2.798187732696533203e-02 -1.301819924265146255e-02 -1.715822611004114151e-03 3.683853661641478539e-03 1.888043060898780823e-02 1.132954005151987076e-02 1.937958411872386932e-02 -2.358923405408859253e-01 -7.964186072349548340e-01 8.034337759017944336e-01 -4.612987041473388672e-01 4.619313869625329971e-03 1.247648894786834717e-02
5.151237826794385910e-03 2.408303692936897278e-02 3.401391580700874329e-02 -3.656462728977203369e-01 -2.237107306718826294e-01 -1.812124550342559814e-01 -2.094891369342803955e-01 -1.802679896354675293e-01 1.316114910878241062e-03 -1.414068508893251419e-02 2.155697531998157501e-02 7.026529908180236816e-01 -7.059465050697326660e-01
-4.953947383910417557e-03 -2.635547891259193420e-02 -1.016222983598709106e-01 -5.233469009399414062e-01 5.885422825813293457e-01 7.032666206359863281e-01 -8.387706428766250610e-02 1.715420037508010864e-01 3.474070399533957243e-04 -5.847153719514608383e-03 8.982685394585132599e-03 6.534036397933959961e-01 -6.978033185005187988e-01
-8.185890503227710724e-03 2.682358212769031525e-02 1.425204426050186157e-02 -4.151874482631683350e-01 -3.220720291137695312e-01 1.154176816344261169e-01 -3.480605781078338623e-01 7.065468281507492065e-02 -6.200310308486223221e-03 -1.247764448635280132e-03 -1.214861311018466949e-02 6.452873945236206055e-01 6.489896774291992188e-01
-1.282253395766019821e-02 -1.114237355068325996e-03 -1.851129159331321716e-02 4.655290246009826660e-01 -1.203855052590370178e-01 -5.237446352839469910e-02 -2.266362495720386505e-02 -2.377491146326065063e-01 4.365124623291194439e-04 -1.705064624547958374e-02 -4.146214574575424194e-03 -9.474251270294189453e-01 4.723721146583557129e-01
2.042009681463241577e-02 -7.116595655679702759e-02 -2.526139318943023682e-01 6.852456927299499512e-01 7.480403184890747070e-01 -2.387639284133911133e-01 6.726709008216857910e-02 -5.681004524230957031e-01 -2.945560961961746216e-03 3.604327887296676636e-02 -1.106061134487390518e-02 7.927558384835720062e-03 -5.937690287828445435e-02
-1.936012059450149536e-01 1.501987874507904053e-01 -8.153504729270935059e-01 9.008992463350296021e-02 -6.661316007375717163e-02 -4.289861917495727539e-01 -2.031248658895492554e-01 -1.049384713172912598e+00 1.912156236357986927e-03 9.666218608617782593e-02 -5.181808024644851685e-02 3.253341419622302055e-03 3.514600545167922974e-02
1.032982952892780304e-02 1.586265675723552704e-02 7.932022213935852051e-03 2.285320078954100609e-03 -2.162858145311474800e-03 -3.862171620130538940e-02 -3.819864988327026367e-02 -5.006639361381530762e-01 8.145344257354736328e-01 -7.297711372375488281e-01 -7.233257889747619629e-01 -5.703533999621868134e-03 -4.164087586104869843e-03
-1.842558756470680237e-02 -9.891686961054801941e-03 -4.521396011114120483e-03 -7.994677871465682983e-02 2.072210609912872314e-01 2.322530508041381836e+00 -4.620280489325523376e-02 1.024414062500000000e+00 -3.515820018947124481e-03 -5.272247269749641418e-02 2.778155915439128876e-02 1.359089463949203491e-02 -2.068511955440044403e-02
1.561279781162738800e-02 -3.949564993381500244e-01 -6.463874578475952148e-01 -1.310951590538024902e+00 -6.709166765213012695e-01 -9.972275234758853912e-03 -5.591273307800292969e-01 -1.208154857158660889e-01 -4.375505377538502216e-04 3.405957017093896866e-03 -1.350582111626863480e-02 -1.657910831272602081e-02 4.941340535879135132e-02
8.360298350453376770e-03 6.010684743523597717e-02 2.388815581798553467e-02 5.950604751706123352e-02 -4.424749910831451416e-01 -1.780087649822235107e-01 7.007377147674560547e-01 -5.728422999382019043e-01 2.071226714178919792e-03 3.799389302730560303e-02 1.978662423789501190e-02 -8.883113041520118713e-04 2.749975770711898804e-03
2.502750419080257416e-02 -5.562916770577430725e-02 -8.080072700977325439e-02 -2.653896622359752655e-02 -8.099745213985443115e-02 -3.202644735574722290e-02 -1.817596703767776489e-01 -7.726437449455261230e-01 -1.898223757743835449e-01 -4.080520570278167725e-01 -1.272727549076080322e-01 -2.470955625176429749e-02 -8.540846407413482666e-03
-3.042011149227619171e-02 3.918667137622833252e-02 3.188764303922653198e-02 9.278419017791748047e-01 -5.017288029193878174e-02 7.770974040031433105e-01 7.249979376792907715e-01 -1.786592304706573486e-01 -6.115347146987915039e-03 7.960180751979351044e-03 1.307617779821157455e-02 1.314749941229820251e-02 3.911138698458671570e-02
2.198548801243305206e-02 1.614587008953094482e-02 -1.494479924440383911e-01 -2.212061136960983276e-01 4.258688166737556458e-02 4.041860699653625488e-01 3.931432962417602539e-01 1.767914555966854095e-02 5.204181000590324402e-02 -1.716431677341461182e-01 3.834137916564941406e-01 -9.638956747949123383e-03 -2.635659091174602509e-02
-9.609172120690345764e-03 4.271087422966957092e-02 -2.446178905665874481e-02 5.226112008094787598e-01 -1.670680381357669830e-02 -1.048672318458557129e+00 1.023635864257812500e+00 3.940668702125549316e-01 -1.797671802341938019e-02 -4.510226193815469742e-03 5.542642902582883835e-03 -1.515852101147174835e-02 9.123991243541240692e-03
6.899385713040828705e-03 -2.305275760591030121e-03 3.094959072768688202e-03 2.145948112010955811e-01 -1.363040655851364136e-01 -2.744615316390991211e+00 6.099662184715270996e-02 -6.334831118583679199e-01 -5.769494455307722092e-04 2.782236039638519287e-02 -2.143046259880065918e-02 -3.745628782780840993e-05 -5.205245106481015682e-04
-3.881387040019035339e-02 -1.019149180501699448e-02 5.648282170295715332e-02 1.650925725698471069e-02 6.872911937534809113e-03 2.565915286540985107e-01 5.913220345973968506e-02 5.890717264264822006e-03 9.302762150764465332e-01 -3.005612194538116455e-01 -8.610934019088745117e-01 7.948011159896850586e-03 2.162645012140274048e-02
-9.767318144440650940e-03 2.055964432656764984e-02 3.901137039065361023e-02 -6.823617219924926758e-01 1.174310803413391113e+00 2.002272456884384155e-01 -2.646636962890625000e-01 -1.386339366436004639e-01 5.074444692581892014e-03 1.329659018665552139e-02 -8.265383657999336720e-04 -1.763669028878211975e-02 2.595599927008152008e-02
-1.417259424924850464e-01 1.134185492992401123e-01 1.567440181970596313e-01 -1.180335804820060730e-01 -1.111414190381765366e-02 -2.749528586864471436e-01 4.106109216809272766e-02 -1.483096778392791748e-01 -1.572012528777122498e-02 -2.677311897277832031e-01 6.155553460121154785e-01 -7.842713035643100739e-03 2.863943763077259064e-02
-1.113541275262832642e-01 4.180723801255226135e-02 1.730226278305053711e-01 5.021393299102783203e-02 -2.948304712772369385e-01 -3.967021405696868896e-01 -4.824323654174804688e-01 2.302334457635879517e-01 2.939244545996189117e-02 -4.265209734439849854e-01 5.723734945058822632e-02 3.477020934224128723e-02 5.026695504784584045e-02
-9.887767024338245392e-03 2.391683124005794525e-02 1.877270825207233429e-02 -1.704295724630355835e-02 -1.005245652049779892e-02 -1.024073641747236252e-02 -2.434113994240760803e-02 1.632592678070068359e-01 1.076102972030639648e+00 -1.443744078278541565e-02 -9.561547636985778809e-01 -8.292916230857372284e-03 1.187551300972700119e-02
-1.267329603433609009e-02 -2.254838682711124420e-02 5.486520379781723022e-02 8.413869142532348633e-02 -7.546476274728775024e-02 -4.327398538589477539e-01 -5.272932816296815872e-03 2.245979197323322296e-02 -1.547349151223897934e-02 -3.265396654605865479e-01 -7.590518593788146973e-01 3.163780551403760910e-03 2.362629771232604980e-02
1.029457058757543564e-02 -1.561857480555772781e-02 2.397322282195091248e-02 -2.141388133168220520e-03 1.840938441455364227e-02 -4.879537038505077362e-03 6.600211374461650848e-03 -3.740657120943069458e-02 -8.755331039428710938e-01 -6.872054338455200195e-01 -6.194416880607604980e-01 1.135641578002832830e-04 -6.106475368142127991e-03
4.837176762521266937e-03 4.472337290644645691e-02 -7.119081914424896240e-03 -4.666309356689453125e-01 -1.196740984916687012e+00 1.237719953060150146e-01 -6.598315834999084473e-01 -3.735371232032775879e-01 2.006960567086935043e-03 -7.418861612677574158e-03 9.463948081247508526e-04 -3.347509773448109627e-03 -2.101336568593978882e-01
8.175183087587356567e-03 7.562768645584583282e-03 -2.974582649767398834e-02 -8.647681213915348053e-03 -9.857334196567535400e-03 -5.904871970415115356e-03 -1.377734541893005371e-02 6.085867434740066528e-02 1.289365530014038086e+00 3.831554949283599854e-01 1.070836544036865234e+00 -1.292636501602828503e-03 -3.632645821198821068e-03
3.263641893863677979e-02 -8.356551826000213623e-02 -4.566721152514219284e-03 -1.432316005229949951e-01 8.735558390617370605e-02 9.631574749946594238e-01 -1.076705574989318848e+00 -1.096214950084686279e-01 1.469183340668678284e-02 4.838465247303247452e-03 -5.153933539986610413e-03 1.875783433206379414e-03 -7.130590267479419708e-03
1.656918413937091827e-02 -2.655931003391742706e-02 -8.778973482549190521e-03 -3.176008758600801229e-04 -7.196645438671112061e-02 -9.396657347679138184e-01 -5.889360308647155762e-01 7.211070060729980469e-01 3.615364665165543556e-03 -4.166903793811798096e-01 -2.172713354229927063e-02 7.046449929475784302e-03 -1.522798743098974228e-02
1.723560853861272335e-03 1.941299438476562500e-02 6.151442229747772217e-02 5.580838918685913086e-01 -1.383298039436340332e-01 8.152935504913330078e-01 -9.002820253372192383e-01 2.756129205226898193e-01 -8.019891567528247833e-03 7.077993452548980713e-02 5.586040671914815903e-03 -1.070548035204410553e-02 -1.038128696382045746e-02
2.763578668236732483e-03 1.981991529464721680e-02 9.788093157112598419e-03 9.816299192607402802e-03 -1.866560056805610657e-02 6.238403264433145523e-03 -1.022408250719308853e-02 4.879049491137266159e-03 1.013066291809082031e+00 4.882287383079528809e-01 8.545437455177307129e-01 -4.269460914656519890e-04 -9.250291623175144196e-03
9.355233982205390930e-03 -1.067069172859191895e-02 -3.182652592658996582e-02 -1.058755256235599518e-02 -7.125907111912965775e-03 3.294721944257616997e-03 -7.685784250497817993e-03 -1.577800661325454712e-01 9.105162620544433594e-01 -3.556085824966430664e-01 -8.068259954452514648e-01 -9.345358703285455704e-04 -7.408731617033481598e-03
