3.973555266857147217e-01
-3.306191563606262207e-01
1.326309740543365479e-01
-2.837102711200714111e-01
-3.686519265174865723e-01
8.835569024085998535e-01
-5.541976690292358398e-01
2.918226122856140137e-01
5.273362994194030762e-01
-4.107527136802673340e-01
-1.669825315475463867e-01
-1.000152707099914551e+00
-7.601662725210189819e-02
5.880714058876037598e-01
3.134445846080780029e-01
6.852893233299255371e-01
-9.844601154327392578e-02
-2.228900790214538574e-01
2.080773711204528809e-01
-2.529151141643524170e-01
