-1.062604412436485291e-02
-1.370380282402038574e+00
-3.649041056632995605e-01
7.873810529708862305e-01
1.162036418914794922e+00
-5.230109691619873047e-01
-3.418588638305664062e-01
9.589532017707824707e-01
-4.094996154308319092e-01
-1.050567924976348877e-01
-1.858734712004661560e-02
-1.688674837350845337e-01
2.543472945690155029e-01
5.694465041160583496e-01
-3.981673717498779297e-02
1.427561044692993164e-01
8.232194185256958008e-01
-1.128897741436958313e-01
-1.598454833030700684e+00
1.229507923126220703e-01
-2.002514600753784180e+00
3.548359870910644531e-01
3.337993323802947998e-01
7.453942298889160156e-01
6.881729513406753540e-02
2.607467174530029297e-01
-2.441769093275070190e-01
9.516510367393493652e-01
5.962643027305603027e-01
-2.849078476428985596e-01
7.338838577270507812e-01
2.183657288551330566e-01
-2.457455635070800781e+00
-3.680216073989868164e-01
-6.304990649223327637e-01
6.365767717361450195e-01
-8.199427723884582520e-01
-6.695924997329711914e-01
-4.198813140392303467e-01
-2.945091724395751953e-01
5.019769072532653809e-01
-9.418424218893051147e-02
-4.126673638820648193e-01
-5.723245143890380859e-01
-1.672612503170967102e-03
-9.645895957946777344e-01
1.313442707061767578e+00
5.197470188140869141e-01
-7.050603032112121582e-01
8.811577409505844116e-02
-1.628024727106094360e-01
-9.013823866844177246e-01
2.597833633422851562e+00
1.116412997245788574e+00
-1.955277472734451294e-01
-3.002147674560546875e-01
-1.062158346176147461e+00
1.800405830144882202e-01
3.926917612552642822e-01
1.053878664970397949e+00
3.354446291923522949e-01
-2.535039186477661133e-01
4.621048867702484131e-01
6.077885031700134277e-01
-1.050703406333923340e+00
-4.086354076862335205e-01
-1.452989876270294189e-01
4.012450277805328369e-01
4.274546355009078979e-02
5.260531306266784668e-01
4.223437905311584473e-01
-2.274708002805709839e-01
-6.094335913658142090e-01
1.219924092292785645e+00
-4.441945850849151611e-01
-6.415930986404418945e-01
5.933582410216331482e-02
-1.164212465286254883e+00
-5.878680944442749023e-01
2.365724928677082062e-02
