-1.704643517732620239e-01
-3.442343175411224365e-01
2.432819306850433350e-01
-1.656167954206466675e-02
-1.418752968311309814e-01
2.534049749374389648e-01
8.544812798500061035e-01
3.239580988883972168e-01
1.471921503543853760e-01
-1.153823852539062500e+00
6.215032935142517090e-01
-1.525120437145233154e-01
1.336354762315750122e-01
-1.460629105567932129e-01
-6.087820231914520264e-02
-3.205513954162597656e-01
3.737442493438720703e-01
-2.467242777347564697e-01
2.328095734119415283e-01
-3.004290461540222168e-01
6.819906234741210938e-01
4.304534196853637695e-01
3.070358932018280029e-01
1.260393500328063965e+00
2.036416828632354736e-01
2.631297409534454346e-01
8.042135238647460938e-01
1.039969086647033691e+00
5.306288599967956543e-01
-5.764595866203308105e-01
1.131758093833923340e+00
4.079246520996093750e-02
-7.676145434379577637e-02
1.077065229415893555e+00
-3.118862956762313843e-02
7.148185372352600098e-01
8.391675353050231934e-01
-3.489145636558532715e-01
-5.346875786781311035e-01
6.026315093040466309e-01
