2.636844217777252197e-01
3.104217648506164551e-01
-3.055233359336853027e-01
-6.202038526535034180e-01
-4.427981078624725342e-01
1.292225360870361328e+00
2.278176307678222656e+00
1.504200845956802368e-01
8.036081194877624512e-01
1.241106986999511719e-01
-7.691199779510498047e-01
5.319349169731140137e-01
-1.184270739555358887e+00
1.850409388542175293e+00
-1.696240544319152832e+00
-1.353373765945434570e+00
1.520421385765075684e+00
-5.104835033416748047e-01
1.626931726932525635e-01
-5.411360859870910645e-01
-7.546865344047546387e-01
3.614173233509063721e-01
8.760193586349487305e-01
7.621158361434936523e-01
-1.237264633178710938e+00
2.388419955968856812e-01
7.105571031570434570e-02
-2.064688801765441895e-01
-9.182293415069580078e-01
9.042674899101257324e-01
-1.913486719131469727e-01
1.443263173103332520e+00
-3.648516833782196045e-01
-5.160661786794662476e-02
-7.392136454582214355e-01
8.177314400672912598e-01
-8.113321661949157715e-01
4.932672381401062012e-01
-2.532454431056976318e-01
-1.239497542381286621e+00
4.384049475193023682e-01
-4.965941011905670166e-01
-2.366306819021701813e-02
7.686568498611450195e-01
4.381652772426605225e-01
8.112086653709411621e-01
-1.557824164628982544e-01
-1.716046184301376343e-01
-1.924319028854370117e+00
4.890256822109222412e-01
-7.280771136283874512e-01
2.840276062488555908e-01
5.231204628944396973e-01
6.038735508918762207e-01
7.224137187004089355e-01
8.074922561645507812e-01
2.494974285364151001e-01
-7.009157538414001465e-01
-8.733109831809997559e-01
-1.141664385795593262e+00
4.965689182281494141e-01
-1.361569285392761230e+00
4.714541733264923096e-01
-3.773694336414337158e-01
-8.395613431930541992e-01
2.447723746299743652e-01
-5.031304955482482910e-01
-3.582207918167114258e+00
9.458574652671813965e-01
2.496204525232315063e-01
1.561013340950012207e+00
-6.169289946556091309e-01
-2.062260150909423828e+00
-3.984465897083282471e-01
2.003763467073440552e-01
-1.041475534439086914e+00
1.591380238533020020e-01
-6.724944710731506348e-01
4.621845185756683350e-01
-1.281286001205444336e+00
-7.434980869293212891e-01
-2.496460199356079102e+00
-6.953754425048828125e-01
-2.986212074756622314e-02
5.643489956855773926e-01
1.311885833740234375e+00
8.313858509063720703e-02
-7.896124720573425293e-01
-1.290083408355712891e+00
-3.360683917999267578e-01
4.781814217567443848e-01
-1.134776711463928223e+00
-1.328213930130004883e+00
-3.830619454383850098e-01
4.909207820892333984e-01
-7.069177180528640747e-02
-1.045097317546606064e-02
9.674431085586547852e-01
3.607357740402221680e-01
-4.719827771186828613e-01
