-1.362781506031751633e-02 -1.197284786030650139e-03 -1.869441242888569832e-03 3.344554861541837454e-04 5.337628070265054703e-03 -5.343419616110622883e-04 1.025188903440721333e-04 2.325964858755469322e-03 1.676455140113830566e-02 -1.638250774703919888e-03 6.845560390502214432e-03 -7.949645631015300751e-03 -1.567296311259269714e-02 7.116878032684326172e-01 3.179067075252532959e-01 7.129848003387451172e-01
-1.112898252904415131e-02 -7.424142677336931229e-03 6.575935054570436478e-03 -4.984441911801695824e-04 6.082556396722793579e-02 7.558150291442871094e-01 -4.492085278034210205e-01 5.448248386383056641e-01 5.149989854544401169e-03 2.415370196104049683e-03 -1.634357729926705360e-03 -1.238128985278308392e-03 -1.991345779970288277e-03 2.662436454556882381e-04 2.282752655446529388e-03 -1.832757261581718922e-03
-1.388765424489974976e-01 6.421247962862253189e-04 1.276301622390747070e+00 1.515619754791259766e+00 1.338134706020355225e-01 -4.671580344438552856e-02 -7.107062730938196182e-03 5.952819809317588806e-02 1.333723682910203934e-02 -3.922743257135152817e-03 -2.215506741777062416e-03 -1.227556844241917133e-03 8.999113924801349640e-03 7.480685599148273468e-05 1.572196488268673420e-04 1.145120011642575264e-03
1.097490936517715454e-01 -8.280986547470092773e-01 -6.656311154365539551e-01 -5.163387954235076904e-02 6.716074049472808838e-02 -2.515483647584915161e-03 1.335077453404664993e-02 -1.452197041362524033e-02 1.547853350639343262e-01 -8.125256896018981934e-01 -1.209160964936017990e-02 -8.495837450027465820e-01 -2.780192196369171143e-01 -2.178302034735679626e-03 1.665418222546577454e-02 -1.500865351408720016e-02
5.776260420680046082e-02 -1.799038611352443695e-02 -1.222058176994323730e+00 1.630558632314205170e-02 -3.124008476734161377e-01 -3.482572501525282860e-03 -1.885743625462055206e-02 -7.665298413485288620e-03 -2.722266875207424164e-02 1.422571600414812565e-03 -5.077975336462259293e-03 2.389967674389481544e-03 -2.719271928071975708e-02 -2.079130616039037704e-03 4.706480249296873808e-04 3.094809828326106071e-03
-3.124820291996002197e-01 6.933669000864028931e-02 3.293529748916625977e+00 -5.845280829817056656e-03 3.510512411594390869e-01 1.241345331072807312e-02 4.260616749525070190e-02 -1.996143162250518799e-02 -3.279793076217174530e-03 2.409325679764151573e-03 -8.960126899182796478e-03 2.234239131212234497e-03 -4.561043344438076019e-03 -3.696011612191796303e-03 -9.849655907601118088e-04 1.683326787315309048e-03
-1.804341445676982403e-03 2.389149274677038193e-03 -6.179748452268540859e-04 -1.032944303005933762e-03 -4.444054211489856243e-04 -3.573792346287518740e-04 2.923816675320267677e-03 9.047788335010409355e-04 -4.293271154165267944e-02 -2.178781852126121521e-02 -2.012068986892700195e+00 -6.277116388082504272e-02 7.671340554952621460e-02 -1.071673119440674782e-03 -4.663400352001190186e-03 9.348745457828044891e-03
1.080130577087402344e+00 -6.336110234260559082e-01 -3.815225660800933838e-01 3.438998162746429443e-01 2.194058522582054138e-02 1.501211547292768955e-03 -1.458173524588346481e-02 1.245624944567680359e-02 7.176076620817184448e-02 1.576811424456536770e-03 3.931924235075712204e-03 3.151406534016132355e-03 2.328301779925823212e-03 7.979570655152201653e-04 -1.250580069608986378e-03 2.966209314763545990e-03
-7.451706565916538239e-03 -2.378286328166723251e-03 9.393569780513644218e-04 1.980889588594436646e-03 -8.787469705566763878e-04 1.344684511423110962e-03 7.697000983171164989e-04 2.558656735345721245e-03 2.452671062201261520e-03 1.927827252075076103e-03 -9.878734126687049866e-03 -1.875433721579611301e-03 4.213101863861083984e-01 2.842882461845874786e-02 -8.412816524505615234e-01 -1.451827436685562134e-01
-2.737140655517578125e-01 -4.219700396060943604e-02 2.917964942753314972e-02 -1.744750514626502991e-02 1.080046966671943665e-02 7.923517259769141674e-04 9.097357396967709064e-04 -6.077430211007595062e-03 5.819647908210754395e-01 -5.019948482513427734e-01 3.962903320789337158e-01 2.825068682432174683e-02 9.340721182525157928e-03 1.742758788168430328e-03 4.516666755080223083e-03 -1.047537941485643387e-02
-8.167140185832977295e-03 -1.461398904211819172e-03 -1.022522919811308384e-03 -1.198694808408617973e-04 2.139900112524628639e-03 1.966604031622409821e-04 -2.778337220661342144e-04 -1.958608394488692284e-03 1.110023446381092072e-02 2.796879038214683533e-03 -3.386883297935128212e-03 8.563401177525520325e-03 -1.383763551712036133e-01 -6.553952693939208984e-01 -6.452266573905944824e-01 3.563331067562103271e-01
3.440622007474303246e-03 -1.840787939727306366e-02 -1.147233620285987854e-01 -1.277054697275161743e-01 1.650701016187667847e-01 7.442160248756408691e-01 -3.012855052947998047e-01 -5.803961753845214844e-01 -9.085507132112979889e-03 -6.786705926060676575e-04 -3.532278351485729218e-04 -1.497213845141232014e-03 -1.589504652656614780e-03 -5.156733677722513676e-04 2.675130381248891354e-04 -5.338690709322690964e-03
1.304943207651376724e-02 5.145645700395107269e-03 -4.741132259368896484e-01 3.809492290019989014e-01 -7.673624753952026367e-01 2.275052666664123535e-01 9.308410435914993286e-02 -1.863439977169036865e-01 -1.813866943120956421e-02 -2.978389849886298180e-03 -9.014640818350017071e-04 2.767606871202588081e-03 1.608200138434767723e-03 -3.400992834940552711e-03 1.715206168591976166e-02 3.758457256481051445e-03
1.193937938660383224e-02 3.322113538160920143e-03 -6.776334252208471298e-03 -1.267599000129848719e-04 -5.379343405365943909e-03 5.462751869345083833e-05 9.676317131379619241e-05 -6.226694677025079727e-03 -1.268172025680541992e+00 8.710947632789611816e-01 8.980377316474914551e-01 -1.767611503601074219e-01 -3.061637654900550842e-02 -3.054409287869930267e-03 -5.862977821379899979e-03 2.803998999297618866e-03
-1.775256358087062836e-02 -2.869519963860511780e-02 1.264667272567749023e+00 1.464200735092163086e+00 4.597723484039306641e-01 -5.194411054253578186e-02 1.864962652325630188e-02 5.624303221702575684e-02 -7.076716423034667969e-02 1.603559241630136967e-03 4.917145706713199615e-03 -4.014692734926939011e-03 7.335840258747339249e-03 1.978511223569512367e-03 -2.839637454599142075e-03 -1.012434717267751694e-02
3.265085443854331970e-02 -7.696315646171569824e-03 -6.256624460220336914e-01 -7.679898738861083984e-01 5.964667797088623047e-01 2.231961674988269806e-02 1.879953593015670776e-02 -7.180887274444103241e-03 7.198037952184677124e-02 -1.599603274371474981e-04 -1.015001162886619568e-02 -3.053173888474702835e-03 -8.870282210409641266e-03 2.365017076954245567e-03 7.904486730694770813e-03 1.205911859869956970e-02
1.003253534436225891e-01 -4.063766077160835266e-02 -9.372166395187377930e-01 5.207544565200805664e-01 -1.843626052141189575e-01 9.085476398468017578e-01 4.631444811820983887e-01 -7.719764709472656250e-01 -1.812539622187614441e-02 -4.093466326594352722e-03 1.148657873272895813e-03 -4.756156355142593384e-03 7.023918908089399338e-03 9.123911731876432896e-04 6.689316593110561371e-03 7.788065820932388306e-03
-1.002168893814086914e+00 -6.606393456459045410e-01 -5.788908004760742188e-01 -5.855077132582664490e-02 -9.983970224857330322e-02 2.005561720579862595e-03 -5.122071597725152969e-03 -1.214083656668663025e-02 1.409607473760843277e-02 2.241134876385331154e-03 1.064890436828136444e-02 -1.718983985483646393e-03 4.389275331050157547e-03 1.487554400227963924e-03 3.967883065342903137e-03 -1.093346811830997467e-02
8.482709527015686035e-03 -4.445288795977830887e-03 1.342048053629696369e-03 -5.602074787020683289e-03 1.100094318389892578e+00 -2.040685713291168213e-01 1.204356625676155090e-01 -5.446434393525123596e-02 -1.390333101153373718e-02 -1.476935227401554585e-03 -2.723973942920565605e-03 -1.540338038466870785e-03 -6.477229762822389603e-04 6.212019361555576324e-04 -1.338334986940026283e-03 -1.279044197872281075e-03
-3.504953347146511078e-03 -4.858810454607009888e-03 -1.163315773010253906e-02 1.057435641996562481e-03 -7.922917604446411133e-02 7.982131838798522949e-02 -4.115485250949859619e-01 -8.128693103790283203e-01 1.248375046998262405e-03 -1.265294849872589111e-03 -2.005593851208686829e-04 -1.924583921208977699e-04 8.053893106989562511e-04 2.048969268798828125e-03 4.489157814532518387e-03 3.286628983914852142e-03
2.783865435048937798e-03 1.309206802397966385e-02 1.429562363773584366e-02 2.523437701165676117e-02 -1.019997447729110718e-01 -8.169549107551574707e-01 -4.480110108852386475e-01 -5.672752857208251953e-01 -4.658808466047048569e-03 5.680095055140554905e-04 -8.380527142435312271e-04 4.970487207174301147e-04 4.353244439698755741e-04 -6.751380860805511475e-04 -7.709595374763011932e-04 4.981114179827272892e-04
1.976689882576465607e-02 -2.767920261248946190e-03 2.052203635685145855e-04 1.641195412958040833e-04 -6.492896471172571182e-03 -4.547692951746284962e-04 -1.985117793083190918e-03 -9.643694385886192322e-03 -1.406152129173278809e+00 -8.538706898689270020e-01 8.682971000671386719e-01 6.216981261968612671e-02 5.485194176435470581e-02 4.809551464859396219e-04 7.856135256588459015e-03 5.161144770681858063e-03
1.032743453979492188e+00 -8.658064603805541992e-01 6.623520851135253906e-01 1.176354438066482544e-01 -1.164016313850879669e-02 7.251031231135129929e-03 2.465164288878440857e-03 -5.016033072024583817e-03 -4.133150726556777954e-02 5.251905895420350134e-05 -1.384913921356201172e-03 -2.923377323895692825e-04 -4.804208874702453613e-03 1.796734286472201347e-03 -4.109438305022194982e-05 5.723258946090936661e-04
1.321912646293640137e+00 7.596706748008728027e-01 6.697607040405273438e-02 5.984294414520263672e-01 -1.210794225335121155e-01 -1.372944097965955734e-02 -1.203342527151107788e-02 3.854878246784210205e-03 -7.723138667643070221e-03 8.486313745379447937e-04 -1.876779482699930668e-03 -6.612256402149796486e-04 4.209683742374181747e-03 3.229161491617560387e-03 5.482164211571216583e-03 7.236645324155688286e-04
7.450263481587171555e-03 7.869077846407890320e-03 -1.030732020735740662e-01 -1.030501797795295715e-01 -1.114377453923225403e-01 -7.774052023887634277e-01 2.598645687103271484e-01 6.338862776756286621e-01 -1.354286563582718372e-03 -1.391937839798629284e-04 -1.580219250172376633e-03 7.557758945040404797e-04 2.539020963013172150e-03 5.811646697111427784e-04 -1.626230659894645214e-03 -2.818159060552716255e-03
9.739656234160065651e-04 -1.257734373211860657e-02 -5.228691920638084412e-02 -6.580524891614913940e-02 1.671352684497833252e-01 8.557054400444030762e-01 2.829333841800689697e-01 6.196727156639099121e-01 -5.644767545163631439e-03 2.295634476467967033e-03 -4.006551753263920546e-04 -8.359538041986525059e-04 1.453380566090345383e-03 -1.254980335943400860e-03 4.563526308629661798e-04 -3.610948333516716957e-03
-3.253328055143356323e-02 -3.747940761968493462e-03 9.317682124674320221e-04 3.415733808651566505e-03 7.420679088681936264e-03 3.253087634220719337e-04 -3.353182459250092506e-03 -2.611684612929821014e-03 -3.560542315244674683e-02 8.755668997764587402e-03 -9.608669206500053406e-03 1.164964586496353149e-02 2.319839000701904297e+00 -4.623936861753463745e-02 -7.890208959579467773e-01 1.985850036144256592e-01
1.267847372218966484e-03 1.354375999653711915e-04 -8.080588653683662415e-03 -1.485924702137708664e-03 -1.879916177131235600e-03 -2.008500741794705391e-03 1.935170846991240978e-03 6.747873499989509583e-03 -8.838208317756652832e-01 -5.475710034370422363e-01 8.561211824417114258e-02 4.181967973709106445e-01 3.940673545002937317e-03 -1.957128290086984634e-03 -3.947095319745130837e-05 1.258001080714166164e-03
1.279601012356579304e-03 -1.560404198244214058e-03 7.356760906986892223e-04 9.694841573946177959e-04 4.217469133436679840e-03 -9.334004134871065617e-04 -3.302397672086954117e-03 -5.112436134368181229e-03 4.409456159919500351e-03 6.360510014928877354e-04 4.282228183001279831e-03 -4.050067625939846039e-03 6.622026860713958740e-02 3.289331914857029915e-03 1.097247600555419922e+00 -7.793952245265245438e-04
9.942736625671386719e-01 -6.648802161216735840e-01 -2.985183298587799072e-01 -3.334165737032890320e-02 1.209569256752729416e-02 3.991520497947931290e-03 -9.193110745400190353e-04 1.001926418393850327e-02 -2.265241742134094238e-02 -3.970393911004066467e-03 1.270147622562944889e-03 5.506509332917630672e-04 1.867518411017954350e-03 1.351978971797507256e-05 -5.535345524549484253e-03 3.774713841266930103e-04
-9.232844226062297821e-03 -1.032389421015977859e-02 -2.017831429839134216e-02 -3.417294472455978394e-02 2.525430172681808472e-02 8.121979236602783203e-01 -6.713601350784301758e-01 -4.914338290691375732e-01 -8.628985844552516937e-03 1.663371338509023190e-03 -9.934388799592852592e-04 -1.442117354599758983e-05 6.910965894348919392e-04 -8.965721935965120792e-04 -1.980649307370185852e-03 -2.779336646199226379e-03
-2.695604786276817322e-02 1.538436394184827805e-03 -1.170303672552108765e-02 -7.151636760681867599e-03 -1.761949993669986725e-02 -6.040998734533786774e-03 -5.795779172331094742e-03 -1.841087080538272858e-02 2.656881809234619141e-01 -5.123001057654619217e-03 -1.145777344703674316e+00 1.213634252548217773e+00 6.743680238723754883e-01 -2.551640383899211884e-02 -3.375849127769470215e-02 4.186560399830341339e-03
-1.306819822639226913e-02 7.857332937419414520e-03 4.057403188198804855e-03 1.418447936885058880e-03 -2.505377051420509815e-04 -9.929355001077055931e-04 -6.550595862790942192e-04 -6.054596975445747375e-03 8.951117396354675293e-01 6.344981789588928223e-01 8.873865753412246704e-02 5.997622013092041016e-01 -2.424234710633754730e-02 -3.878903575241565704e-03 -1.341708563268184662e-02 5.317670758813619614e-03
1.388353228569030762e+00 -6.061227321624755859e-01 -3.760443627834320068e-01 4.283383488655090332e-02 -5.486309155821800232e-02 -4.769472870975732803e-04 -4.062958061695098877e-03 6.795035209506750107e-03 -2.375534549355506897e-02 -2.968651242554187775e-03 3.663667710497975349e-03 2.423804486170411110e-03 4.608157090842723846e-03 1.611985731869935989e-03 -3.165913512930274010e-03 -2.480260096490383148e-03
1.254815794527530670e-02 -5.619993316940963268e-04 3.323019947856664658e-03 -1.299771480262279510e-03 -1.545775798149406910e-03 1.121319830417633057e-03 2.636618912220001221e-03 4.098460078239440918e-03 -2.153876423835754395e-02 5.128586199134588242e-04 -3.295989474281668663e-03 3.545759944245219231e-03 2.418472915887832642e-01 -2.340095490217208862e-02 1.336348772048950195e+00 -4.659785330295562744e-02
9.808007478713989258e-01 -3.513508141040802002e-01 3.567157387733459473e-01 1.613290794193744659e-02 1.249998901039361954e-02 1.264664810150861740e-03 1.155851036310195923e-02 4.784403834491968155e-03 -1.139681860804557800e-01 -7.941715419292449951e-03 -1.802931933525542263e-06 8.601536974310874939e-04 -1.724499743431806564e-03 1.722863642498850822e-03 -8.189229411073029041e-04 -9.825181914493441582e-04
3.218426927924156189e-02 -1.797365769743919373e-02 -6.891151517629623413e-02 2.834565192461013794e-02 2.688068449497222900e-01 9.051969274878501892e-03 -5.371853709220886230e-01 3.174236118793487549e-01 -3.301120176911354065e-02 2.380431629717350006e-03 5.224719643592834473e-03 2.664855215698480606e-03 -7.283795159310102463e-03 -4.173822700977325439e-03 -6.869744043797254562e-03 -1.218006107956171036e-02
3.979674726724624634e-02 4.099538549780845642e-03 9.743038099259138107e-04 -2.741551958024501801e-03 -9.735365165397524834e-05 6.901584565639495850e-04 2.350398572161793709e-04 3.069733036682009697e-03 3.461438789963722229e-02 -5.089296028017997742e-03 6.862117908895015717e-03 -4.033554345369338989e-03 -1.685847997665405273e+00 5.725003033876419067e-02 6.361666321754455566e-01 -1.972348093986511230e-01
-5.196414515376091003e-02 -2.733411081135272980e-02 3.044894523918628693e-02 -2.443100791424512863e-03 8.052806369960308075e-03 2.198219066485762596e-03 -7.778568193316459656e-03 -3.350608050823211670e-02 1.520964652299880981e-01 1.767916418612003326e-02 7.878257632255554199e-01 -7.886272668838500977e-01 -1.155392527580261230e-01 -6.000073999166488647e-02 -9.749482870101928711e-01 3.866904675960540771e-01
5.790386721491813660e-02 -1.918916241265833378e-03 -6.082656383514404297e-01 -2.084666490554809570e-02 -1.978017576038837433e-02 2.857533516362309456e-03 6.280431151390075684e-01 -6.791785359382629395e-01 6.371647119522094727e-03 9.586008382029831409e-04 -1.085850177332758904e-03 -4.284250608179718256e-04 7.781304302625358105e-04 -1.254239701665937901e-03 3.531680442392826080e-03 -1.753357122652232647e-03
3.351879492402076721e-02 -1.210894342511892319e-02 -6.184493303298950195e-01 -1.241902727633714676e-02 -8.272355794906616211e-02 -1.259327866137027740e-02 -6.738038063049316406e-01 7.120847105979919434e-01 1.309474837034940720e-02 -2.674081129953265190e-03 1.333269523456692696e-03 -1.651329454034566879e-03 -1.065894262865185738e-03 1.673524035140872002e-03 6.684991531074047089e-03 -2.997700823470950127e-03
-6.595631688833236694e-02 5.962688326835632324e-01 -2.464585192501544952e-02 5.700697302818298340e-01 1.392913907766342163e-01 -7.776383310556411743e-03 1.151466835290193558e-02 -4.719695542007684708e-03 1.311299651861190796e-01 5.917153954505920410e-01 6.144034862518310547e-01 -4.030987154692411423e-03 -1.037025600671768188e-01 -1.435498823411762714e-03 5.186993803363293409e-05 2.130352193489670753e-03
-5.699202418327331543e-03 -8.833230240270495415e-04 1.253052847459912300e-03 6.150281114969402552e-05 -8.052763878367841244e-04 2.830999437719583511e-04 -1.475484168622642756e-04 -2.791521546896547079e-04 2.240570727735757828e-03 -1.578295137733221054e-03 4.083367064595222473e-03 -8.382250554859638214e-03 3.243108838796615601e-02 6.751146912574768066e-01 1.114615127444267273e-01 6.911990642547607422e-01
4.954098258167505264e-03 4.800176713615655899e-03 1.552745327353477478e-02 1.339756697416305542e-02 1.041222643107175827e-02 -7.840998172760009766e-01 4.579415023326873779e-01 -3.007152378559112549e-01 7.852010458009317517e-05 1.995217055082321167e-03 -9.847816545516252518e-04 3.441978187765926123e-04 3.575342474505305290e-03 2.079140394926071167e-04 2.088729292154312134e-03 7.989219157025218010e-04
9.355921745300292969e-01 -2.137507498264312744e-01 2.149508237838745117e+00 2.393493615090847015e-02 2.339379489421844482e-01 1.147177652455866337e-03 1.078533660620450974e-02 3.642489900812506676e-03 1.379626393318176270e-01 -4.104217980057001114e-03 -4.627910908311605453e-03 -4.301683977246284485e-03 -6.836036336608231068e-04 2.311395015567541122e-03 4.687249660491943359e-03 2.771938685327768326e-03
3.130658296868205070e-03 2.884159330278635025e-03 2.193774562329053879e-03 1.989392796531319618e-03 5.198515951633453369e-03 3.100282279774546623e-03 4.977667238563299179e-03 9.043161990121006966e-04 9.197766780853271484e-01 -6.116766929626464844e-01 -3.259253799915313721e-01 -8.087072372436523438e-01 -2.941948734223842621e-02 4.013082943856716156e-03 1.535866688936948776e-02 -1.076281815767288208e-02
1.340427994728088379e+00 7.662820219993591309e-01 -6.499757766723632812e-01 7.030834094621241093e-04 -2.241235598921775818e-02 -4.100722260773181915e-03 6.404167041182518005e-03 -4.665566608309745789e-03 -3.436197992414236069e-03 2.152193337678909302e-03 1.502035302110016346e-03 -2.706519262574147433e-05 9.706100099720060825e-04 -3.390235651750117540e-04 2.186184749007225037e-03 -9.559658064972609282e-05
5.917140245437622070e-01 -2.200187146663665771e-01 2.052006006240844727e+00 -5.574651807546615601e-02 -2.040652334690093994e-01 1.247647590935230255e-02 -1.171409059315919876e-02 2.588591724634170532e-02 -1.745886355638504028e-01 6.910703610628843307e-03 -3.195027238689363003e-04 -1.182237290777266026e-03 -1.445069164037704468e-02 2.138598356395959854e-03 -6.524553755298256874e-04 3.324848832562565804e-03
1.073111370205879211e-01 -1.508775516413152218e-03 4.969687201082706451e-03 2.276176819577813148e-03 -3.581209573894739151e-03 5.773673765361309052e-04 6.042207824066281319e-04 5.123743787407875061e-03 -1.985923886299133301e+00 1.222030026838183403e-03 -4.094716161489486694e-03 1.150702475570142269e-03 9.509830735623836517e-03 -2.041363222815562040e-05 1.025991886854171753e-02 5.866914289072155952e-04
-6.108530610799789429e-02 -4.782457835972309113e-03 8.513613604009151459e-03 2.252539619803428650e-03 7.452378980815410614e-03 8.187489584088325500e-04 -1.632431522011756897e-03 -2.893028140533715487e-04 -1.019315361976623535e+00 7.784234881401062012e-01 -6.563732028007507324e-01 -1.506634056568145752e-02 2.910410240292549133e-02 -1.311428961344063282e-03 7.230646908283233643e-03 -4.711884539574384689e-03
7.292918115854263306e-02 -2.704795217141509056e-03 -8.493218920193612576e-04 -1.187707646749913692e-03 -7.893647998571395874e-04 -2.044104505330324173e-03 -2.065730048343539238e-03 -1.904602278955280781e-03 -9.370098710060119629e-01 -7.015773057937622070e-01 5.241344571113586426e-01 5.503486469388008118e-02 -3.190292045474052429e-04 -5.689855315722525120e-04 -2.954969415441155434e-03 3.045973367989063263e-03
-3.628534823656082153e-02 2.951891219709068537e-04 -7.111714221537113190e-03 -3.621835727244615555e-03 -1.465717107057571411e-01 -1.752317696809768677e-02 -8.067054748535156250e-01 3.140879869461059570e-01 7.672514300793409348e-03 2.312226220965385437e-03 -2.105090534314513206e-03 -7.936422480270266533e-04 2.612282754853367805e-03 -1.753422402543947101e-04 3.571074921637773514e-03 1.417752238921821117e-03
2.180536538362503052e-01 -1.493825763463973999e-02 -1.168150529265403748e-01 8.693774342536926270e-01 1.659622602164745331e-02 -1.765936240553855896e-02 -2.925982885062694550e-02 7.748251315206289291e-03 -1.066598948091268539e-02 -3.494920674711465836e-04 -1.377093140035867691e-02 6.918578583281487226e-05 -6.462816148996353149e-03 1.027593607432208955e-04 5.770400166511535645e-03 -3.111612750217318535e-03
2.044285275042057037e-02 -3.369348822161555290e-03 -2.093177987262606621e-03 -3.054159169550985098e-04 -3.854869399219751358e-03 5.140732391737401485e-04 3.359239781275391579e-03 1.392665598541498184e-02 -1.040443062782287598e+00 6.981918215751647949e-01 5.142686963081359863e-01 1.141031831502914429e-01 8.284132182598114014e-02 -3.586324863135814667e-03 1.634040148928761482e-03 9.929439984261989594e-03
-4.029097035527229309e-02 -1.824065856635570526e-02 1.419748514890670776e-01 1.313107758760452271e-01 3.415559530258178711e-01 8.831284046173095703e-01 4.484796822071075439e-01 5.507329106330871582e-01 -2.152100019156932831e-02 2.626255445647984743e-04 1.811544992960989475e-03 -1.206057029776275158e-03 -1.153546501882374287e-03 -7.204463472589850426e-04 2.211837796494364738e-03 4.031631629914045334e-03
4.288129881024360657e-02 9.105102419853210449e-01 -1.947102695703506470e-02 8.869934082031250000e-01 -8.385556936264038086e-02 -3.864639205858111382e-03 -1.179017126560211182e-02 1.987830037251114845e-03 8.151184767484664917e-02 9.703214764595031738e-01 -8.981943130493164062e-01 2.622543647885322571e-02 4.066965356469154358e-02 -6.096610333770513535e-03 1.642937958240509033e-02 1.979792863130569458e-02
-8.659317158162593842e-03 4.789401311427354813e-03 -5.901852855458855629e-04 3.676657506730407476e-04 -2.098453929647803307e-03 -1.622632960788905621e-03 4.712918773293495178e-03 -3.558010095730423927e-03 -4.493340849876403809e-01 1.363298483192920685e-02 4.165374279022216797e+00 -4.505001939833164215e-03 8.836221694946289062e-02 -4.427429288625717163e-03 1.867129351012408733e-03 9.473533369600772858e-03
-1.981037482619285583e-02 1.121902838349342346e-02 -8.917415514588356018e-03 -5.879540112800896168e-04 -2.906072651967406273e-03 -2.343350555747747421e-03 -9.838281199336051941e-03 -1.550319977104663849e-02 1.645470410585403442e-02 -1.981366425752639771e-02 1.065325140953063965e+00 -1.062323927879333496e+00 4.644981920719146729e-01 1.903531141579151154e-02 1.003061406663618982e-04 -2.785215852782130241e-03
2.176380157470703125e-02 -6.208692211657762527e-03 -3.346773609519004822e-02 3.903558477759361267e-03 -6.534940004348754883e-01 -6.134258583188056946e-02 5.419903993606567383e-01 -4.407579302787780762e-01 -2.149462699890136719e-02 -7.444034417858347297e-05 5.010001361370086670e-03 1.763714826665818691e-03 -3.720888169482350349e-03 -1.863406156189739704e-03 -6.237586028873920441e-03 -1.059911306947469711e-02
-1.699192076921463013e-02 1.538322074338793755e-03 -2.013238612562417984e-03 1.587377977557480335e-03 1.218304410576820374e-02 9.471321827732026577e-04 2.504961332306265831e-03 -1.312652486376464367e-03 -8.759133517742156982e-02 -7.615482062101364136e-02 1.363630533218383789e+00 1.495270133018493652e+00 -2.351278439164161682e-02 -1.369909103959798813e-02 -1.502538472414016724e-02 1.432506088167428970e-02
1.003467440605163574e-01 4.105626419186592102e-02 5.750635266304016113e-01 -7.002699375152587891e-01 -4.547686874866485596e-01 3.330517560243606567e-02 -4.292346537113189697e-02 -2.856115810573101044e-03 -1.875845529139041901e-02 3.506512613967061043e-03 1.864742604084312916e-03 1.475744182243943214e-03 2.700623124837875366e-03 1.112878671847283840e-03 -3.388480283319950104e-03 1.834668568335473537e-03
-1.114048480987548828e+00 -1.061370372772216797e-01 -6.335519254207611084e-02 -1.342123560607433319e-02 8.717915415763854980e-02 1.719396910630166531e-03 6.071478594094514847e-03 8.740545250475406647e-03 9.167708456516265869e-02 -2.716803923249244690e-02 -6.624209228903055191e-03 -8.541069924831390381e-03 2.101882174611091614e-02 3.385042306035757065e-03 1.562657416798174381e-03 -2.044924534857273102e-02
4.199609160423278809e-03 -3.126969968434423208e-04 -4.832668637391179800e-04 -1.975084014702588320e-04 -3.243294195272028446e-04 -3.740253741852939129e-04 -6.172448047436773777e-04 -3.170408774167299271e-03 6.437323987483978271e-03 8.042944828048348427e-04 2.224609052063897252e-04 3.990541677922010422e-03 -2.055699825286865234e-01 -7.567688226699829102e-01 6.069009006023406982e-02 7.142184972763061523e-01
1.386921852827072144e-01 -3.470342978835105896e-02 -1.095759987831115723e+00 1.181316137313842773e+00 -3.632194921374320984e-02 2.751116454601287842e-02 -2.653471827507019043e-01 3.508503735065460205e-02 4.761354625225067139e-02 2.340808277949690819e-03 2.975580049678683281e-03 1.897005131468176842e-03 9.897098643705248833e-04 5.327522521838545799e-04 -5.226466804742813110e-03 9.586577303707599640e-03
3.726389550138264894e-04 6.748671294189989567e-04 -2.338211517781019211e-03 3.852887544780969620e-03 -1.081599388271570206e-02 3.890884690918028355e-04 8.877930231392383575e-03 -1.228177454322576523e-03 1.236685633659362793e+00 -7.549009323120117188e-01 -6.462651491165161133e-01 -3.542523831129074097e-03 -8.779121190309524536e-02 4.344421438872814178e-03 6.616619881242513657e-03 2.073799725621938705e-03
-4.112928360700607300e-02 1.020663976669311523e-02 6.286349296569824219e-01 1.024733111262321472e-02 -6.197939068078994751e-02 8.277212036773562431e-04 8.309025168418884277e-01 4.587628245353698730e-01 -2.038323692977428436e-02 8.615304832346737385e-04 -2.130404580384492874e-03 6.217834888957440853e-04 -6.213528104126453400e-04 -2.526508411392569542e-03 7.112703751772642136e-03 -4.640332423150539398e-03
1.017235871404409409e-02 4.383912310004234314e-03 -2.503123134374618530e-03 -2.859553933376446366e-05 -5.087160039693117142e-03 -2.945421438198536634e-04 2.882499247789382935e-03 5.476403050124645233e-03 -1.917547173798084259e-02 -2.149159461259841919e-02 1.347852468490600586e+00 -1.462778449058532715e+00 3.588085472583770752e-01 1.080512441694736481e-02 3.288371860980987549e-02 -6.258635316044092178e-03
-6.873915344476699829e-02 -1.508509390987455845e-03 -7.883847691118717194e-03 4.945045337080955505e-03 -5.893736612051725388e-03 2.454441506415605545e-03 7.261583581566810608e-03 -4.341789521276950836e-03 -1.501950528472661972e-02 -5.120099522173404694e-03 -1.016800478100776672e-02 -8.133040741086006165e-03 1.586322426795959473e+00 4.611660540103912354e-02 6.788930892944335938e-01 1.154455393552780151e-01
2.628883579745888710e-03 -1.712977536953985691e-03 -1.152780838310718536e-03 1.637656823731958866e-04 -1.510168192908167839e-03 -8.457704097963869572e-04 2.928627422079443932e-03 2.106068423017859459e-03 2.492855768650770187e-03 1.721089472994208336e-03 -4.702073056250810623e-03 9.941156953573226929e-03 6.371145695447921753e-02 -7.134549021720886230e-01 7.734932303428649902e-01 -4.178020656108856201e-01
-1.319402456283569336e+00 -1.620924323797225952e-01 -1.110799536108970642e-01 -2.405465953052043915e-02 -2.168004810810089111e-01 5.864277016371488571e-03 -1.049716677516698837e-02 7.259402424097061157e-03 1.924535259604454041e-02 -2.909758128225803375e-03 4.202463198453187943e-03 2.347459318116307259e-03 -9.905526414513587952e-03 -1.392849226249381900e-04 -4.602861125022172928e-03 8.018147782422602177e-04
-2.325461804866790771e-02 4.507222399115562439e-02 1.171180725097656250e+00 -1.228397130966186523e+00 -3.594010695815086365e-02 9.094206243753433228e-02 -2.435802519321441650e-01 -2.708342485129833221e-02 -4.420496150851249695e-02 3.106380812823772430e-03 4.070287104696035385e-03 -4.594586498569697142e-04 4.059928469359874725e-03 2.669947221875190735e-03 -3.590072738006711006e-03 5.524100270122289658e-03
-4.143553227186203003e-02 1.243222225457429886e-02 -1.062035083770751953e+00 -1.229336619377136230e+00 6.471824049949645996e-01 5.378426611423492432e-02 1.808542641811072826e-03 1.968836784362792969e-02 -1.990377902984619141e-02 7.156041916459798813e-03 7.978859357535839081e-03 -1.720099244266748428e-03 1.005113031715154648e-02 3.908362239599227905e-03 -6.574455182999372482e-03 -2.256448380649089813e-03
-2.936942130327224731e-02 5.287280655466020107e-04 -5.144529044628143311e-03 -2.481886418536305428e-03 4.556620027869939804e-03 -1.715322869131341577e-04 2.327956492081284523e-03 4.681040532886981964e-03 5.960822850465774536e-02 -1.024251431226730347e-02 6.153356283903121948e-03 -5.065302830189466476e-03 -1.089988708496093750e+00 1.894325600005686283e-03 2.397722899913787842e-01 -1.372736990451812744e-01
-2.260875335196033120e-04 4.021435044705867767e-03 -2.849660580977797508e-03 -8.042780682444572449e-04 -9.175581857562065125e-03 -2.176339505240321159e-03 1.111403340473771095e-03 7.097112014889717102e-03 1.439632922410964966e-01 -2.874151803553104401e-02 1.482046604156494141e+00 -1.550076842308044434e+00 3.935566246509552002e-01 1.390652731060981750e-02 2.354846149682998657e-02 -1.126189366914331913e-03
1.240294543094933033e-03 -1.491367351263761520e-03 9.821340208873152733e-04 -2.074797637760639191e-03 1.408150536008179188e-03 1.862852077465504408e-04 -1.181636704131960869e-03 -5.407795310020446777e-03 -1.002335548400878906e+00 -7.229987978935241699e-01 -6.252053380012512207e-01 -4.254577681422233582e-02 -1.801744662225246429e-02 1.027927501127123833e-03 -5.374937318265438080e-03 1.454941375413909554e-04
3.339088521897792816e-03 -2.359193604206666350e-04 2.017332706600427628e-03 1.299806172028183937e-03 -1.958025386556982994e-03 -1.524254330433905125e-03 1.056609326042234898e-03 -2.104793908074498177e-03 1.138583850115537643e-02 -6.468819919973611832e-04 7.842342369258403778e-03 -1.103023067116737366e-02 -8.055438846349716187e-02 7.155937552452087402e-01 -8.586383610963821411e-02 -7.671449780464172363e-01
-1.615256420336663723e-03 -3.234689938835799694e-05 5.112623050808906555e-02 3.491152077913284302e-03 2.041729450225830078e+00 -8.048225939273834229e-02 -2.097868127748370171e-03 1.729194670915603638e-01 -2.083699777722358704e-02 -9.677273919805884361e-04 -3.468528622761368752e-03 1.164636807516217232e-03 -1.369128003716468811e-03 -8.313886355608701706e-04 -1.622025039978325367e-03 5.460508167743682861e-03
6.261129397898912430e-03 2.063325839117169380e-03 -2.237476641312241554e-03 8.182675228454172611e-04 -2.937720157206058502e-03 1.238706870935857296e-03 -6.833379622548818588e-03 6.466463673859834671e-04 -1.701495237648487091e-02 -7.517342921346426010e-03 8.889691904187202454e-03 -2.687566680833697319e-03 -6.518549323081970215e-01 3.845066130161285400e-01 -4.635356962680816650e-01 2.962521910667419434e-01
2.400518581271171570e-02 8.146219886839389801e-03 -1.185063086450099945e-02 -1.072221435606479645e-02 -4.575629159808158875e-02 -7.898405194282531738e-01 -4.298883080482482910e-01 5.337910056114196777e-01 2.267404226586222649e-03 -9.077332797460258007e-04 4.638705577235668898e-04 1.119668377214111388e-04 -2.897761762142181396e-03 1.202251223730854690e-04 -2.441386459395289421e-03 -6.405135500244796276e-04
-1.118079662322998047e+00 -8.563994169235229492e-01 6.303110122680664062e-01 -8.372721821069717407e-02 7.607258856296539307e-02 5.628351122140884399e-03 3.869948675855994225e-03 2.403888665139675140e-02 8.330152183771133423e-02 2.348233945667743683e-03 -1.295058801770210266e-02 -1.930744387209415436e-03 1.763735548593103886e-03 -2.815851185005158186e-04 -3.136949613690376282e-03 1.443871180526912212e-03
2.572526596486568451e-02 -3.566849045455455780e-03 -9.954945184290409088e-03 -9.211950004100799561e-03 -1.184711575508117676e+00 -6.251309812068939209e-02 -7.901159673929214478e-02 -5.779126193374395370e-03 1.151110883802175522e-02 1.505768974311649799e-03 -1.561891986057162285e-03 -2.153843874111771584e-03 1.237030420452356339e-02 -1.484206062741577625e-03 7.321141660213470459e-03 -2.877742750570178032e-03
2.677769633010029793e-03 5.807583220303058624e-03 1.337919943034648895e-02 6.415723357349634171e-03 -8.818517625331878662e-02 -7.564691305160522461e-01 4.021668434143066406e-01 -6.258602738380432129e-01 -1.522991154342889786e-02 3.157210594508796930e-04 -2.259386470541357994e-03 -2.843480324372649193e-04 7.698392728343605995e-04 -6.344018038362264633e-04 1.583469565957784653e-03 -2.827973337844014168e-03
-1.347889661788940430e+00 -7.447906136512756348e-01 8.401326090097427368e-02 -5.212381482124328613e-01 -1.187160760164260864e-01 1.421059481799602509e-02 8.071538992226123810e-03 -7.478222250938415527e-03 3.653135523200035095e-02 1.755539793521165848e-03 2.339159254916012287e-04 -2.133305970346555114e-04 -4.376462195068597794e-03 -2.856435021385550499e-04 -1.266383449546992779e-03 3.222537925466895103e-03
-4.228648543357849121e-02 -3.748088330030441284e-02 1.094383120536804199e+00 1.229797959327697754e+00 1.586420238018035889e-01 -3.844606503844261169e-02 -9.789743460714817047e-03 3.560452535748481750e-02 -5.463163554668426514e-02 -3.129875985905528069e-03 2.517624525353312492e-03 -4.462698008865118027e-03 1.820579869672656059e-03 9.582274942658841610e-04 -5.008950829505920410e-04 2.469449769705533981e-03
-9.599987268447875977e-01 -6.826551556587219238e-01 3.147792816162109375e-02 5.446297526359558105e-01 -3.749842569231987000e-02 -1.443400862626731396e-03 -2.023000083863735199e-02 2.315594442188739777e-02 4.686362296342849731e-02 -5.270917899906635284e-03 3.943726769648492336e-04 2.127398736774921417e-03 5.671449936926364899e-03 1.893886481411755085e-03 4.766937345266342163e-03 -6.360054016113281250e-03
1.466188766062259674e-02 -2.080171136185526848e-03 -1.472000963985919952e-02 -9.866350330412387848e-03 2.470628125593066216e-03 1.043722499161958694e-03 7.654219865798950195e-03 4.416138399392366409e-03 -1.477042287588119507e-01 -1.169193536043167114e-02 1.089816212654113770e+00 -2.694452367722988129e-02 1.294438391923904419e-01 3.577533178031444550e-03 8.284403011202812195e-03 2.477370016276836395e-02
-2.075239457190036774e-02 -4.520330578088760376e-03 2.908222377300262451e-03 -7.015916635282337666e-04 1.246335357427597046e-02 -5.294125730870291591e-05 -2.923022955656051636e-03 7.075201254338026047e-03 -1.141947209835052490e-01 1.862190477550029755e-02 7.217457294464111328e-01 -7.832763195037841797e-01 -5.869339108467102051e-01 2.384531311690807343e-02 3.753910213708877563e-02 -4.582357406616210938e-02
-5.123239010572433472e-03 3.033611690625548363e-03 -7.887359824962913990e-04 5.281765479594469070e-04 3.790116461459547281e-04 1.747791538946330547e-03 3.439813619479537010e-03 6.156677263788878918e-04 -1.179720044136047363e+00 -6.983419656753540039e-01 -2.722024023532867432e-01 -4.522779285907745361e-01 -1.599414274096488953e-02 2.184771001338958740e-03 1.048316340893507004e-02 -1.993637066334486008e-03
-3.810337278991937637e-03 1.118234544992446899e-02 1.715273596346378326e-02 2.656590566039085388e-02 -1.102709248661994934e-01 -9.462536573410034180e-01 -6.746338009834289551e-01 -5.176450610160827637e-01 -2.557759871706366539e-03 1.225095824338495731e-03 1.748872891766950488e-04 4.983620019629597664e-04 4.646578803658485413e-03 -1.029037288390100002e-03 -2.067292341962456703e-03 2.461895579472184181e-03
1.928038336336612701e-02 5.616059992462396622e-03 2.993211848661303520e-03 5.399356130510568619e-03 -1.272875368595123291e-01 -8.469672799110412598e-01 -5.908561348915100098e-01 3.052940368652343750e-01 4.199679940938949585e-03 2.793420280795544386e-04 -9.368812316097319126e-04 8.561545982956886292e-04 9.839463746175169945e-04 -4.318568389862775803e-04 2.872338751330971718e-03 2.580017317086458206e-03
1.388270407915115356e-02 7.405222859233617783e-03 -5.318465828895568848e-01 -7.210584282875061035e-01 5.389871597290039062e-01 1.768095046281814575e-02 3.743097186088562012e-03 2.398327924311161041e-02 5.098106712102890015e-02 4.232564009726047516e-03 4.900389816612005234e-03 -4.787941928952932358e-03 1.673527434468269348e-02 2.210744190961122513e-03 1.395751023665070534e-03 -1.714599202387034893e-04
7.578832656145095825e-02 8.653438650071620941e-03 -1.016842108219861984e-02 3.452159464359283447e-03 9.068299084901809692e-03 1.822171965613961220e-03 -6.856733933091163635e-03 7.559946738183498383e-03 2.490163296461105347e-01 -2.828758733812719584e-04 -7.341564893722534180e-01 6.948964595794677734e-01 3.888331651687622070e-01 -2.419468713924288750e-03 -2.263895608484745026e-02 -1.174895465373992920e-02
6.896181404590606689e-02 -9.598170220851898193e-02 -1.211955785751342773e+00 1.267094016075134277e+00 3.104256466031074524e-03 -3.052736446261405945e-02 2.442437037825584412e-02 2.848421595990657806e-02 8.136886358261108398e-02 4.544106777757406235e-03 -9.808148024603724480e-04 7.940289797261357307e-04 5.548411514610052109e-03 -4.641958221327513456e-04 5.453869234770536423e-03 2.294153964612632990e-04
4.704928491264581680e-03 2.928662579506635666e-03 1.313088345341384411e-03 -4.476876929402351379e-04 2.190445549786090851e-03 -4.899126943200826645e-04 -2.224943018518388271e-04 1.517943223007023335e-03 4.581146873533725739e-03 -2.769059967249631882e-03 5.983070004731416702e-03 -6.674357224255800247e-03 6.931219995021820068e-02 6.635982394218444824e-01 -4.506041407585144043e-01 4.525761902332305908e-01
4.715252667665481567e-02 6.247223820537328720e-03 -5.463442951440811157e-02 2.220263704657554626e-02 -5.438853502273559570e-01 -1.069280430674552917e-01 4.689789414405822754e-01 1.890598684549331665e-01 1.246219873428344727e-02 6.290303077548742294e-03 7.948963320814073086e-04 -1.699790707789361477e-03 -4.938817000947892666e-04 -5.830041482113301754e-04 -9.620275232009589672e-04 -2.188281621783971786e-03
1.061903715133666992e+00 -8.125085830688476562e-01 4.176254570484161377e-01 -7.041298598051071167e-02 -3.861336037516593933e-02 3.613421926274895668e-03 -1.020742021501064301e-02 -1.206077635288238525e-03 -3.467189148068428040e-02 -3.474981756880879402e-03 -6.033539306372404099e-03 -2.425155253149569035e-04 1.910005346871912479e-03 -9.731546160764992237e-04 -3.686686046421527863e-03 -2.802646486088633537e-03
-1.885714568197727203e-02 3.136456478387117386e-03 -2.465493977069854736e-03 1.121857319958508015e-03 2.252408536151051521e-03 -1.179718528874218464e-03 7.718278095126152039e-03 -3.981127520091831684e-04 -3.839578628540039062e-01 2.985434420406818390e-02 5.730410099029541016e+00 -1.312397944275289774e-04 2.362680882215499878e-01 -1.992796082049608231e-03 1.628269819775596261e-04 1.022330950945615768e-02
7.643985003232955933e-02 -1.386784366331994534e-03 -5.901913642883300781e-01 -6.000189781188964844e-01 -2.851999998092651367e-01 -1.139669299125671387e+00 2.375897914171218872e-01 1.251130223274230957e+00 -1.028073765337467194e-02 -6.127765867859125137e-03 -9.960316820070147514e-04 -3.107288619503378868e-03 -4.827401600778102875e-03 2.454480156302452087e-03 1.069373823702335358e-02 4.875182639807462692e-03
-4.591576159000396729e-01 3.935799300670623779e-01 1.138292908668518066e+00 2.750624902546405792e-02 -1.845037192106246948e-02 -6.497150752693414688e-03 -1.133580133318901062e-02 1.126224361360073090e-02 2.066488713026046753e-01 1.479504071176052094e-02 3.311650361865758896e-03 7.423562463372945786e-03 8.258184418082237244e-03 -1.572652603499591351e-03 -5.223060725256800652e-04 6.216445472091436386e-03
1.203414797782897949e+00 -8.536145687103271484e-01 1.332220584154129028e-01 -8.182018995285034180e-01 -1.755267381668090820e-01 1.437846198678016663e-02 1.321161445230245590e-02 -1.626518927514553070e-02 3.516979515552520752e-02 5.508391186594963074e-03 9.929281659424304962e-03 1.511670416221022606e-03 1.314458250999450684e-02 -1.607490819878876209e-03 5.758468061685562134e-03 -6.683411076664924622e-03
3.030892461538314819e-02 -1.170341391116380692e-03 1.256910432130098343e-02 -2.602750202640891075e-03 -4.050139337778091431e-03 -1.994153717532753944e-03 -2.664827741682529449e-03 5.542976316064596176e-03 -1.944656372070312500e+00 -1.085741352289915085e-02 6.409420166164636612e-03 -4.953039344400167465e-03 -1.791404373943805695e-02 3.968404140323400497e-03 1.056042872369289398e-02 -9.975779103115200996e-04
-8.648792863823473454e-04 6.435399409383535385e-03 1.408692356199026108e-02 5.684757139533758163e-03 -2.953553199768066406e-01 -6.339825391769409180e-01 -3.343360126018524170e-01 6.462607979774475098e-01 4.017804749310016632e-03 -1.496273325756192207e-04 -1.278152689337730408e-03 -1.562872203066945076e-04 -1.058828784152865410e-03 2.222498733317479491e-04 1.431697164662182331e-03 -9.570216643624007702e-04
-1.792861148715019226e-02 -3.747690934687852859e-03 4.089324269443750381e-03 -1.386870164424180984e-03 -1.219228142872452736e-03 -5.944124422967433929e-04 -4.372792784124612808e-03 5.904628895223140717e-03 1.174834370613098145e+00 -8.344473838806152344e-01 -4.265613108873367310e-02 -7.325023412704467773e-01 8.240237087011337280e-02 5.057258531451225281e-03 7.116975728422403336e-03 -1.072034239768981934e-02
7.853806018829345703e-01 -1.610533446073532104e-01 3.150135755538940430e+00 -1.091689802706241608e-02 -1.420262902975082397e-01 1.158827543258666992e-02 3.897457197308540344e-02 3.754281997680664062e-02 -1.379227787256240845e-01 -4.750861786305904388e-03 8.775119786150753498e-04 -5.505895242094993591e-03 -1.281633973121643066e-02 3.243020502850413322e-03 7.978521171025931835e-04 5.338880233466625214e-03
-6.502625066787004471e-03 6.414742674678564072e-03 1.060989405959844589e-02 -2.193026477470993996e-03 -5.750267580151557922e-02 8.306021988391876221e-02 4.008140563964843750e-01 8.917576670646667480e-01 3.444035770371556282e-03 2.685979008674621582e-03 -2.875780919566750526e-04 -1.070788013748824596e-03 2.249695593491196632e-03 -1.662646420300006866e-03 -3.797804005444049835e-03 4.221535753458738327e-03
-1.059507846832275391e+00 -7.905183434486389160e-01 1.285194605588912964e-01 1.085179075598716736e-01 2.033355087041854858e-02 -1.970733050256967545e-03 -7.475506979972124100e-03 -4.415569361299276352e-03 5.371531005948781967e-03 -5.707856616936624050e-04 -5.018595838919281960e-04 2.787119301501661539e-04 5.722783040255308151e-03 8.762703510001301765e-04 -3.853592788800597191e-03 -6.241240072995424271e-03
3.230446018278598785e-03 -8.098239777609705925e-04 -7.359729497693479061e-04 -1.552268950035795569e-04 1.303716329857707024e-03 1.560863573104143143e-03 4.947039997205138206e-04 -2.356077311560511589e-03 -6.634692195802927017e-03 -1.923701725900173187e-03 2.968562534078955650e-03 -4.297825042158365250e-03 -1.924842894077301025e-01 -1.866539753973484039e-02 7.719276100397109985e-02 1.368395805358886719e+00
-3.251382336020469666e-02 1.418167073279619217e-02 6.691040396690368652e-01 8.852640166878700256e-03 -9.957229346036911011e-02 -6.706372369080781937e-03 -7.883673906326293945e-01 -5.243684649467468262e-01 -1.731028663925826550e-03 5.342183168977499008e-03 -1.445397851057350636e-03 -1.942443894222378731e-03 3.193421522155404091e-03 -4.919860977679491043e-03 3.300133161246776581e-03 -2.947174245491623878e-03
-1.301723003387451172e+00 7.649882435798645020e-01 1.099561303853988647e-01 7.452320456504821777e-01 -6.686010211706161499e-02 -1.876493357121944427e-02 -1.253908383660018444e-03 -2.424671780318021774e-03 1.151918321847915649e-01 -7.346623111516237259e-03 -3.359984140843153000e-03 7.090648286975920200e-04 -8.440781966783106327e-04 -7.464596419595181942e-04 1.630977494642138481e-03 -1.620742958039045334e-03
5.323005607351660728e-04 1.180119812488555908e-03 1.301661832258105278e-04 -1.360142778139561415e-04 -9.561948827467858791e-04 1.107519026845693588e-03 -3.109136363491415977e-03 2.553829923272132874e-03 -1.010031905025243759e-02 -1.560053555294871330e-03 -2.636921359226107597e-03 3.621910233050584793e-03 8.908740431070327759e-02 -6.293544173240661621e-01 6.890274882316589355e-01 8.460651338100433350e-02
-3.645910620689392090e-01 1.263614743947982788e-01 4.823112964630126953e+00 5.867850035429000854e-03 2.415474057197570801e-01 1.428425032645463943e-02 -7.336350157856941223e-03 -4.754585772752761841e-02 -2.551117353141307831e-02 -3.629783401265740395e-03 -6.062724627554416656e-03 4.452309105545282364e-03 -1.127180759795010090e-03 -1.433836645446717739e-03 -5.828798748552799225e-03 -1.895105349831283092e-03
-8.824875578284263611e-03 2.351593039929866791e-02 -2.031732536852359772e-02 1.485574431717395782e-02 9.409814476966857910e-01 -1.183656677603721619e-01 -5.446330308914184570e-01 -4.612624049186706543e-01 -5.546949803829193115e-03 -2.228410216048359871e-03 9.722883114591240883e-04 -2.256226027384400368e-03 -1.140095409937202930e-03 -1.709057134576141834e-03 1.364568364806473255e-03 -2.514866646379232407e-04
1.036162767559289932e-02 4.102412462234497070e-01 8.215143345296382904e-03 4.366857707500457764e-01 -1.061332002282142639e-01 -2.041256986558437347e-02 -2.083553187549114227e-02 2.711150236427783966e-02 -2.994448319077491760e-02 4.419893026351928711e-01 3.012340143322944641e-02 4.342748820781707764e-01 3.972711041569709778e-02 -3.830000059679150581e-03 -5.613406654447317123e-03 4.252100829035043716e-03
-2.017069607973098755e-03 -1.481843995861709118e-03 1.782075385563075542e-03 -5.798540078103542328e-04 -2.849560696631669998e-03 9.560650796629488468e-04 -1.582893019076436758e-04 -5.278749391436576843e-03 -7.049822248518466949e-03 2.147622173652052879e-03 5.586127284914255142e-03 -3.788133617490530014e-03 -6.503234058618545532e-02 3.445137059316039085e-03 3.770564449951052666e-03 -1.548259377479553223e+00
4.849415272474288940e-03 -1.854239031672477722e-03 -4.652718489523977041e-04 9.029813372762873769e-05 -4.660881590098142624e-03 -6.153499271022155881e-05 -9.641639189794659615e-04 -2.215393818914890289e-03 -5.368947051465511322e-03 4.634606186300516129e-03 -7.747448049485683441e-03 7.615456823259592056e-03 -2.871709316968917847e-02 -6.380072236061096191e-01 -7.951400279998779297e-01 1.677901297807693481e-02
2.543289214372634888e-03 5.098957102745771408e-03 -2.508231846150010824e-04 -1.582348602823913097e-03 -3.229439491406083107e-03 7.186787552200257778e-04 3.829100402072072029e-03 -1.057996973395347595e-02 4.697844013571739197e-02 -1.839560456573963165e-02 7.416859269142150879e-03 -6.868332624435424805e-03 -4.162773787975311279e-01 3.203863278031349182e-02 -2.846341207623481750e-02 1.395366668701171875e+00
-1.124269962310791016e-01 9.849335066974163055e-03 3.987375181168317795e-03 -3.619127906858921051e-03 -7.221270352602005005e-03 -1.417326042428612709e-03 -5.893833586014807224e-04 5.982565693557262421e-03 -1.264883041381835938e+00 -7.140481472015380859e-01 -1.291919033974409103e-02 -5.521654486656188965e-01 -2.739677764475345612e-02 5.829967092722654343e-03 6.373967044055461884e-03 4.651214403565973043e-04
2.001582458615303040e-02 -2.245301380753517151e-03 -6.001363508403301239e-03 -2.293375553563237190e-03 2.803942654281854630e-03 -2.746157813817262650e-03 7.326815277338027954e-03 2.075814176350831985e-03 -1.964856870472431183e-02 4.592792689800262451e-02 -7.032190561294555664e-01 -7.575339674949645996e-01 3.032486438751220703e-01 8.752233348786830902e-03 3.340762341395020485e-03 -7.206948357634246349e-04
-7.765509653836488724e-03 -2.028551883995532990e-03 -5.712438374757766724e-03 1.560623408295214176e-03 -3.456696635112166405e-03 3.445887414272874594e-04 4.767803475260734558e-03 1.575468573719263077e-03 -1.860537827014923096e-01 2.165174297988414764e-02 2.623284101486206055e+00 -1.683119498193264008e-02 1.765612959861755371e-01 -3.584579331800341606e-03 3.240533405914902687e-03 1.825834438204765320e-02
3.806260228157043457e-02 -2.746412763372063637e-03 -8.651401731185615063e-04 1.397801912389695644e-03 -6.361328065395355225e-03 -1.387013355270028114e-03 2.108098939061164856e-03 6.932075601071119308e-03 -6.893514073453843594e-04 8.215160667896270752e-02 -1.216281175613403320e+00 -1.330241799354553223e+00 -9.158191829919815063e-02 1.350092329084873199e-02 8.716168813407421112e-03 -6.953589618206024170e-03
