6.528337001800537109e-01
-1.965274214744567871e-01
-9.001825749874114990e-02
-1.289184987545013428e-01
3.015951812267303467e-01
-1.333543956279754639e-01
-6.165875196456909180e-01
-4.533247053623199463e-01
-1.084869503974914551e-01
1.432973593473434448e-01
2.463867664337158203e+00
-3.479340374469757080e-01
1.245361045002937317e-01
-1.819825768470764160e-01
-1.689032316207885742e+00
-2.262171953916549683e-01
5.974672436714172363e-01
8.691991120576858521e-02
2.284030914306640625e+00
-1.691861897706985474e-01
-4.443003237247467041e-01
-7.335813641548156738e-01
2.192655503749847412e-01
-3.118024021387100220e-02
1.689080715179443359e+00
-1.745361536741256714e-01
-6.647258400917053223e-01
-8.171668648719787598e-02
-2.816794514656066895e-01
1.925610899925231934e-01
1.171489715576171875e+00
-1.341158270835876465e+00
1.589048355817794800e-01
2.976861298084259033e-01
-2.563395798206329346e-01
-2.766285836696624756e-01
1.622967571020126343e-01
1.940088272094726562e-01
-9.531138092279434204e-02
-1.502590030431747437e-01
2.174172163009643555e+00
-3.273300826549530029e-01
1.944554038345813751e-02
-4.067659676074981689e-01
-1.888045072555541992e-01
2.685068361461162567e-02
3.164630532264709473e-01
-1.239982619881629944e-01
-1.266905218362808228e-01
-2.053356170654296875e-01
-3.068505823612213135e-01
6.632118821144104004e-01
3.834652900695800781e-01
-4.437415003776550293e-01
-1.537648290395736694e-01
-2.943736016750335693e-01
-2.997752130031585693e-01
-1.184498906135559082e+00
-2.241082042455673218e-01
-1.049899384379386902e-01
3.306985199451446533e-01
4.657063782215118408e-01
-3.725298047065734863e-01
7.114686369895935059e-01
-8.234809041023254395e-01
1.733139455318450928e-01
4.334766864776611328e-01
3.010856211185455322e-01
2.167086005210876465e-01
4.822187423706054688e-01
-1.310398429632186890e-01
1.366410404443740845e-01
5.097233653068542480e-01
2.508311867713928223e-01
3.483465313911437988e-02
-8.860316276550292969e-01
-1.269027233123779297e+00
3.620749115943908691e-01
1.119066402316093445e-01
-7.024303823709487915e-02
-9.122080802917480469e-01
4.307455420494079590e-01
-1.305166721343994141e+00
-7.980807125568389893e-02
5.186711549758911133e-01
1.774733811616897583e-01
1.701958775520324707e-01
3.336267471313476562e-01
6.181124970316886902e-02
7.411935180425643921e-02
1.716297864913940430e-01
2.275876104831695557e-01
2.657417356967926025e-01
1.317013502120971680e-01
-1.968638896942138672e+00
2.208222597837448120e-01
2.337242662906646729e-01
4.193791449069976807e-01
-3.166360408067703247e-02
-7.963267713785171509e-02
3.652570545673370361e-01
2.825736301019787788e-03
-1.060053426772356033e-02
-4.705289320554584265e-04
-4.330780357122421265e-02
8.624551445245742798e-02
1.099678874015808105e-01
-5.416962876915931702e-02
3.347347378730773926e-01
2.913659811019897461e-01
-2.256276607513427734e-01
4.225729778409004211e-02
5.690862536430358887e-01
5.870106443762779236e-02
7.884357124567031860e-02
3.644339442253112793e-01
-1.729133278131484985e-01
2.642700821161270142e-02
2.143543809652328491e-01
2.195617184042930603e-02
-6.814534962177276611e-02
-7.760316729545593262e-01
2.889843285083770752e-01
-1.081214919686317444e-01
-5.030809402465820312e+00
3.940609395503997803e-01
-9.532212466001510620e-02
2.487917989492416382e-01
-9.233654290437698364e-02
7.646229118108749390e-02
3.059314191341400146e-01
-4.328555893152952194e-03
1.088222712278366089e-01
2.244683504104614258e-01
1.133154392242431641e+00
-3.163866698741912842e-02
-2.056713849306106567e-01
1.590857505798339844e-01
2.728670239448547363e-01
1.348217278718948364e-01
5.750906467437744141e-02
-1.886710226535797119e-01
1.493904590606689453e-01
-1.651062443852424622e-02
-1.118387579917907715e+00
-1.013914588838815689e-02
1.746285855770111084e-01
-1.372310370206832886e-01
1.082716211676597595e-01
-3.233762085437774658e-02
4.492291063070297241e-02
1.424717903137207031e-01
8.448131382465362549e-02
4.764563962817192078e-02
-4.660154134035110474e-02
2.381782084703445435e-01
-1.122349128127098083e-01
2.636320590972900391e-01
-3.714910149574279785e-01
-9.592556208372116089e-02
2.787025868892669678e-01
1.353320330381393433e-01
-2.026368528604507446e-01
-2.028323560953140259e-01
3.381010144948959351e-02
-2.065713107585906982e-01
-4.883090406656265259e-02
-2.196948379278182983e-01
4.491247236728668213e-02
3.252126872539520264e-01
4.073120281100273132e-02
1.099416166543960571e-01
5.000637099146842957e-02
-2.707283496856689453e-01
-1.901857107877731323e-01
-1.622023433446884155e-01
4.086561799049377441e-01
-8.763911575078964233e-02
8.710843324661254883e-02
-1.367970108985900879e-01
-3.980620577931404114e-02
-1.119754537940025330e-01
-6.016500666737556458e-02
-1.476011127233505249e-01
2.761628031730651855e-01
-1.823210120201110840e-01
8.887279033660888672e-02
-7.247844338417053223e-02
5.582373216748237610e-02
6.761598587036132812e-01
-4.260015860199928284e-02
5.309100821614265442e-02
2.392966032028198242e+00
3.234013080596923828e+00
-1.747528016567230225e-01
-2.343869954347610474e-01
6.809960305690765381e-02
4.492284655570983887e-01
-2.908414304256439209e-01
1.173099409788846970e-02
9.825085848569869995e-02
3.056850433349609375e-01
5.660700321197509766e+00
-7.943427562713623047e-01
3.910521268844604492e+00
-3.088574111461639404e-02
-3.467662930488586426e-01
1.262347996234893799e-01
-8.997948467731475830e-02
9.951868653297424316e-01
9.550305455923080444e-02
9.048835039138793945e-01
8.609250932931900024e-02
5.875426530838012695e-02
2.089242219924926758e+00
5.592426657676696777e-01
-4.244122207164764404e-01
-4.590905308723449707e-01
-2.765050828456878662e-01
-3.574056327342987061e-01
4.288337826728820801e-01
3.250266313552856445e+00
-8.115110993385314941e-01
-3.832016289234161377e-01
4.231333360075950623e-02
2.010888338088989258e+00
6.870536804199218750e-01
4.428796291351318359e+00
1.915495842695236206e-01
4.918137192726135254e-01
-6.420677155256271362e-02
-2.430786937475204468e-02
3.862680792808532715e-01
5.678471922874450684e-01
-5.591026693582534790e-02
3.547952651977539062e+00
2.698854506015777588e-01
4.847067221999168396e-02
-2.551103532314300537e-01
5.888744592666625977e-01
4.074796140193939209e-01
2.935976982116699219e-01
-5.078269243240356445e-01
6.877714395523071289e-01
4.155667781829833984e+00
4.767737865447998047e+00
2.120703011751174927e-01
-1.527944207191467285e-01
-4.010254144668579102e-01
3.348534584045410156e+00
8.916144818067550659e-02
2.386341094970703125e-01
-1.439360618591308594e+00
8.442341089248657227e-01
2.712233066558837891e+00
4.960389137268066406e-01
