-8.055368065834045410e-02
4.351999238133430481e-02
5.986296758055686951e-02
7.884781807661056519e-02
-5.131473019719123840e-02
1.109471619129180908e-01
-4.613203555345535278e-02
4.454026520252227783e-01
2.238341420888900757e-01
-2.160569280385971069e-01
-2.772680297493934631e-02
2.077943980693817139e-01
2.253276109695434570e-02
6.572166085243225098e-02
2.441787533462047577e-02
-1.604595631361007690e-01
-2.416279762983322144e-01
-8.714261651039123535e-02
2.051752954721450806e-01
5.310762524604797363e-01
-2.828010357916355133e-02
6.543947011232376099e-02
-1.830800808966159821e-02
-3.877944871783256531e-02
-3.768737614154815674e-02
3.883496299386024475e-02
-1.843983493745326996e-02
1.312486641108989716e-02
-2.430281043052673340e-01
-2.379610203206539154e-02
2.118965089321136475e-01
-1.030214224010705948e-02
2.966305911540985107e-01
3.685968741774559021e-02
