4.349111350165912881e-06
8.533277195965638384e-07
-1.355659878754522651e-05
3.986536739830626175e-06
2.851064436981687322e-06
9.877229786070529372e-06
1.480531227571191266e-05
9.432436854694969952e-06
1.743078792060259730e-05
-1.756879646563902497e-05
-1.609117589396191761e-06
-1.258900920220185071e-05
1.094695380743360147e-05
-6.655547622358426452e-06
3.580810243875021115e-06
-5.683744802809087560e-06
-5.295636128721525893e-06
-2.212664367107208818e-05
1.979352646230836399e-06
1.695650462352205068e-05
7.812212061253376305e-06
7.923027851575170644e-07
9.020583092933520675e-06
4.502056981436908245e-06
8.124231499095913023e-06
-2.144860263797454536e-05
-4.315024398238165304e-06
1.717864506645128131e-05
-4.465671736397780478e-06
-5.045919351687189192e-06
-1.404850081598851830e-05
-7.741739864286500961e-06
6.997057425905950367e-06
-1.214536587212933227e-05
-1.789587986422702670e-05
1.449533647246425971e-05
-7.341375749092549086e-06
6.039936124579980969e-06
1.071102451533079147e-05
-5.800432518299203366e-06
5.202183729124953970e-06
7.307161013159202412e-06
-2.007566990869236179e-06
-3.198063950549112633e-06
-3.603279537855996750e-06
3.394416125956922770e-06
-7.669097612961195409e-06
-7.006377131801855285e-07
-9.517591024632565677e-06
-1.405360762873897329e-06
-3.432205630815587938e-06
1.437890387023799121e-05
7.117447694326983765e-06
4.033900950162205845e-06
1.310887000727234408e-05
-1.700023130979388952e-05
-4.070388153195381165e-02
-3.939810540032340214e-06
2.682712693058419973e-05
-2.253837010357528925e-06
-3.756671731025562622e-06
-1.431558030162705109e-05
-8.965303095465060323e-06
-6.800321898481342942e-06
3.134996177323046140e-06
-2.234942257928196341e-06
-7.345588983298512176e-06
2.172896074625896290e-06
-1.929626250785076991e-06
3.628047124948352575e-06
8.410716532125661615e-07
-2.200369999627582729e-05
4.391446054796688259e-05
-1.695261336863040924e-03
5.561694706557318568e-06
-1.396321931679267436e-05
-3.343349135320750065e-06
-9.306430001743137836e-06
6.427789230656344444e-06
3.269302169428556226e-06
4.247232936904765666e-06
-6.444896371249342337e-06
-2.810568366840016097e-05
2.715928530960809439e-06
-2.228558969363803044e-06
6.306760496954666451e-06
5.625783614959800616e-06
8.087973583315033466e-06
-7.312778507184702903e-06
1.333867089670093264e-06
1.043041152115620207e-06
5.263464117888361216e-06
-6.528901508318085689e-07
6.573585324076702818e-06
1.816806616261601448e-05
-1.145481382991420105e-05
-6.991567715886048973e-06
-7.937581358419265598e-06
-2.857830736502364744e-07
1.321100398854468949e-06
-1.035559853335143998e-05
-6.148964075691765174e-06
1.458087353967130184e-06
9.369752660859376192e-06
-1.399743359797867015e-05
4.463246057184733218e-07
-1.018324837787076831e-05
5.046557362220482901e-06
5.267804681352572516e-06
3.972046215494628996e-06
3.459526396909495816e-06
-2.324746674275957048e-05
5.826731808156182524e-07
4.160802291153231636e-06
-9.197146368933317717e-07
-4.141524641454452649e-06
-7.172344567152322270e-07
-1.537624029879225418e-06
-3.700306706377887167e-06
-4.979021468898281455e-06
3.093504346907138824e-06
8.689031005815195385e-07
5.375045475375372916e-06
-5.522692390513839200e-06
3.641228659034823067e-06
8.540170711057726294e-06
-1.241946733898657840e-06
9.637087714509107172e-06
7.860470759624149650e-06
1.527614949736744165e-05
-1.003847319225315005e-05
-1.744955511640000623e-06
-1.116583943367004395e-01
-1.638881117105484009e-02
-8.223684062613756396e-07
6.732147994625847787e-06
8.142424121615476906e-06
-6.022062734700739384e-06
-3.781758323384565301e-06
6.595288368771434762e-07
-1.344335771591431694e-07
1.604010890332574490e-06
9.013816452352330089e-06
-9.872505870589520782e-07
3.184786464771605097e-06
-9.242468195225228556e-07
-8.369032912014517933e-06
7.284117145900381729e-06
-8.468932719551958144e-06
7.066380476317135617e-07
-4.584785074257524684e-06
-1.450401759939268231e-05
2.119378041243180633e-05
-9.683813914307393134e-06
2.905961309807025827e-06
-6.317931706689705607e-07
-1.396679408571799286e-06
-3.769502427530824207e-06
9.900337317958474159e-06
7.352865850407397375e-06
1.228439487022114918e-05
-1.234695173479849473e-05
-9.659302122599910945e-07
-2.818892141931428341e-07
2.684586206669337116e-06
1.060454997059423476e-05
-1.406126784786465578e-06
-1.980501565412851050e-06
-6.243948519113473594e-06
-6.939990271348506212e-07
5.734811452384747099e-07
-2.081486400129506364e-06
2.677436896192375571e-06
2.178641125283320434e-06
-5.227461770118679851e-06
4.251318443948548520e-07
-1.114662518375553191e-05
8.438803433818975464e-07
8.972452292255184148e-07
-2.766548732324736193e-06
-1.148053888755384833e-05
6.753340585419209674e-06
-1.756445612954848912e-06
-1.014737335935933515e-05
2.052633590210461989e-06
-2.331075847905594856e-05
-8.021331268537323922e-06
2.326735011592973024e-05
-8.706649168743751943e-06
-1.437047740182606503e-05
-5.934865839662961662e-06
6.866198418720159680e-06
8.740199729800224304e-03
8.886404430086258799e-06
-1.452776359656127170e-05
-1.155426616605836898e-05
5.114349050927557983e-07
9.063432365655899048e-02
1.055807956618082244e-06
5.545864041778258979e-06
-1.402590703219175339e-02
9.127143770456314087e-03
-1.562621218909043819e-05
3.539975965395569801e-03
5.565141691477037966e-06
7.775683421641588211e-03
-1.274272017326438800e-05
4.846758201892953366e-06
3.120186875094077550e-06
6.985869724303483963e-03
5.784091172245098278e-06
8.226934820413589478e-03
3.963532857596874237e-03
9.646178223192691803e-03
-4.391369202494388446e-06
-2.508139936253428459e-03
4.324599558458430693e-06
-2.346651172047131695e-06
6.682612820441136137e-06
-2.718481937336036935e-06
-1.330139184574363753e-05
-2.503043040633201599e-03
1.049703173339366913e-02
3.108313831035047770e-05
9.156211162917315960e-04
-2.731695531110744923e-06
7.584199011034797877e-06
5.630124178424011916e-06
2.606157795526087284e-04
-6.371232757373945788e-06
-1.971283927559852600e-05
-1.307491678744554520e-02
5.953377694822847843e-06
-3.105249788859509863e-06
7.066889200359582901e-03
-2.318436713721894193e-07
-2.785698711704753805e-07
-3.107420241121872095e-07
7.879645563662052155e-03
-7.273260504007339478e-03
-8.245259778050240129e-06
-1.023463159799575806e-02
-8.339222858921857551e-07
1.346326433122158051e-02
-5.862734269612701610e-06
-7.078381258907029405e-06
1.773685403168201447e-02
-2.153745981559040956e-07
9.775313548743724823e-03
5.061239335191203281e-06
-6.682835519313812256e-03
1.131744375015841797e-05
-4.032241577078821138e-06
1.092320690077031031e-05
1.292983163148164749e-02
-1.342794205993413925e-02
-1.715285725367721170e-05
6.581704947166144848e-04
-5.062771379016339779e-06
-2.068814449012279510e-02
-4.019474545202683657e-06
1.788656118151266128e-05
3.236006523366086185e-05
1.704421265458222479e-06
8.230910170823335648e-04
-6.912669050507247448e-06
-5.693702860298799351e-06
-1.613394488231278956e-05
1.150179468822898343e-05
-4.472565706237219274e-06
3.434203332290053368e-03
6.122409104136750102e-06
-7.941028343338984996e-06
7.273763185366988182e-05
-1.248240732820704579e-05
-1.323755896009970456e-05
1.773522421717643738e-02
3.397735326871043071e-06
7.526178844273090363e-03
-3.379351255716755986e-06
5.208505899645388126e-04
-6.049888208508491516e-03
-6.179093361424747854e-07
8.637708560854662210e-06
-8.496891723552835174e-07
-4.305704806029098108e-06
-1.518374029546976089e-02
-5.015406713937409222e-06
-3.123250962744350545e-06
3.288845531642436981e-03
9.103432297706604004e-03
1.488038014940684661e-05
1.711315235297661275e-05
2.605432655400363728e-06
-9.181826499116141349e-07
8.703074172444758005e-07
-5.750387117586797103e-06
-7.887333631515502930e-03
-5.774133114755386487e-06
-2.029908728218288161e-06
6.982758350204676390e-06
-1.236081123352050781e-02
-6.110035814344882965e-03
-4.433998838067054749e-03
4.430052740644896403e-06
1.702569988992763683e-06
-1.476854436077701394e-06
-4.477544734982075170e-06
5.214695192989893258e-06
1.839761171140708029e-05
2.473810687661170959e-03
1.313440407102461904e-06
-3.167156130075454712e-03
-1.090117730200290680e-03
1.773269474506378174e-02
-1.101747248321771622e-02
1.836009905673563480e-03
-2.431225217878818512e-02
-3.955383785068988800e-03
-3.037330770894186571e-06
5.576504008786287159e-06
1.205568201839923859e-02
2.181535772979259491e-02
-1.722996785247232765e-06
-5.279361270368099213e-03
1.081852428615093231e-02
4.215699391352245584e-06
-3.582265693694353104e-03
-2.139372006058692932e-02
4.177589900791645050e-03
3.467599395662546158e-03
1.012911752695799805e-06
-2.334778173462837003e-06
1.997570689127314836e-05
-9.020454854180570692e-06
8.628384093753993511e-04
7.173748599598184228e-06
-3.705030394485220313e-06
2.451210612264276278e-08
2.562536337791243568e-06
5.937379319220781326e-03
6.797215901315212250e-03
2.768897684291005135e-05
6.319823674857616425e-03
-5.789818707853555679e-03
2.169831986975623295e-06
-7.568306755274534225e-03
-5.235121989244362339e-06
-1.796533069864381105e-06
4.428765736520290375e-03
6.382977971952641383e-06
1.489490550011396408e-02
-8.741984143853187561e-03
-1.668096147477626801e-02
7.120650261640548706e-03
1.515920575911877677e-05
2.321602805750444531e-04
3.984749127994291484e-06
4.275823477655649185e-03
-3.530892399794538505e-06
7.602072400914039463e-06
-1.539283059537410736e-02
-1.610956132935825735e-05
1.303329099755501375e-05
2.086646109819412231e-02
1.115990198741201311e-05
-2.527683363950927742e-06
1.167516711575444788e-05
3.269046828791033477e-06
3.102058144577313215e-06
-3.403608161534066312e-06
9.721539754536934197e-06
-2.821839880198240280e-03
-1.316006455454044044e-05
4.433116373547818512e-06
-9.322983212769031525e-03
-1.325160246778978035e-05
3.638388079707510769e-06
-3.299431682535214350e-06
6.484427023679018021e-03
7.626310456544160843e-03
8.903253823518753052e-03
-3.083418732785503380e-06
-5.907800641580251977e-06
-9.380987080476188567e-07
1.111091673374176025e-02
1.674559825914911926e-05
4.623595941666280851e-06
-1.723252125884755515e-06
7.968476893438491970e-06
-1.129599581872753333e-06
-6.927254144102334976e-03
-2.153235300283995457e-06
1.135739847086369991e-03
9.738838343764655292e-06
1.733655459247529507e-03
-1.137770232162438333e-05
3.073460675295791589e-06
-1.905747805722057819e-03
1.106191240251064301e-02
1.489472854882478714e-02
3.476198390126228333e-02
-2.866001129150390625e-01
2.956272475421428680e-02
2.153102122247219086e-02
-2.382037974894046783e-02
8.307826705276966095e-03
-7.201538234949111938e-02
6.987177580595016479e-02
5.422210786491632462e-03
1.118031442165374756e-01
1.106195226311683655e-01
-2.104695700109004974e-02
7.541316747665405273e-02
-3.815143555402755737e-02
2.452174201607704163e-02
2.362764813005924225e-02
-1.801661029458045959e-02
-3.990380465984344482e-02
-1.279988437891006470e-01
-3.752358257770538330e-02
-2.582894265651702881e-02
-7.670223712921142578e-02
1.843915507197380066e-02
2.388686407357454300e-03
6.110044568777084351e-02
-8.062602579593658447e-02
-5.975450202822685242e-02
1.276469603180885315e-02
-8.767795562744140625e-02
-5.932775326073169708e-03
2.547902753576636314e-03
-1.425799429416656494e-01
-1.195379495620727539e-01
1.427663117647171021e-02
2.661316469311714172e-02
1.122799050062894821e-02
3.401029482483863831e-02
5.248769372701644897e-02
-1.038110163062810898e-02
-4.934958741068840027e-02
5.068940226919949055e-04
-3.461802303791046143e-01
2.437225729227066040e-02
-1.066110879182815552e-01
-1.483240276575088501e-01
-1.310281548649072647e-02
1.096237897872924805e-01
1.617584936320781708e-02
-6.753428373485803604e-03
-3.581690043210983276e-02
-8.092089742422103882e-02
9.664432145655155182e-03
-1.573343388736248016e-02
-6.817966699600219727e-02
5.341601744294166565e-02
-7.081100251525640488e-03
1.686031371355056763e-01
-1.047757193446159363e-01
3.914260491728782654e-02
1.510553807020187378e-02
5.657390877604484558e-02
-2.248840639367699623e-03
2.368794940412044525e-02
3.023751638829708099e-02
-3.429387509822845459e-02
-8.464169502258300781e-02
3.007192350924015045e-02
5.772343650460243225e-02
1.561388932168483734e-02
7.920885831117630005e-02
6.173320487141609192e-02
-7.257746160030364990e-02
1.079197274520993233e-03
6.184836477041244507e-02
-8.523231744766235352e-02
1.069029513746500015e-02
8.178035914897918701e-02
8.545506000518798828e-02
4.586043208837509155e-02
-7.308388128876686096e-03
-1.571942120790481567e-02
4.341262578964233398e-02
-4.747327417135238647e-02
8.475825190544128418e-02
3.701543435454368591e-02
-2.128796279430389404e-02
6.023414433002471924e-02
-2.000626362860202789e-02
5.887411534786224365e-03
-2.328793052583932877e-04
3.166036307811737061e-02
6.719571352005004883e-02
4.303934052586555481e-02
-6.436755508184432983e-02
-3.290538908913731575e-03
-5.983838345855474472e-03
-1.590986852534115314e-03
-1.313148904591798782e-02
-8.734869211912155151e-02
-4.085769876837730408e-02
2.557118795812129974e-02
1.353196799755096436e-01
3.514330834150314331e-02
1.499445457011461258e-02
-8.635438233613967896e-02
-5.672710016369819641e-03
4.456786066293716431e-02
5.465986579656600952e-02
-9.428143501281738281e-02
-1.116270348429679871e-01
-1.138987317681312561e-01
-9.081653505563735962e-02
1.637756265699863434e-02
2.827651053667068481e-02
3.103758394718170166e-02
6.001082248985767365e-03
-1.997379399836063385e-02
3.851532563567161560e-02
-2.351393550634384155e-02
-5.112726707011461258e-03
4.882530495524406433e-02
1.940230093896389008e-02
3.132254257798194885e-02
1.291610300540924072e-01
-2.970566041767597198e-03
5.584071204066276550e-02
-1.122180297970771790e-01
-6.495580077171325684e-02
7.386131584644317627e-02
-3.082567080855369568e-02
1.651179790496826172e-02
-2.920203842222690582e-04
6.737223826348781586e-03
-1.619422808289527893e-02
-3.977568075060844421e-02
-3.660454228520393372e-02
-1.828980445861816406e-02
-4.995720461010932922e-02
3.153705969452857971e-02
3.634246531873941422e-04
1.046500876545906067e-01
-6.098567321896553040e-02
-3.166916966438293457e-02
6.459550932049751282e-03
1.790266297757625580e-02
9.820562601089477539e-02
4.746594931930303574e-03
2.982709556818008423e-02
-7.243932783603668213e-02
4.685741662979125977e-02
-1.757687032222747803e-01
2.695770375430583954e-02
4.405272379517555237e-02
1.062631160020828247e-01
2.933843433856964111e-02
9.086657315492630005e-02
1.666758395731449127e-02
5.393507331609725952e-02
1.053164750337600708e-01
-9.333813935518264771e-02
-1.922385394573211670e-02
3.109904006123542786e-03
-5.356857180595397949e-02
-1.543240398168563843e-01
-1.172291766852140427e-02
5.790208815596997738e-04
1.326264068484306335e-02
-2.138513838872313499e-03
1.155044585466384888e-01
3.465139120817184448e-02
-9.737163782119750977e-02
1.340661346912384033e-01
-8.904731273651123047e-02
4.575026780366897583e-02
-2.319085225462913513e-02
3.236766159534454346e-02
3.588719666004180908e-02
-1.199155747890472412e-01
-7.624784111976623535e-02
-3.842844069004058838e-02
-6.470029801130294800e-02
-3.567286953330039978e-02
-3.133392333984375000e-02
1.199172139167785645e-01
-3.645698726177215576e-02
4.976062104105949402e-02
1.095956657081842422e-02
1.131937354803085327e-01
6.605089455842971802e-02
-4.909154027700424194e-03
6.541927158832550049e-02
-3.500836342573165894e-02
1.342598497867584229e-01
-1.078038569539785385e-02
-8.242230117321014404e-02
7.713138312101364136e-02
-1.430841814726591110e-02
-1.259079575538635254e-02
-1.190988533198833466e-02
