8.479399681091308594e+00
8.482139587402343750e+00
8.572249412536621094e+00
8.432500839233398438e+00
8.487396240234375000e+00
8.439167976379394531e+00
8.541419029235839844e+00
8.627763748168945312e+00
8.467444419860839844e+00
8.518420219421386719e+00
8.473095893859863281e+00
8.470023155212402344e+00
8.479387283325195312e+00
8.561119079589843750e+00
8.543604850769042969e+00
8.536641120910644531e+00
8.500458717346191406e+00
8.389260292053222656e+00
8.457226753234863281e+00
8.506819725036621094e+00
8.528405189514160156e+00
8.421270370483398438e+00
8.496149063110351562e+00
8.498588562011718750e+00
8.607881546020507812e+00
8.428886413574218750e+00
8.504020690917968750e+00
8.422427177429199219e+00
8.472528457641601562e+00
8.488397598266601562e+00
8.427187919616699219e+00
8.491321563720703125e+00
8.508212089538574219e+00
8.536353111267089844e+00
8.361659049987792969e+00
8.517403602600097656e+00
8.552880287170410156e+00
8.603005409240722656e+00
8.512655258178710938e+00
8.483424186706542969e+00
8.515301704406738281e+00
8.545812606811523438e+00
8.545002937316894531e+00
8.492369651794433594e+00
8.482933998107910156e+00
8.471808433532714844e+00
8.414582252502441406e+00
8.471976280212402344e+00
8.479148864746093750e+00
8.478566169738769531e+00
8.332309722900390625e+00
8.498740196228027344e+00
8.456996917724609375e+00
8.484965324401855469e+00
8.545071601867675781e+00
8.471995353698730469e+00
6.748071312904357910e-02
8.427396774291992188e+00
8.472060203552246094e+00
8.441757202148437500e+00
8.455317497253417969e+00
8.430600166320800781e+00
8.553114891052246094e+00
8.515227317810058594e+00
8.494746208190917969e+00
8.439587593078613281e+00
8.518401145935058594e+00
8.456278800964355469e+00
8.412344932556152344e+00
8.491409301757812500e+00
8.536075592041015625e+00
8.536252021789550781e+00
8.464530944824218750e+00
-7.303179800510406494e-02
8.453721046447753906e+00
8.527711868286132812e+00
8.425473213195800781e+00
8.517118453979492188e+00
8.458089828491210938e+00
8.399932861328125000e+00
8.444889068603515625e+00
8.520000457763671875e+00
8.502743721008300781e+00
8.459778785705566406e+00
8.534206390380859375e+00
8.461771011352539062e+00
8.503005981445312500e+00
8.556251525878906250e+00
8.495478630065917969e+00
8.438423156738281250e+00
8.474028587341308594e+00
8.453904151916503906e+00
8.452146530151367188e+00
8.508059501647949219e+00
8.484328269958496094e+00
8.521340370178222656e+00
8.447934150695800781e+00
8.553517341613769531e+00
8.454336166381835938e+00
8.474253654479980469e+00
8.470032691955566406e+00
8.347995758056640625e+00
8.475857734680175781e+00
8.503791809082031250e+00
8.466041564941406250e+00
8.538095474243164062e+00
8.423693656921386719e+00
8.424968719482421875e+00
8.512586593627929688e+00
8.477786064147949219e+00
8.492242813110351562e+00
8.528900146484375000e+00
8.422713279724121094e+00
8.544796943664550781e+00
8.460612297058105469e+00
8.458266258239746094e+00
8.609733581542968750e+00
8.468097686767578125e+00
8.483477592468261719e+00
8.496711730957031250e+00
8.488714218139648438e+00
8.463513374328613281e+00
8.516925811767578125e+00
8.572939872741699219e+00
8.483859062194824219e+00
8.491399765014648438e+00
8.470163345336914062e+00
8.601702690124511719e+00
8.489276885986328125e+00
8.462072372436523438e+00
8.457424163818359375e+00
8.471364021301269531e+00
-2.155420631170272827e-01
1.171740517020225525e-01
8.469252586364746094e+00
8.497604370117187500e+00
8.552792549133300781e+00
8.529793739318847656e+00
8.415334701538085938e+00
8.487872123718261719e+00
8.487477302551269531e+00
8.539838790893554688e+00
8.563158988952636719e+00
8.390613555908203125e+00
8.477002143859863281e+00
8.496326446533203125e+00
8.565668106079101562e+00
8.582891464233398438e+00
8.508505821228027344e+00
8.519887924194335938e+00
8.474926948547363281e+00
8.486359596252441406e+00
8.487445831298828125e+00
8.499743461608886719e+00
8.488949775695800781e+00
8.504376411437988281e+00
8.467954635620117188e+00
8.432777404785156250e+00
8.537155151367187500e+00
8.460106849670410156e+00
8.509280204772949219e+00
8.456762313842773438e+00
8.576278686523437500e+00
8.403794288635253906e+00
8.535202980041503906e+00
8.504653930664062500e+00
8.502683639526367188e+00
8.553909301757812500e+00
8.371813774108886719e+00
8.574124336242675781e+00
8.463208198547363281e+00
8.461834907531738281e+00
8.460754394531250000e+00
8.523726463317871094e+00
8.419856071472167969e+00
8.420989990234375000e+00
8.408777236938476562e+00
8.488342285156250000e+00
8.574874877929687500e+00
8.479996681213378906e+00
8.365780830383300781e+00
8.528474807739257812e+00
8.534079551696777344e+00
8.493833541870117188e+00
8.447558403015136719e+00
8.463096618652343750e+00
8.453307151794433594e+00
8.499124526977539062e+00
8.448446273803710938e+00
8.534770965576171875e+00
8.570656776428222656e+00
8.451220512390136719e+00
8.698312640190124512e-01
8.456975936889648438e+00
8.490400314331054688e+00
8.477880477905273438e+00
8.529449462890625000e+00
-3.279452621936798096e-01
8.450646400451660156e+00
8.416580200195312500e+00
1.225889801979064941e+00
6.227062940597534180e-01
-1.028636837005615234e+01
1.040151596069335938e+00
-9.956189155578613281e+00
8.193010091781616211e-01
-1.043167209625244141e+01
-9.993401527404785156e+00
-1.005404853820800781e+01
6.178308129310607910e-01
-1.010392761230468750e+01
1.005406141281127930e+00
5.899833440780639648e-01
5.173598527908325195e-01
-1.041431522369384766e+01
3.045156002044677734e-01
-1.022894096374511719e+01
-8.582715034484863281e+00
-1.007511901855468750e+01
-8.464151382446289062e+00
-9.963058471679687500e+00
1.315325736999511719e+00
7.013292312622070312e-01
-9.745607376098632812e+00
-8.138515055179595947e-02
-7.890133857727050781e+00
-9.586501121520996094e+00
-8.047358512878417969e+00
2.022703886032104492e-01
-9.172741889953613281e+00
-8.355199813842773438e+00
6.937245726585388184e-01
-1.013259029388427734e+01
-8.043577194213867188e+00
1.215503931045532227e+00
-8.311895370483398438e+00
-1.027432823181152344e+01
-1.033565711975097656e+01
9.550094008445739746e-01
1.246792078018188477e+00
-8.654488563537597656e+00
1.179169058799743652e+00
-1.041364097595214844e+01
1.358754754066467285e+00
-1.063635730743408203e+01
-7.607488632202148438e+00
1.122876286506652832e+00
-8.156635284423828125e+00
1.085289597511291504e+00
-8.075316429138183594e+00
1.369372606277465820e+00
-9.705705642700195312e+00
-8.429036140441894531e+00
-9.474144935607910156e+00
3.941411972045898438e-01
1.503534913063049316e+00
-9.990948677062988281e+00
6.221125647425651550e-02
-8.355260848999023438e+00
1.095835208892822266e+00
-8.809804916381835938e+00
-8.485859870910644531e+00
5.158538818359375000e-01
-8.805329322814941406e+00
-4.611921012401580811e-01
-1.009788799285888672e+01
-8.468953132629394531e+00
-8.634813308715820312e+00
-8.581395149230957031e+00
-8.405788421630859375e+00
1.014554381370544434e+00
-8.094179153442382812e+00
-1.036271667480468750e+01
1.348612546920776367e+00
-8.072257995605468750e+00
-9.920945167541503906e+00
6.456015110015869141e-01
-9.984948158264160156e+00
6.428409814834594727e-01
-9.854434967041015625e+00
4.867029190063476562e-01
6.374986767768859863e-01
-9.027981758117675781e+00
-8.557143211364746094e+00
-8.823712348937988281e+00
-6.890714645385742188e+00
9.384205341339111328e-01
-1.021168994903564453e+01
-9.036461830139160156e+00
1.257716178894042969e+00
1.526173114776611328e+00
-9.550793647766113281e+00
-8.438941955566406250e+00
-9.237618446350097656e+00
-9.967041015625000000e+00
-1.037336826324462891e+01
-8.837136268615722656e+00
8.439780473709106445e-01
-9.768083572387695312e+00
-1.034679126739501953e+01
-9.464747428894042969e+00
1.181787848472595215e+00
5.549908876419067383e-01
8.325495123863220215e-01
-8.981301307678222656e+00
-1.018616676330566406e+01
-9.514810562133789062e+00
-9.693634033203125000e+00
-9.011993408203125000e+00
-9.537446975708007812e+00
1.428313255310058594e-01
-1.009544467926025391e+01
7.747154831886291504e-01
-7.791275978088378906e-01
6.366947889328002930e-01
1.399995326995849609e+00
9.468137025833129883e-01
8.101803660392761230e-01
7.720838785171508789e-01
-9.139683723449707031e+00
-9.210650444030761719e+00
1.251516222953796387e+00
4.618508517742156982e-01
-1.025814151763916016e+01
-5.193399786949157715e-01
1.442862153053283691e+00
-7.913229942321777344e+00
9.601674675941467285e-01
6.236375570297241211e-01
1.258691787719726562e+00
1.164570093154907227e+00
-8.474979400634765625e+00
-1.108864784240722656e+01
-9.903741836547851562e+00
-8.445214271545410156e+00
1.207643389701843262e+00
-1.028968238830566406e+01
-8.113256454467773438e+00
-8.183242797851562500e+00
-8.688838958740234375e+00
1.212785601615905762e+00
4.585410058498382568e-01
-1.030305290222167969e+01
1.080982208251953125e+00
9.686635136604309082e-01
-8.932098388671875000e+00
2.382732629776000977e-01
-1.018082523345947266e+01
-9.782606124877929688e+00
9.627046585083007812e-01
-7.559623241424560547e+00
3.221701979637145996e-01
1.192789435386657715e+00
1.451125144958496094e+00
3.454137146472930908e-01
-8.028980255126953125e+00
4.960810840129852295e-01
-9.878808975219726562e+00
8.526315689086914062e-01
-9.365553855895996094e+00
-1.009229946136474609e+01
1.084903836250305176e+00
-1.009720897674560547e+01
-8.147408485412597656e+00
6.548100113868713379e-01
-8.393773078918457031e+00
-9.987180709838867188e+00
-1.024927043914794922e+01
-8.908515930175781250e+00
-1.009922122955322266e+01
-1.021585941314697266e+01
-9.453475952148437500e+00
1.147207975387573242e+00
-9.699821472167968750e+00
-8.197784423828125000e+00
1.123446702957153320e+00
-9.023757934570312500e+00
-8.518718719482421875e+00
-1.010800743103027344e+01
9.778308272361755371e-01
1.429966568946838379e+00
6.184875965118408203e-01
-8.250817298889160156e+00
-1.025259590148925781e+01
-1.015252876281738281e+01
6.103959083557128906e-01
-8.878067016601562500e+00
-1.015713405609130859e+01
-8.414472579956054688e+00
-1.010897731781005859e+01
-9.720973968505859375e+00
7.640703916549682617e-01
-8.620750427246093750e+00
-1.493415832519531250e+00
-7.716907978057861328e+00
3.349856138229370117e-01
-8.538537979125976562e+00
-1.096272754669189453e+01
1.177851319313049316e+00
1.382038354873657227e+00
-7.743717432022094727e-01
8.157978951930999756e-02
-4.419803444761782885e-04
4.701807200908660889e-01
3.791210427880287170e-02
-6.355572259053587914e-04
1.444751024246215820e-01
-8.140040934085845947e-02
2.829821966588497162e-02
1.030945256352424622e-01
1.525217890739440918e-01
8.293527178466320038e-03
-7.766203582286834717e-02
9.028298407793045044e-02
-4.374426603317260742e-02
-5.482165887951850891e-02
3.701956570148468018e-02
5.177807211875915527e-01
3.471973836421966553e-01
-3.071911931037902832e-01
9.740662574768066406e-02
2.341125905513763428e-01
-1.195164769887924194e-01
-1.687232553958892822e-01
7.964499294757843018e-03
-1.879661679267883301e-01
-5.874908715486526489e-02
-3.386537134647369385e-01
7.249002810567617416e-03
-6.019078195095062256e-02
6.443686485290527344e-01
6.849320977926254272e-02
6.975780427455902100e-02
-2.321235686540603638e-01
-1.408492028713226318e-01
-1.578422933816909790e-01
2.315442264080047607e-01
-6.031805649399757385e-02
1.780690848827362061e-01
2.487065345048904419e-01
-4.538005962967872620e-02
-8.655988425016403198e-02
-2.884675189852714539e-02
-2.647547423839569092e-01
-2.404328435659408569e-03
-3.891162276268005371e-01
5.787936970591545105e-02
1.376536041498184204e-01
-9.260678291320800781e-02
8.305138945579528809e-01
3.710209429264068604e-01
-9.637544304132461548e-02
1.180573254823684692e-01
1.517537236213684082e-01
-3.313979133963584900e-02
-5.897962450981140137e-01
1.389484596252441406e+01
3.168500065803527832e-01
6.483726948499679565e-02
7.148655131459236145e-03
1.241252291947603226e-02
-1.757164001464843750e-01
-8.545728772878646851e-02
3.549081683158874512e-01
6.739289034157991409e-03
-1.406363490968942642e-02
6.639912128448486328e-01
-3.481218516826629639e-01
5.382398962974548340e-01
-5.498119592666625977e-01
-2.635858394205570221e-02
1.785972416400909424e-01
2.449882961809635162e-02
1.189987754821777344e+01
-5.815300941467285156e-01
1.432792395353317261e-01
2.254888564348220825e-01
1.313896756619215012e-02
-2.969919703900814056e-02
-6.415408849716186523e-02
-2.948184125125408173e-02
-9.781801700592041016e-02
1.361183524131774902e-01
2.261929810047149658e-01
9.763042628765106201e-02
-6.650537252426147461e-02
-1.540746688842773438e-01
1.026587784290313721e-01
-1.571560800075531006e-01
3.644638061523437500e-01
-5.950922966003417969e-01
-1.281714737415313721e-01
-8.876777440309524536e-02
-1.695291139185428619e-02
-3.984006866812705994e-02
3.010322526097297668e-02
1.047231182456016541e-01
-8.696877211332321167e-02
1.550536006689071655e-01
-8.795588463544845581e-02
2.459260225296020508e-01
-3.725397959351539612e-02
-7.341029495000839233e-02
7.281214743852615356e-02
-3.236654102802276611e-01
-2.453741282224655151e-01
1.724028289318084717e-01
-1.799689382314682007e-01
4.585929587483406067e-02
-4.036312922835350037e-02
-2.669084258377552032e-02
-2.988383732736110687e-02
1.573357544839382172e-02
-4.822658374905586243e-02
-1.158508583903312683e-01
-5.512431263923645020e-01
-3.131885826587677002e-02
-4.247863888740539551e-01
-1.648975349962711334e-02
-6.204701960086822510e-02
-3.481046557426452637e-01
2.892702519893646240e-01
6.799811869859695435e-02
-2.077860198915004730e-02
-1.018475182354450226e-02
-3.500475883483886719e-01
-5.774717330932617188e-01
7.359783351421356201e-02
-1.211991719901561737e-02
2.033351957798004150e-01
2.047670036554336548e-01
-5.135209560394287109e-01
3.866737747192382812e+01
-1.222067546844482422e+01
5.866805315017700195e-01
-2.275275588035583496e-01
1.545665413141250610e-01
-4.515395462512969971e-01
9.242994785308837891e-01
-2.494608759880065918e-01
-2.109719514846801758e-01
9.195188432931900024e-02
6.264048814773559570e-02
-8.917476981878280640e-02
-7.608214765787124634e-02
2.418556809425354004e-01
1.788855046033859253e-01
6.228372454643249512e-02
-7.992463186383247375e-03
1.163841411471366882e-01
-6.279971003532409668e-01
-1.017507687211036682e-01
6.814815849065780640e-02
-5.591565966606140137e-01
2.747555449604988098e-02
2.741557955741882324e-01
1.634584069252014160e-01
4.384987056255340576e-02
-1.586598902940750122e-01
7.382065989077091217e-03
8.230931311845779419e-02
9.019739180803298950e-02
-8.507044613361358643e-02
-8.594359457492828369e-02
-7.837161421775817871e-02
-6.197632551193237305e-01
-3.725444525480270386e-02
-1.725945249199867249e-02
-2.253194004297256470e-01
8.973713219165802002e-02
6.761282682418823242e-02
-4.430655390024185181e-02
-1.352654993534088135e-01
-5.489950254559516907e-02
-6.600858569145202637e-01
1.643797308206558228e-01
-3.668531179428100586e-01
-2.352118790149688721e-01
-8.925412595272064209e-02
-3.726393729448318481e-02
2.418651133775711060e-01
-1.399582345038652420e-02
1.360386610031127930e-01
1.037080809473991394e-01
2.421015501022338867e-01
-6.292091310024261475e-02
3.543870523571968079e-02
2.866619229316711426e-01
-1.129143163561820984e-01
-1.152062416076660156e-01
3.481974452733993530e-02
1.111227199435234070e-01
1.131031990051269531e+01
-1.844870299100875854e-02
1.262439787387847900e-01
-1.183810308575630188e-01
-2.325942926108837128e-02
3.403673553466796875e+01
5.101603642106056213e-02
-5.069996118545532227e-01
