8.424617767333984375e+00
8.589709281921386719e+00
8.488446235656738281e+00
8.458635330200195312e+00
8.516363143920898438e+00
8.539968490600585938e+00
8.540216445922851562e+00
8.585043907165527344e+00
8.526455879211425781e+00
8.497854232788085938e+00
8.499418258666992188e+00
8.567145347595214844e+00
8.542954444885253906e+00
8.620895385742187500e+00
8.463519096374511719e+00
8.538701057434082031e+00
8.576301574707031250e+00
8.497638702392578125e+00
8.562910079956054688e+00
8.436968803405761719e+00
8.584098815917968750e+00
8.417838096618652344e+00
8.577111244201660156e+00
8.508696556091308594e+00
8.632384300231933594e+00
8.518073081970214844e+00
8.463314056396484375e+00
8.538025856018066406e+00
8.502597808837890625e+00
8.498643875122070312e+00
8.511499404907226562e+00
8.476649284362792969e+00
8.543759346008300781e+00
8.475408554077148438e+00
8.357579231262207031e+00
8.456326484680175781e+00
8.482739448547363281e+00
8.475482940673828125e+00
8.528945922851562500e+00
8.420186042785644531e+00
8.439440727233886719e+00
8.452961921691894531e+00
8.516201019287109375e+00
8.478352546691894531e+00
8.455556869506835938e+00
8.472892761230468750e+00
8.538014411926269531e+00
8.494365692138671875e+00
8.443403244018554688e+00
8.446312904357910156e+00
8.349275588989257812e+00
8.517907142639160156e+00
8.517587661743164062e+00
8.468761444091796875e+00
8.464757919311523438e+00
8.455063819885253906e+00
-1.068777870386838913e-02
8.439435005187988281e+00
8.508502006530761719e+00
8.510100364685058594e+00
8.548341751098632812e+00
8.461007118225097656e+00
8.522520065307617188e+00
8.448701858520507812e+00
8.520328521728515625e+00
8.499620437622070312e+00
8.421598434448242188e+00
8.520816802978515625e+00
8.518739700317382812e+00
8.474459648132324219e+00
8.442097663879394531e+00
8.432313919067382812e+00
8.584701538085937500e+00
1.232501026242971420e-02
8.497654914855957031e+00
8.524317741394042969e+00
8.455358505249023438e+00
8.503966331481933594e+00
8.528074264526367188e+00
8.511684417724609375e+00
8.500855445861816406e+00
8.513521194458007812e+00
8.578904151916503906e+00
8.506507873535156250e+00
8.469350814819335938e+00
8.502177238464355469e+00
8.508021354675292969e+00
8.573522567749023438e+00
8.420444488525390625e+00
8.529524803161621094e+00
8.492357254028320312e+00
8.546377182006835938e+00
8.437408447265625000e+00
8.495250701904296875e+00
8.559166908264160156e+00
8.538188934326171875e+00
8.476196289062500000e+00
8.480124473571777344e+00
8.549206733703613281e+00
8.553970336914062500e+00
8.428183555603027344e+00
8.316462516784667969e+00
8.516673088073730469e+00
8.459526062011718750e+00
8.495517730712890625e+00
8.540508270263671875e+00
8.507264137268066406e+00
8.537022590637207031e+00
8.492430686950683594e+00
8.538697242736816406e+00
8.479701995849609375e+00
8.528956413269042969e+00
8.543165206909179688e+00
8.557605743408203125e+00
8.528697967529296875e+00
8.425186157226562500e+00
8.544202804565429688e+00
8.508510589599609375e+00
8.533821105957031250e+00
8.493455886840820312e+00
8.461291313171386719e+00
8.456905364990234375e+00
8.450958251953125000e+00
8.535948753356933594e+00
8.518887519836425781e+00
8.557377815246582031e+00
8.476952552795410156e+00
8.516742706298828125e+00
8.488584518432617188e+00
8.543220520019531250e+00
8.465993881225585938e+00
8.480435371398925781e+00
-1.242180615663528442e-01
6.916940957307815552e-02
8.477388381958007812e+00
8.530401229858398438e+00
8.609968185424804688e+00
8.443825721740722656e+00
8.435586929321289062e+00
8.475779533386230469e+00
8.423559188842773438e+00
8.482640266418457031e+00
8.564869880676269531e+00
8.488967895507812500e+00
8.464468955993652344e+00
8.458836555480957031e+00
8.504040718078613281e+00
8.551303863525390625e+00
8.417891502380371094e+00
8.481590270996093750e+00
8.497561454772949219e+00
8.512490272521972656e+00
8.442915916442871094e+00
8.458581924438476562e+00
8.500821113586425781e+00
8.488726615905761719e+00
8.479987144470214844e+00
8.554253578186035156e+00
8.510154724121093750e+00
8.456618309020996094e+00
8.513937950134277344e+00
8.514851570129394531e+00
8.552313804626464844e+00
8.494106292724609375e+00
8.543665885925292969e+00
8.454516410827636719e+00
8.502244949340820312e+00
8.627955436706542969e+00
8.392065048217773438e+00
8.474920272827148438e+00
8.504672050476074219e+00
8.504704475402832031e+00
8.478780746459960938e+00
8.467507362365722656e+00
8.522544860839843750e+00
8.503257751464843750e+00
8.506361007690429688e+00
8.461802482604980469e+00
8.614476203918457031e+00
8.460173606872558594e+00
8.366728782653808594e+00
8.545343399047851562e+00
8.417037963867187500e+00
8.466121673583984375e+00
8.538258552551269531e+00
8.533944129943847656e+00
8.531947135925292969e+00
8.499333381652832031e+00
8.500100135803222656e+00
8.524578094482421875e+00
8.473724365234375000e+00
8.465154647827148438e+00
8.885855078697204590e-01
8.533195495605468750e+00
8.491405487060546875e+00
8.511705398559570312e+00
8.467044830322265625e+00
-3.063531219959259033e-01
8.518578529357910156e+00
8.486936569213867188e+00
1.240296840667724609e+00
7.409352064132690430e-01
-1.017827224731445312e+01
1.163786053657531738e+00
-9.901041030883789062e+00
7.653506398200988770e-01
-1.049636173248291016e+01
-1.003437995910644531e+01
-1.007048130035400391e+01
7.016764879226684570e-01
-1.003686618804931641e+01
1.044731736183166504e+00
6.370137929916381836e-01
5.040487647056579590e-01
-1.035834789276123047e+01
2.523907124996185303e-01
-1.011085700988769531e+01
-8.688855171203613281e+00
-1.001931858062744141e+01
-8.440546989440917969e+00
-9.910078048706054688e+00
1.260178923606872559e+00
7.083876729011535645e-01
-9.795329093933105469e+00
3.152313455939292908e-02
-7.945764541625976562e+00
-9.633118629455566406e+00
-8.010182380676269531e+00
2.635272145271301270e-01
-9.209862709045410156e+00
-8.296578407287597656e+00
7.438058853149414062e-01
-1.005943489074707031e+01
-8.034934043884277344e+00
1.191284418106079102e+00
-8.288462638854980469e+00
-1.028393363952636719e+01
-1.044456386566162109e+01
9.489406943321228027e-01
1.253945231437683105e+00
-8.634723663330078125e+00
1.194735288619995117e+00
-1.040076255798339844e+01
1.358299612998962402e+00
-1.068818473815917969e+01
-7.671554088592529297e+00
1.131445527076721191e+00
-8.207001686096191406e+00
1.143248677253723145e+00
-8.068119049072265625e+00
1.373504877090454102e+00
-9.808573722839355469e+00
-8.329089164733886719e+00
-9.507195472717285156e+00
3.899879455566406250e-01
1.492674589157104492e+00
-9.973751068115234375e+00
5.891754105687141418e-02
-8.309093475341796875e+00
1.063589453697204590e+00
-8.825408935546875000e+00
-8.608772277832031250e+00
5.437541604042053223e-01
-8.735939979553222656e+00
-4.802524447441101074e-01
-1.001147747039794922e+01
-8.449456214904785156e+00
-8.672108650207519531e+00
-8.556123733520507812e+00
-8.456691741943359375e+00
9.573428630828857422e-01
-8.044379234313964844e+00
-1.025106430053710938e+01
1.313062667846679688e+00
-8.096084594726562500e+00
-1.001151084899902344e+01
7.704811096191406250e-01
-9.859108924865722656e+00
6.411330103874206543e-01
-9.875067710876464844e+00
4.783998131752014160e-01
7.520931363105773926e-01
-9.114823341369628906e+00
-8.570518493652343750e+00
-8.884654045104980469e+00
-6.957894325256347656e+00
8.180183768272399902e-01
-1.023833942413330078e+01
-8.990575790405273438e+00
1.247572302818298340e+00
1.456901192665100098e+00
-9.562433242797851562e+00
-8.449107170104980469e+00
-9.314149856567382812e+00
-1.002165126800537109e+01
-1.030931854248046875e+01
-8.740912437438964844e+00
8.592705130577087402e-01
-9.789221763610839844e+00
-1.034498786926269531e+01
-9.464760780334472656e+00
1.148249268531799316e+00
5.646638274192810059e-01
8.014974594116210938e-01
-9.102710723876953125e+00
-1.029126930236816406e+01
-9.542640686035156250e+00
-9.722656250000000000e+00
-9.002331733703613281e+00
-9.549606323242187500e+00
2.407613843679428101e-01
-1.013543128967285156e+01
6.956373453140258789e-01
-7.647227644920349121e-01
6.386014819145202637e-01
1.295129776000976562e+00
1.037670731544494629e+00
8.538851141929626465e-01
8.836166858673095703e-01
-9.124835968017578125e+00
-9.246618270874023438e+00
1.238066315650939941e+00
5.346375107765197754e-01
-1.032345581054687500e+01
-5.233982801437377930e-01
1.354930758476257324e+00
-7.995445728302001953e+00
8.801671862602233887e-01
5.549386739730834961e-01
1.250594139099121094e+00
1.137513279914855957e+00
-8.506349563598632812e+00
-1.113266944885253906e+01
-9.942089080810546875e+00
-8.468770027160644531e+00
1.281448960304260254e+00
-1.029431724548339844e+01
-8.139934539794921875e+00
-8.221358299255371094e+00
-8.681357383728027344e+00
1.230612039566040039e+00
4.789943099021911621e-01
-1.020295143127441406e+01
1.072513580322265625e+00
1.001778960227966309e+00
-8.997159957885742188e+00
3.147487044334411621e-01
-1.025448131561279297e+01
-9.694358825683593750e+00
9.551427960395812988e-01
-7.582719326019287109e+00
3.024219274520874023e-01
1.249461054801940918e+00
1.531955599784851074e+00
3.073212504386901855e-01
-8.021326065063476562e+00
3.907804787158966064e-01
-9.980038642883300781e+00
9.090163707733154297e-01
-9.430159568786621094e+00
-1.011217784881591797e+01
1.043273091316223145e+00
-1.010509490966796875e+01
-8.204910278320312500e+00
6.584246158599853516e-01
-8.475728988647460938e+00
-1.005393409729003906e+01
-1.015833663940429688e+01
-8.919331550598144531e+00
-1.013406562805175781e+01
-1.011733531951904297e+01
-9.380810737609863281e+00
1.192291975021362305e+00
-9.685645103454589844e+00
-8.226768493652343750e+00
1.150360465049743652e+00
-8.912016868591308594e+00
-8.405441284179687500e+00
-1.019556713104248047e+01
9.797650575637817383e-01
1.369162678718566895e+00
6.228523254394531250e-01
-8.265587806701660156e+00
-1.019012165069580078e+01
-1.017441654205322266e+01
5.805816650390625000e-01
-8.806732177734375000e+00
-1.008052730560302734e+01
-8.421284675598144531e+00
-1.011811923980712891e+01
-9.757969856262207031e+00
7.197498083114624023e-01
-8.598713874816894531e+00
-1.371433734893798828e+00
-7.761078357696533203e+00
3.300568461418151855e-01
-8.484198570251464844e+00
-1.103352642059326172e+01
1.189081430435180664e+00
1.431681990623474121e+00
-6.847705245018005371e-01
7.329113781452178955e-02
-4.940926656126976013e-02
5.226323008537292480e-01
-8.532305061817169189e-02
2.325388789176940918e-02
1.972386091947555542e-01
-1.301752477884292603e-01
-7.844511419534683228e-02
1.417507082223892212e-01
9.055756777524948120e-02
-1.482944749295711517e-02
-7.448942959308624268e-02
1.036032289266586304e-01
-1.853084415197372437e-01
-5.270545557141304016e-02
-4.391481727361679077e-02
5.791992545127868652e-01
3.314445316791534424e-01
-4.114307761192321777e-01
-7.131382822990417480e-03
1.768757998943328857e-01
-8.452731370925903320e-02
-4.520038887858390808e-02
-3.859892720356583595e-03
-2.929684519767761230e-01
-6.068409886211156845e-03
9.946817904710769653e-02
8.307517319917678833e-02
-7.368005067110061646e-02
6.188198924064636230e-01
3.766911802813410759e-03
1.095679961144924164e-02
-4.159478098154067993e-02
-1.995549499988555908e-01
-1.984033733606338501e-01
2.016755193471908569e-01
-1.059422045946121216e-01
8.805872499942779541e-02
1.894557327032089233e-01
9.743648022413253784e-02
-7.934163510799407959e-02
1.793389953672885895e-02
-1.845372915267944336e-01
1.170283649116754532e-02
-4.939725697040557861e-01
2.903375588357448578e-02
7.883014529943466187e-02
-2.922957576811313629e-02
9.474612474441528320e-01
4.030142426490783691e-01
2.158864587545394897e-02
1.991612017154693604e-01
7.429340481758117676e-02
-1.202076599001884460e-01
-6.905122399330139160e-01
-3.220422363281250000e+01
2.026902288198471069e-01
-1.848501153290271759e-02
-9.423932433128356934e-02
-9.866818785667419434e-03
-2.579688727855682373e-01
-4.771567508578300476e-02
3.085612058639526367e-01
-3.141323477029800415e-02
-1.073010042309761047e-01
6.586024761199951172e-01
-3.866024315357208252e-01
5.390044450759887695e-01
-5.723267793655395508e-01
-4.164118692278862000e-02
3.825559979304671288e-03
9.913893416523933411e-03
-2.826917648315429688e+01
-5.593916773796081543e-01
1.423048228025436401e-01
1.667507141828536987e-01
1.651015877723693848e-02
1.824930310249328613e-02
-1.208563223481178284e-01
9.888511151075363159e-02
-1.155821755528450012e-01
7.365068048238754272e-02
3.168267309665679932e-01
1.794382631778717041e-01
-4.108844324946403503e-02
-1.970794200897216797e-01
9.393844753503799438e-02
-2.032044529914855957e-01
4.813106954097747803e-01
-4.897284209728240967e-01
5.445098131895065308e-02
-3.465429693460464478e-02
-1.119759529829025269e-01
-4.923303797841072083e-02
-9.762223064899444580e-02
4.928168281912803650e-02
-3.788466751575469971e-02
2.081935256719589233e-01
-6.819195300340652466e-02
3.100290000438690186e-01
-2.007705122232437134e-01
5.033241957426071167e-02
6.458685547113418579e-02
-2.881390750408172607e-01
-1.750379204750061035e-01
-4.558219611644744873e-01
-2.185222655534744263e-01
-4.150090739130973816e-02
-9.645436704158782959e-02
-3.371122851967811584e-02
-5.064740031957626343e-02
-1.627171784639358521e-02
6.298728287220001221e-02
-8.842203766107559204e-02
-5.413922667503356934e-01
-1.498463600873947144e-01
-5.658908486366271973e-01
-6.816521286964416504e-02
-7.415693998336791992e-02
-4.225183129310607910e-01
3.545273244380950928e-01
2.811329253017902374e-02
-5.275693163275718689e-02
1.014069560915231705e-02
-3.367402851581573486e-01
-5.067968368530273438e-01
9.717206656932830811e-02
-3.642415255308151245e-02
8.852472901344299316e-02
3.896256983280181885e-01
-5.576163530349731445e-01
-9.324057006835937500e+01
2.764145851135253906e+01
5.449796915054321289e-01
-1.387433111667633057e-01
7.559029012918472290e-02
-4.661242067813873291e-01
9.795131683349609375e-01
-2.976613044738769531e-01
-3.540975749492645264e-01
9.720756858587265015e-02
1.257305294275283813e-01
4.991116002202033997e-02
-8.465462177991867065e-02
1.793968230485916138e-01
1.325427442789077759e-01
2.831023372709751129e-02
-5.236332491040229797e-02
1.928433217108249664e-02
-6.270017027854919434e-01
-8.346477150917053223e-02
1.400540322065353394e-01
-5.330508351325988770e-01
2.674018032848834991e-02
2.935768365859985352e-01
1.632383614778518677e-01
4.537101462483406067e-02
-1.512069255113601685e-01
-2.122113667428493500e-02
1.025879457592964172e-01
4.894866421818733215e-02
-1.652986705303192139e-01
-8.060620166361331940e-03
-4.214520007371902466e-02
-6.471088528633117676e-01
-3.678249567747116089e-02
-1.358120441436767578e-01
-1.743514835834503174e-01
9.104122221469879150e-02
2.863897569477558136e-02
2.239599637687206268e-02
-2.913845889270305634e-02
-7.348001748323440552e-02
-7.564948201179504395e-01
2.651978731155395508e-01
-3.685500025749206543e-01
-3.742073774337768555e-01
-4.880722239613533020e-02
-1.336453482508659363e-02
3.514770269393920898e-01
-6.220025010406970978e-03
1.102646738290786743e-01
1.610534489154815674e-01
2.123958468437194824e-01
-3.523283451795578003e-02
-5.399843212217092514e-03
3.352089524269104004e-01
-1.804367899894714355e-01
-1.089186221361160278e-01
-2.620826475322246552e-02
-8.487607538700103760e-02
-1.371558284759521484e+01
7.023460697382688522e-03
-2.769778668880462646e-02
-1.481325328350067139e-01
-1.274750381708145142e-01
-8.131845092773437500e+01
5.385583639144897461e-02
-5.123230218887329102e-01
