4.307931289076805115e-02
-1.064163446426391602e-02
-2.521343231201171875e-01
-2.222063578665256500e-02
4.115482792258262634e-03
3.840785473585128784e-02
4.602942988276481628e-02
-7.235880196094512939e-02
8.824124187231063843e-02
-3.448412939906120300e-02
1.161723509430885315e-01
7.672449946403503418e-02
3.078406490385532379e-02
9.699431806802749634e-02
-4.259303212165832520e-03
2.114436961710453033e-02
2.522537298500537872e-02
-1.214958913624286652e-02
-3.710492327809333801e-02
-1.146376579999923706e-01
-1.564983651041984558e-02
-3.491704910993576050e-02
-1.295180916786193848e-01
4.481260851025581360e-02
7.502427790313959122e-03
7.433851808309555054e-02
-7.272572070360183716e-02
-6.591124832630157471e-02
1.667691767215728760e-02
-9.727530181407928467e-02
-2.371835522353649139e-02
6.835144478827714920e-03
-1.140596643090248108e-01
-1.124285981059074402e-01
8.398444205522537231e-02
5.261266976594924927e-02
-1.505286432802677155e-03
8.133890107274055481e-03
3.585062175989151001e-02
1.108985394239425659e-02
-4.868085309863090515e-02
1.656500808894634247e-02
-2.890432178974151611e-01
5.050714686512947083e-02
-1.073981374502182007e-01
-2.027700990438461304e-01
-8.516729809343814850e-03
1.100862771272659302e-01
6.147665902972221375e-02
-9.564263746142387390e-03
-2.712931670248508453e-02
-7.723033428192138672e-02
2.885841578245162964e-02
-3.300920128822326660e-02
-2.824131399393081665e-02
3.037292510271072388e-02
7.046791911125183105e-02
1.566382497549057007e-01
-1.206038147211074829e-01
-3.594380617141723633e-02
1.746223866939544678e-02
7.493609189987182617e-02
-3.066496923565864563e-02
2.738493680953979492e-02
2.390979230403900146e-02
-4.226170480251312256e-02
-1.373780667781829834e-01
3.901107981801033020e-02
2.391093038022518158e-02
2.265482954680919647e-02
7.609420455992221832e-03
6.957147270441055298e-02
-5.673903599381446838e-02
-1.812415756285190582e-02
8.661202341318130493e-02
-6.856066733598709106e-02
-2.938727848231792450e-02
6.237816065549850464e-02
1.568452715873718262e-01
3.453668905422091484e-03
7.245882879942655563e-03
-7.451137993484735489e-03
2.977975830435752869e-02
-7.483678311109542847e-02
8.012722432613372803e-02
3.480644896626472473e-02
-4.321580380201339722e-02
6.543073803186416626e-02
1.841660216450691223e-02
3.285316377878189087e-02
3.553206846117973328e-02
2.383748255670070648e-02
9.835056215524673462e-02
3.654056042432785034e-02
-4.257172718644142151e-02
-2.901710383594036102e-02
-3.784235194325447083e-02
-8.296369016170501709e-02
3.718346729874610901e-02
-5.686863139271736145e-02
-5.481324344873428345e-02
1.543309912085533142e-02
1.220103427767753601e-01
8.064021915197372437e-02
6.646286696195602417e-02
-5.334350839257240295e-02
5.616687610745429993e-02
5.676513537764549255e-02
3.037092089653015137e-02
-8.366023004055023193e-02
-9.533881396055221558e-02
-1.058673188090324402e-01
-8.188614994287490845e-02
2.652740105986595154e-02
-1.160307005047798157e-01
5.749528761953115463e-03
3.345443308353424072e-02
-1.896481961011886597e-02
1.022915542125701904e-01
-3.738100081682205200e-02
-3.228951478376984596e-03
-2.355979196727275848e-02
2.336513437330722809e-02
1.513280067592859268e-02
1.266940385103225708e-01
3.328897804021835327e-02
8.357992023229598999e-02
-5.322412028908729553e-02
-7.189799100160598755e-02
4.511201009154319763e-02
-2.176998741924762726e-02
2.475389465689659119e-02
1.070886850357055664e-01
-1.650275290012359619e-02
-2.395509369671344757e-02
-5.136359483003616333e-02
2.173559507355093956e-03
-2.401542291045188904e-02
-4.926907643675804138e-02
3.351401537656784058e-02
2.859257720410823822e-02
9.583164751529693604e-02
-6.621162593364715576e-02
-1.336996257305145264e-01
-5.011515319347381592e-02
3.310228511691093445e-02
1.008400097489356995e-01
-1.549108233302831650e-02
-6.377791985869407654e-03
-4.806273430585861206e-02
4.471385851502418518e-02
-1.368622928857803345e-01
6.269599497318267822e-02
5.679466575384140015e-02
9.046384692192077637e-02
1.829046197235584259e-02
1.098779439926147461e-01
3.184742480516433716e-02
6.859856843948364258e-02
7.493910193443298340e-02
-1.177167519927024841e-01
3.236536309123039246e-02
3.920895513147115707e-03
-5.450644716620445251e-02
-1.006174683570861816e-01
-3.201697766780853271e-02
1.243608910590410233e-02
-2.126820757985115051e-02
3.309165686368942261e-02
8.943150937557220459e-02
3.498167917132377625e-02
-1.003172993659973145e-01
1.055151969194412231e-01
-7.452622056007385254e-02
5.166759714484214783e-02
8.135731332004070282e-03
6.098105385899543762e-02
3.560897707939147949e-02
-1.036142706871032715e-01
-1.581529900431632996e-02
-9.244065731763839722e-02
-1.723052002489566803e-02
-3.894174844026565552e-02
-2.979551255702972412e-02
9.326586127281188965e-02
-4.859155416488647461e-02
3.240442648530006409e-02
3.579123690724372864e-02
1.217106282711029053e-01
5.143750831484794617e-02
-9.239742532372474670e-03
1.043951958417892456e-01
-2.901330962777137756e-02
1.365884542465209961e-01
-2.263815701007843018e-02
-8.831537514925003052e-02
7.183276116847991943e-02
6.782373040914535522e-02
-3.500559180974960327e-02
2.980118617415428162e-02
