1.082278937101364136e-01
-2.274180501699447632e-01
-2.602388858795166016e-01
2.022531479597091675e-01
-1.381086111068725586e-01
-5.152336955070495605e-01
-5.628811195492744446e-02
-1.177811175584793091e-01
6.551032513380050659e-02
9.187447838485240936e-03
2.485667616128921509e-01
3.696559742093086243e-02
1.094678714871406555e-01
1.314199417829513550e-01
2.195352762937545776e-01
4.582439661026000977e-01
2.082295119762420654e-01
1.334754079580307007e-01
2.674569487571716309e-01
-7.491610199213027954e-02
1.329814642667770386e-01
1.240408495068550110e-01
