3.447623178362846375e-02
3.401815891265869141e-02
1.545140594244003296e-01
1.683032885193824768e-02
1.679842621088027954e-01
8.468743413686752319e-03
-1.097114570438861847e-02
2.987962961196899414e-02
-2.023133635520935059e-02
2.676970511674880981e-02
4.592263605445623398e-03
3.795550763607025146e-02
-1.478067319840192795e-02
2.272741869091987610e-02
-1.996951922774314880e-02
-4.972299933433532715e-02
-1.057252958416938782e-01
3.984450362622737885e-03
-2.547708153724670410e-02
3.044380806386470795e-02
-4.937332123517990112e-02
-1.019247574731707573e-03
-5.352963879704475403e-02
-9.876179695129394531e-02
7.408776786178350449e-03
6.183121725916862488e-02
5.201104655861854553e-02
-3.305254876613616943e-02
-3.887999430298805237e-02
4.082548618316650391e-02
1.520443800836801529e-02
3.188794478774070740e-02
-1.041494384407997131e-01
4.517621919512748718e-02
-4.028296843171119690e-02
7.079479098320007324e-02
-4.265320673584938049e-02
1.698760874569416046e-02
-2.673782221972942352e-02
-8.129784464836120605e-02
-3.963596746325492859e-02
-3.985116630792617798e-02
1.032887250185012817e-01
-4.525085166096687317e-02
1.466733124107122421e-02
9.691862389445304871e-03
-1.583083346486091614e-02
2.951434813439846039e-02
4.275759682059288025e-02
-1.155906077474355698e-02
-2.783566713333129883e-02
-1.470395326614379883e-01
1.235826313495635986e-02
3.454322740435600281e-02
-6.135969609022140503e-02
-3.733360767364501953e-02
-2.766386568546295166e-01
7.533523021265864372e-04
7.002235949039459229e-02
1.117596253752708435e-01
-1.084332391619682312e-01
-3.385706990957260132e-02
-3.587720915675163269e-02
-5.856896564364433289e-02
-2.576187718659639359e-03
-1.861847937107086182e-02
1.563029736280441284e-02
-3.160135447978973389e-02
-4.420372471213340759e-02
-1.211197115480899811e-02
-3.061523474752902985e-02
7.078140974044799805e-02
4.622865468263626099e-02
8.900803327560424805e-02
-2.754926495254039764e-02
1.704408973455429077e-01
2.116408944129943848e-02
-1.591785103082656860e-01
-1.561321504414081573e-02
8.553542941808700562e-02
-5.985864996910095215e-02
-6.176785007119178772e-02
5.474522709846496582e-02
-7.104784995317459106e-02
6.860899180173873901e-02
3.871586918830871582e-02
1.203120592981576920e-02
-1.511514335870742798e-01
8.019817620515823364e-02
-2.711869403719902039e-02
-1.211011223495006561e-02
-1.576264798641204834e-01
-3.689638897776603699e-02
-2.466502599418163300e-02
-2.021192014217376709e-02
7.097610086202621460e-02
5.881980061531066895e-03
1.269127987325191498e-02
-3.086756542325019836e-02
7.308465987443923950e-02
-6.869091838598251343e-02
8.660160005092620850e-02
-1.654297299683094025e-02
-8.311341516673564911e-04
6.100457534193992615e-02
6.602234393358230591e-02
2.030376531183719635e-02
-8.132067322731018066e-02
7.857934385538101196e-02
-4.949597641825675964e-02
-2.266683802008628845e-02
1.975934356451034546e-01
2.325499430298805237e-02
-1.007576733827590942e-01
8.632214367389678955e-02
8.280962705612182617e-02
3.739592432975769043e-02
5.211291089653968811e-02
-1.320277526974678040e-02
4.913135990500450134e-02
-2.783102216199040413e-03
-4.215647652745246887e-02
5.547747388482093811e-02
-4.892821237444877625e-02
-1.316435635089874268e-02
-3.989795222878456116e-03
-2.550429664552211761e-02
-2.428499050438404083e-02
5.429447162896394730e-03
1.854526624083518982e-02
-4.342462867498397827e-02
-1.028124336153268814e-02
-2.391056269407272339e-01
-4.949135705828666687e-02
1.169832143932580948e-02
4.211610555648803711e-02
1.251644045114517212e-01
6.669927388429641724e-02
2.905401401221752167e-02
1.211986504495143890e-02
1.014245152473449707e-01
4.050914198160171509e-02
1.802764534950256348e-01
1.644221879541873932e-02
5.218977481126785278e-02
3.822023794054985046e-02
-5.764165148138999939e-02
-2.355483174324035645e-01
-1.023007705807685852e-01
-8.538248389959335327e-02
8.224355429410934448e-02
-3.115762397646903992e-02
-5.342367291450500488e-02
-4.447491839528083801e-02
9.412293136119842529e-02
-9.288005530834197998e-02
1.775469630956649780e-02
-1.393071711063385010e-01
-1.944832131266593933e-02
-3.341800067573785782e-03
-2.752715488895773888e-03
-5.761341378092765808e-02
-6.055315025150775909e-03
2.129678428173065186e-02
-5.858749151229858398e-02
7.758896052837371826e-02
6.694050133228302002e-02
1.076984480023384094e-01
1.798190362751483917e-02
-1.160798072814941406e-01
5.589388683438301086e-02
8.849842846393585205e-02
-3.908922150731086731e-02
1.513222306966781616e-01
-3.231619484722614288e-03
-9.478650242090225220e-02
7.592360023409128189e-03
7.573312520980834961e-02
-4.062541574239730835e-02
-8.861593157052993774e-02
-3.333086892962455750e-02
-5.778768658638000488e-02
5.388886108994483948e-02
2.420310862362384796e-02
1.377376168966293335e-02
-1.890768669545650482e-02
-8.248630166053771973e-02
-3.113443031907081604e-02
-6.265155971050262451e-02
-1.212835535407066345e-01
-9.684578515589237213e-03
-6.842862349003553391e-03
-1.723580621182918549e-02
3.589830175042152405e-02
6.618129462003707886e-02
-3.067698888480663300e-02
-8.053898066282272339e-02
-6.632166448980569839e-03
-6.685835123062133789e-02
5.737540125846862793e-02
