7.425755262374877930e-02
-4.372680559754371643e-02
-3.134571248665452003e-03
-1.487270146608352661e-01
-1.816004812717437744e-01
-4.563821852207183838e-02
1.015469133853912354e-01
1.948993653059005737e-01
3.164125978946685791e-01
8.199559897184371948e-02
2.162905484437942505e-01
-1.309205889701843262e+00
-1.190068244934082031e+00
-6.597489118576049805e-01
-2.684512853622436523e+00
-2.030670881271362305e+00
-8.473291993141174316e-01
-2.116683959960937500e+00
-1.646807670593261719e+00
-2.098469734191894531e+00
-1.684522151947021484e+00
-1.595939755439758301e+00
