2.237488329410552979e-01
-4.886647164821624756e-01
7.003116607666015625e-01
1.121042147278785706e-01
4.154868051409721375e-02
5.551631748676300049e-02
7.899142503738403320e-01
1.954077035188674927e-01
2.332133352756500244e-01
2.123067677021026611e-01
1.770907491445541382e-01
1.884804219007492065e-01
-3.198076412081718445e-02
-3.036459684371948242e-01
1.376456618309020996e+00
-1.944020017981529236e-02
-2.414427548646926880e-01
2.635611295700073242e-01
1.865282952785491943e-01
8.516258001327514648e-02
3.637999594211578369e-01
-1.946005821228027344e-01
1.886709183454513550e-01
8.857219666242599487e-02
1.626425683498382568e-01
3.456969857215881348e-01
1.963680386543273926e-01
-1.161592751741409302e-01
4.020978808403015137e-01
4.598236083984375000e-02
1.005480885505676270e-01
-8.792103268206119537e-03
2.807910740375518799e-01
-1.028873473405838013e-01
2.413862347602844238e-01
3.831774694845080376e-03
2.850300371646881104e-01
-1.476886272430419922e-01
8.405487053096294403e-03
3.678025901317596436e-01
-2.126845158636569977e-02
-2.983015589416027069e-02
3.612437248229980469e-01
-4.373186528682708740e-01
-3.550216853618621826e-01
-2.771592326462268829e-02
-8.362022042274475098e-01
1.330334097146987915e-01
-1.785763055086135864e-01
-3.013578355312347412e-01
-2.054425776004791260e-01
-6.184604391455650330e-02
3.632278367877006531e-02
5.896192789077758789e-02
-1.282922476530075073e-01
-2.142822295427322388e-01
1.621137410402297974e-01
3.972460329532623291e-01
1.198016047477722168e+00
1.521942019462585449e-01
3.717776834964752197e-01
1.950501054525375366e-01
-1.085470020771026611e-01
6.165670752525329590e-01
1.374836117029190063e-01
2.166377604007720947e-01
-2.573775351047515869e-01
2.939221635460853577e-02
4.368477165699005127e-01
6.715455651283264160e-02
-4.695536494255065918e-01
9.368348866701126099e-02
6.784976273775100708e-02
3.535947576165199280e-02
2.164571583271026611e-01
6.385753750801086426e-01
-3.763329684734344482e-01
1.858742907643318176e-02
-3.633694350719451904e-01
4.227114915847778320e-01
6.235612630844116211e-01
4.327113032341003418e-01
2.387139946222305298e-01
1.339123100042343140e-01
5.229318886995315552e-02
-3.211228549480438232e-02
3.626767545938491821e-02
5.982711911201477051e-01
2.277906686067581177e-01
1.213603094220161438e-01
1.578282266855239868e-01
2.220569849014282227e-01
5.623719096183776855e-02
2.268505096435546875e-01
1.470592021942138672e-01
3.446260094642639160e-01
-8.726946078240871429e-03
-2.163600325584411621e-01
-3.014300763607025146e-01
4.264121409505605698e-03
1.463977694511413574e-01
7.778828740119934082e-01
2.156062424182891846e-01
-1.881043165922164917e-01
-2.692374587059020996e-01
-1.066074986010789871e-02
1.645688712596893311e-01
5.787377953529357910e-01
1.167320385575294495e-01
9.227175265550613403e-02
7.048324346542358398e-01
2.802518904209136963e-01
8.085688203573226929e-02
-2.756138145923614502e-01
2.721868455410003662e-01
-4.537653550505638123e-02
1.481712423264980316e-02
4.695212841033935547e-01
3.612666130065917969e-01
-1.634523868560791016e-01
1.105388626456260681e-01
6.518449634313583374e-02
-2.409297674894332886e-01
-1.575218439102172852e-01
8.117957413196563721e-02
4.611549377441406250e-01
-4.392335414886474609e-01
2.023099362850189209e-02
5.558689683675765991e-02
-2.468430846929550171e-01
5.986677855253219604e-02
1.889763176441192627e-01
-1.050876826047897339e-01
-3.777838125824928284e-02
-2.538310550153255463e-02
9.978316724300384521e-03
-7.011539489030838013e-02
-7.671924680471420288e-02
-3.342082723975181580e-02
1.975264102220535278e-01
-4.103499650955200195e-01
4.149689152836799622e-02
-1.122572198510169983e-01
8.737707883119583130e-02
2.413201145827770233e-02
-1.411752104759216309e-01
1.347470432519912720e-01
-2.538793087005615234e-01
-1.055758073925971985e-01
2.053781002759933472e-01
6.000017747282981873e-02
-8.932355046272277832e-02
-3.443842530250549316e-01
2.830345332622528076e-01
2.165789157152175903e-01
-4.036866873502731323e-02
-2.699381113052368164e-02
1.249613761901855469e-01
2.422967553138732910e-01
-1.435738801956176758e-01
5.141396541148424149e-03
5.857019871473312378e-02
6.405619531869888306e-02
-2.058081775903701782e-01
2.003024518489837646e-01
-1.146783009171485901e-01
-1.777577102184295654e-01
-5.013560503721237183e-02
4.421965032815933228e-02
7.388981431722640991e-02
2.768377363681793213e-01
3.367342054843902588e-01
-1.166013628244400024e-01
-3.010174930095672607e-01
-1.183467432856559753e-01
-4.632637202739715576e-01
-1.292447596788406372e-01
5.269757285714149475e-02
-2.501734793186187744e-01
-1.042699739336967468e-01
1.079303100705146790e-01
1.097082495689392090e-01
-9.270484745502471924e-02
4.915506392717361450e-02
3.631940484046936035e-02
-7.172281295061111450e-02
-8.787322789430618286e-02
-1.985611021518707275e-01
-2.838260829448699951e-01
-2.647624313831329346e-01
1.689042448997497559e-01
5.576882958412170410e-01
7.213934659957885742e-01
4.040523767471313477e-01
7.629827260971069336e-01
1.464507579803466797e-01
3.751065135002136230e-01
4.706384241580963135e-01
3.871374130249023438e-01
5.131106376647949219e-01
4.367205500602722168e-01
2.650393247604370117e-01
6.037641167640686035e-01
8.551193028688430786e-02
4.284530580043792725e-01
-4.629396274685859680e-02
6.037945747375488281e-01
4.942097887396812439e-02
3.487294912338256836e-01
3.970140218734741211e-01
2.722995877265930176e-01
3.970563709735870361e-01
6.622620224952697754e-01
3.349053487181663513e-02
3.732509315013885498e-01
6.466568112373352051e-01
1.785417944192886353e-01
6.931148171424865723e-01
6.406127214431762695e-01
8.648855686187744141e-01
9.902513623237609863e-01
2.639721035957336426e-01
3.515152037143707275e-01
8.590986132621765137e-01
1.275417804718017578e-01
4.742473065853118896e-01
3.962270915508270264e-01
2.198809087276458740e-01
4.805670380592346191e-01
2.372939735651016235e-01
5.415124297142028809e-01
-1.620335429906845093e-01
1.987628787755966187e-01
-2.182635292410850525e-02
2.754051685333251953e-01
4.936214387416839600e-01
-4.428106546401977539e-02
3.412796184420585632e-02
1.148789644241333008e+00
1.750732809305191040e-01
5.425314307212829590e-01
4.587707221508026123e-01
2.562320530414581299e-01
1.673798263072967529e-01
1.242097392678260803e-01
9.080652594566345215e-01
7.996843457221984863e-01
2.040716409683227539e-01
-2.546283006668090820e-01
7.145179510116577148e-01
1.109426379203796387e+00
-2.978296875953674316e-01
6.510313153266906738e-01
5.342979431152343750e-01
5.057882070541381836e-01
7.550033926963806152e-01
