-6.429300308227539062e-01
-4.000593423843383789e-01
-5.230282545089721680e-01
7.189173996448516846e-02
-7.992413640022277832e-01
-1.040998846292495728e-01
8.099918961524963379e-01
2.452474832534790039e-02
-3.349226415157318115e-01
-1.195507645606994629e+00
2.002955198287963867e+00
-3.622970283031463623e-01
-7.081311345100402832e-01
-1.423000544309616089e-01
-4.679940342903137207e-01
-3.364447057247161865e-01
-1.614723801612854004e-01
1.082004427909851074e+00
2.092550247907638550e-01
-4.379566013813018799e-02
-6.420847177505493164e-01
-5.774623751640319824e-01
-2.362807244062423706e-01
2.491348534822463989e-01
-1.936860829591751099e-01
-7.667482495307922363e-01
4.924103021621704102e-01
-3.585997521877288818e-01
-5.008081793785095215e-01
-4.355118274688720703e-01
-5.720549821853637695e-01
-4.364478588104248047e-01
-1.561583764851093292e-02
-3.074181675910949707e-01
2.674660831689834595e-02
1.239625096321105957e+00
-3.849791586399078369e-01
-5.779598951339721680e-01
-2.274108827114105225e-01
-3.233632147312164307e-01
-5.517196655273437500e-02
-4.005154073238372803e-01
-2.712916731834411621e-01
-4.361534714698791504e-01
-1.209731996059417725e-01
-4.769759178161621094e-01
-5.768754482269287109e-01
-2.964028418064117432e-01
-2.194375693798065186e-01
8.224690556526184082e-01
-8.159455657005310059e-01
-2.263191528618335724e-02
-7.806459069252014160e-01
-1.851934194564819336e-01
-3.041675388813018799e-01
-2.049859017133712769e-01
1.947939544916152954e-01
-5.455031394958496094e-01
-3.772068917751312256e-01
-6.901474595069885254e-01
-8.225545883178710938e-01
5.261801183223724365e-02
-3.930056095123291016e-01
4.635231941938400269e-02
-1.033088788390159607e-01
-1.092469692230224609e-01
2.585097849369049072e-01
-1.030498385429382324e+00
-6.611667871475219727e-01
2.969202399253845215e-01
-7.821537256240844727e-01
-2.516894042491912842e-01
-4.277065396308898926e-01
-4.747364223003387451e-01
-7.068849205970764160e-01
-2.447434514760971069e-01
-1.417171835899353027e+00
-8.977661728858947754e-01
-5.520808696746826172e-01
-3.956769704818725586e-01
-3.970700502395629883e-01
1.105942249298095703e+00
-4.004062116146087646e-01
-8.228616118431091309e-01
-2.735724747180938721e-01
-7.555508017539978027e-01
-3.129935562610626221e-01
2.427706122398376465e-01
-3.191115260124206543e-01
-5.099923610687255859e-01
-1.609613001346588135e-01
-9.849736094474792480e-01
-2.972056567668914795e-01
-5.511770248413085938e-01
-8.649976849555969238e-01
-4.618389010429382324e-01
-7.279919385910034180e-01
-5.431784987449645996e-01
-2.359742075204849243e-01
-8.699878454208374023e-01
-3.942304849624633789e-01
-3.735091090202331543e-01
-1.589909382164478302e-02
1.601785980165004730e-02
6.079567223787307739e-02
-4.185694754123687744e-01
-6.327771544456481934e-01
-4.744945559650659561e-03
-6.429758071899414062e-01
-3.264563977718353271e-01
-2.749462425708770752e-01
-2.538876533508300781e-01
-8.319866061210632324e-01
5.785038694739341736e-02
-3.086754679679870605e-02
-4.322607815265655518e-01
-5.722211599349975586e-01
-2.703730463981628418e-01
-3.872579336166381836e-01
-5.502290725708007812e-01
-3.465587794780731201e-01
-5.591058135032653809e-01
-6.788992285728454590e-01
-3.036477565765380859e-01
-2.617997229099273682e-01
4.425989389419555664e-01
-3.258118629455566406e-01
1.486237049102783203e-01
-1.640150249004364014e-01
2.524879276752471924e-01
2.230397164821624756e-01
-2.047117203474044800e-01
1.134301722049713135e-01
-2.142864614725112915e-01
-1.251796483993530273e+00
1.377022564411163330e-01
3.054616451263427734e-01
1.151955962181091309e+00
-6.921370625495910645e-01
-3.317581117153167725e-01
4.686604142189025879e-01
3.089622259140014648e-01
8.674537390470504761e-02
-5.415707081556320190e-02
-3.765642940998077393e-01
-4.836944341659545898e-01
3.232346847653388977e-02
2.902907133102416992e-01
6.838951110839843750e-01
1.077710866928100586e+00
1.414581835269927979e-01
6.098451614379882812e-01
3.347854316234588623e-01
5.362643003463745117e-01
-1.305241346359252930e+00
2.746123373508453369e-01
3.541287779808044434e-01
3.820357620716094971e-01
6.402924656867980957e-01
8.122059702873229980e-02
1.012178286910057068e-01
3.590039908885955811e-02
7.994955182075500488e-01
-1.786096453666687012e+00
3.652651309967041016e-01
2.940364480018615723e-01
3.350391685962677002e-01
2.108317315578460693e-01
2.920382022857666016e-01
3.194995522499084473e-01
3.544885516166687012e-01
4.602857232093811035e-01
-2.756723463535308838e-01
1.984474211931228638e-01
6.303120255470275879e-01
5.738195180892944336e-01
4.530247747898101807e-01
2.392670512199401855e-01
5.198927596211433411e-02
2.431749999523162842e-01
1.884907186031341553e-01
2.124737650156021118e-01
2.553755044937133789e-01
-8.269906044006347656e-02
4.790966957807540894e-02
2.545621097087860107e-01
1.539785861968994141e-01
3.129644691944122314e-01
6.427913904190063477e-01
2.141727320849895477e-02
5.268089175224304199e-01
6.207287907600402832e-01
1.040030121803283691e-01
1.743456274271011353e-01
-1.061089932918548584e-01
1.181395649909973145e+00
7.571163773536682129e-01
-4.411049187183380127e-02
7.676486372947692871e-01
-2.211525570601224899e-03
4.310653507709503174e-01
1.517827659845352173e-01
6.439830660820007324e-01
3.261851668357849121e-01
2.047423362731933594e+00
1.024818301200866699e+00
4.140612483024597168e-01
8.841910958290100098e-02
4.182609617710113525e-01
-7.605082392692565918e-01
1.909291446208953857e-01
8.277379274368286133e-01
9.602218121290206909e-02
-7.864046096801757812e-02
1.558635234832763672e-01
-4.675362408161163330e-01
2.376070022583007812e-01
3.940184414386749268e-01
2.179820239543914795e-01
9.828414320945739746e-01
2.314730733633041382e-01
6.174675226211547852e-01
6.149639487266540527e-01
6.345806717872619629e-01
4.548518359661102295e-01
3.769694566726684570e-01
3.513622283935546875e-01
1.040654420852661133e+00
1.111216321587562561e-01
1.730643212795257568e-01
-1.327219139784574509e-02
4.848911762237548828e-01
2.745931744575500488e-01
3.180392086505889893e-01
3.544129133224487305e-01
-1.339452266693115234e-01
9.915935993194580078e-02
1.385923624038696289e-01
2.308991998434066772e-01
5.143393874168395996e-01
5.811489820480346680e-01
5.839690566062927246e-01
2.598091959953308105e-01
6.509334444999694824e-01
5.101619958877563477e-01
2.494305521249771118e-01
2.253917157649993896e-01
5.086619853973388672e-01
1.981534659862518311e-01
6.439157724380493164e-01
6.966366171836853027e-01
2.336690872907638550e-01
2.033165842294692993e-01
-4.790496230125427246e-01
2.832860350608825684e-01
-5.123062729835510254e-01
4.102295935153961182e-01
-1.439849287271499634e-01
-2.888413369655609131e-01
3.016720153391361237e-02
-2.717237174510955811e-02
-5.125913396477699280e-02
-2.678611781448125839e-03
-2.677128277719020844e-02
5.895498022437095642e-02
-3.759002685546875000e-02
1.910171806812286377e-01
1.109959930181503296e-01
8.419667184352874756e-02
-3.909197822213172913e-02
3.114816844463348389e-01
3.252252340316772461e-01
9.794477373361587524e-03
1.906250268220901489e-01
1.416400820016860962e-02
4.118354618549346924e-01
1.289889961481094360e-01
-1.109326779842376709e-01
1.926294900476932526e-02
6.249455213546752930e-01
2.159082144498825073e-01
1.483294069766998291e-01
-7.647417485713958740e-02
-1.133982911705970764e-01
6.931655853986740112e-02
1.522209495306015015e-01
-1.088048517704010010e-01
-1.556032747030258179e-01
1.279261559247970581e-01
-9.494084119796752930e-02
1.191845759749412537e-01
2.004567533731460571e-01
8.803302794694900513e-02
7.407315075397491455e-02
2.190356403589248657e-01
-1.899807900190353394e-01
3.887893259525299072e-01
-1.391373723745346069e-01
-3.021376132965087891e-01
2.822127342224121094e-01
-1.790228337049484253e-01
3.742196410894393921e-02
4.894126206636428833e-02
3.789021372795104980e-01
-2.676904201507568359e-01
1.948605030775070190e-01
-3.265694901347160339e-02
-5.642242729663848877e-02
-2.929503098130226135e-02
3.391087055206298828e-01
-5.270748212933540344e-02
-2.633526623249053955e-01
1.677464507520198822e-02
4.164753556251525879e-01
8.146007359027862549e-02
-1.617092937231063843e-01
-3.899589180946350098e-01
7.328165322542190552e-02
4.798281490802764893e-01
-1.023664399981498718e-01
-2.636192142963409424e-01
8.347406983375549316e-02
4.133869409561157227e-01
-7.144258916378021240e-02
-2.183552831411361694e-01
-3.159041330218315125e-02
6.889567524194717407e-02
1.878972649574279785e-01
2.085415273904800415e-01
-4.694072157144546509e-02
1.291490625590085983e-02
9.991175681352615356e-02
-5.952160060405731201e-02
9.024512767791748047e-02
7.795000821352005005e-02
6.870508939027786255e-02
2.240757495164871216e-01
5.514163970947265625e-01
-1.567357033491134644e-01
1.566881537437438965e-01
1.650615334510803223e-01
-1.585901230573654175e-01
-1.426721960306167603e-01
3.791146576404571533e-01
-6.982716917991638184e-01
3.917766213417053223e-01
1.298811137676239014e-01
-6.252686679363250732e-02
1.367354094982147217e-01
2.518517673015594482e-01
1.890274137258529663e-01
-1.566159278154373169e-01
6.346976757049560547e-02
1.396487373858690262e-02
-4.873603582382202148e-01
-7.376773655414581299e-02
1.599535197019577026e-01
-1.261990368366241455e-01
-1.790854334831237793e-01
2.692535519599914551e-01
-2.430220246315002441e-01
7.702761888504028320e-02
1.806147098541259766e-01
-6.061363965272903442e-02
8.742092177271842957e-03
-1.687190234661102295e-01
-5.501365289092063904e-03
1.695027351379394531e-01
9.930101782083511353e-02
-6.602389216423034668e-01
-3.308792412281036377e-01
1.720648407936096191e-01
-2.394002825021743774e-01
-2.669033706188201904e-01
-4.438866376876831055e-01
4.283193945884704590e-01
-1.048067957162857056e-01
1.232606098055839539e-01
-1.774825304746627808e-01
8.127661049365997314e-02
3.344744443893432617e-01
-5.114885419607162476e-02
1.809304803609848022e-01
-5.983803421258926392e-02
4.077184200286865234e-01
1.483718752861022949e-01
-2.738646045327186584e-02
-3.150689229369163513e-02
1.557982414960861206e-01
8.003830164670944214e-02
6.685261130332946777e-01
-2.854372560977935791e-01
3.803704082965850830e-01
1.003375768661499023e+00
1.456884503364562988e+00
8.976854085922241211e-01
2.796121537685394287e-01
-6.681079268455505371e-01
1.873368918895721436e-01
2.875025868415832520e-01
-5.069450289011001587e-02
1.792121767997741699e+00
-4.360474348068237305e-01
7.143545895814895630e-02
8.775110542774200439e-02
1.410284042358398438e+00
2.237084135413169861e-02
5.853509902954101562e-01
2.522575557231903076e-01
3.715414106845855713e-01
1.983862996101379395e+00
-6.214578747749328613e-01
-4.868307337164878845e-02
6.921601295471191406e-01
5.398265719413757324e-01
-3.196108639240264893e-01
-1.921222358942031860e-01
-8.129789680242538452e-02
2.204112768173217773e+00
1.471261143684387207e+00
7.381013780832290649e-02
3.890435695648193359e-01
1.712214350700378418e-01
7.309538722038269043e-01
3.997473418712615967e-01
-4.020336270332336426e-01
-2.655456960201263428e-02
2.560587823390960693e-01
1.184721514582633972e-01
-5.989135056734085083e-02
3.243969678878784180e+00
3.816099464893341064e-01
3.461391925811767578e-01
-5.669178962707519531e-01
1.208722710609436035e+00
5.650267004966735840e-01
8.983713388442993164e-02
6.188880205154418945e-01
-1.081896387040615082e-02
-3.968800604343414307e-01
-3.843117356300354004e-01
7.183718681335449219e-02
1.572157442569732666e-01
-5.250419378280639648e-01
6.611372232437133789e-01
-2.236441969871520996e-01
8.073400855064392090e-01
4.363734722137451172e-01
-1.688880026340484619e-01
5.689022317528724670e-02
3.647405803203582764e-01
1.348668217658996582e+00
1.939196586608886719e-01
-2.827090620994567871e-01
4.890048801898956299e-01
2.252245843410491943e-01
5.237152576446533203e-01
8.819364756345748901e-02
4.542674720287322998e-01
1.694936156272888184e-01
2.489377737045288086e+00
7.783135175704956055e-01
-1.848650574684143066e-01
1.786530762910842896e-02
-2.037801146507263184e-01
1.181104898452758789e+00
-1.180460229516029358e-01
6.825426220893859863e-01
5.062739849090576172e-01
1.608861051499843597e-02
5.167294144630432129e-01
5.641480684280395508e-01
1.031681969761848450e-01
3.975861370563507080e-01
1.661147922277450562e-01
8.109850883483886719e-01
9.007577598094940186e-02
5.663955807685852051e-01
7.017288208007812500e-01
1.610046923160552979e-01
3.168377280235290527e-02
3.627768158912658691e-01
-1.782470941543579102e-01
9.158982634544372559e-01
-2.359847128391265869e-01
-1.048644334077835083e-01
-3.495679423213005066e-02
3.872050046920776367e-01
3.094880878925323486e-01
-1.727941334247589111e-01
1.678968220949172974e-01
-1.744531691074371338e-01
2.233312278985977173e-01
-1.322263181209564209e-01
2.278694137930870056e-02
-1.201609894633293152e-01
4.762692153453826904e-01
3.943821191787719727e-01
2.559473514556884766e-01
1.630635380744934082e+00
1.650444865226745605e-01
8.689740300178527832e-02
9.811393618583679199e-01
3.240551650524139404e-01
3.462110161781311035e-01
6.196289062500000000e-01
3.073523342609405518e-01
5.591841042041778564e-02
9.620738029479980469e-02
-4.994892477989196777e-01
3.020895123481750488e-01
6.838659644126892090e-01
