-1.626811027526855469e-01
5.723204836249351501e-02
4.054865241050720215e-02
-3.510510176420211792e-02
-7.523539662361145020e-02
-1.905270814895629883e-01
-3.860395401716232300e-02
4.067772626876831055e-02
-4.463570192456245422e-02
2.258858382701873779e-01
-7.138923555612564087e-02
-3.820732235908508301e-02
-1.794507354497909546e-01
-7.134189456701278687e-02
-1.428263783454895020e-01
6.865876168012619019e-02
-2.205601036548614502e-01
-1.860888302326202393e-02
1.952610760927200317e-01
2.838940545916557312e-02
-1.473526805639266968e-01
6.568849086761474609e-02
-1.198054477572441101e-01
-1.538571417331695557e-01
5.241528153419494629e-02
-5.518243461847305298e-02
2.455748319625854492e-01
1.320009380578994751e-01
-1.032145619392395020e-01
-4.747697710990905762e-02
-7.469406723976135254e-02
-3.017981946468353271e-01
4.273414239287376404e-02
3.568897768855094910e-02
6.966615468263626099e-02
3.832494467496871948e-02
-1.323258727788925171e-01
-7.570102065801620483e-02
4.530607163906097412e-02
-1.088823378086090088e-02
-7.062516361474990845e-02
2.065437138080596924e-01
1.216321289539337158e-01
1.003379300236701965e-01
-3.241461887955665588e-02
1.960660368204116821e-01
1.728499680757522583e-01
-3.025479428470134735e-02
2.082790732383728027e-01
4.811103269457817078e-02
-3.902653604745864868e-02
-1.643846333026885986e-01
1.164052784442901611e-01
8.705317974090576172e-02
-1.058107838034629822e-01
-1.795777305960655212e-02
-1.324575394392013550e-01
-3.710081800818443298e-02
1.132319569587707520e-01
7.167683541774749756e-02
1.810236871242523193e-01
-1.141650155186653137e-01
2.473432719707489014e-01
1.602542996406555176e-01
