3.065030872821807861e-01
-6.951362639665603638e-02
-1.618829369544982910e+00
1.275790810585021973e+00
1.034641981124877930e+00
4.901720583438873291e-02
-3.733290731906890869e-01
-8.499715924263000488e-01
1.906945854425430298e-01
2.597038634121417999e-02
2.236866764724254608e-02
-7.851272225379943848e-01
2.761359810829162598e-01
2.553431391716003418e-01
1.324237227439880371e+00
1.347173005342483521e-01
-8.630120158195495605e-01
5.062285065650939941e-01
7.096247375011444092e-02
-3.847075700759887695e-01
1.242221370339393616e-01
1.061227917671203613e+00
3.018831908702850342e-01
5.352643132209777832e-01
-2.766291797161102295e-01
5.485535860061645508e-01
1.900243908166885376e-01
-5.318194031715393066e-01
-7.399193644523620605e-01
1.637670993804931641e+00
4.688866734504699707e-01
3.941630125045776367e-01
2.828447520732879639e-01
7.520197629928588867e-01
7.475093007087707520e-01
5.888007581233978271e-02
-4.394632875919342041e-01
-1.700906157493591309e+00
3.925277888774871826e-01
-5.045402646064758301e-01
-1.189040780067443848e+00
4.146524071693420410e-01
2.223930060863494873e-01
9.569374322891235352e-01
-1.270983070135116577e-01
2.200968265533447266e-01
1.370982378721237183e-01
-1.323296308517456055e+00
2.568305730819702148e-01
-3.952935039997100830e-01
1.434003859758377075e-01
2.216434240341186523e+00
1.860786229372024536e-01
-7.832669615745544434e-01
-8.691400885581970215e-01
-4.484584629535675049e-01
1.085205599665641785e-01
-1.397443294525146484e+00
-2.368554659187793732e-02
-2.674515247344970703e-01
-3.529126197099685669e-02
2.682140767574310303e-01
-7.459900379180908203e-01
-5.883040428161621094e-01
5.343309044837951660e-01
-2.866125702857971191e-01
4.531373381614685059e-01
-3.358472511172294617e-02
9.666342735290527344e-01
8.194755017757415771e-02
3.872572183609008789e-01
-2.142729282379150391e+00
3.442898690700531006e-01
3.099201321601867676e-01
5.599022507667541504e-01
-2.692002654075622559e-01
-6.983169317245483398e-01
-6.198900192975997925e-02
1.498615264892578125e+00
-7.768300920724868774e-02
-2.090263962745666504e-01
1.591107547283172607e-01
1.036416769027709961e+00
8.771290183067321777e-01
-7.727140188217163086e-01
-1.776777207851409912e-01
9.131425619125366211e-01
1.169282436370849609e+00
2.146463841199874878e-01
5.303177833557128906e-01
4.101620614528656006e-01
-2.710563540458679199e-01
2.595704078674316406e+00
1.914868831634521484e+00
-6.724799871444702148e-01
1.040552854537963867e-01
2.086382210254669189e-01
2.153164297342300415e-01
-2.137073129415512085e-02
3.480904996395111084e-01
-1.694311022758483887e+00
-2.784714568406343460e-03
-2.781680226325988770e-01
1.690343022346496582e-02
-1.621894687414169312e-01
-8.049650192260742188e-01
-7.479880005121231079e-02
-2.076114565134048462e-01
7.842528223991394043e-01
-2.303626984357833862e-01
1.812055557966232300e-01
1.414835825562477112e-02
-6.872174739837646484e-01
1.467367529869079590e+00
6.119775772094726562e-01
-5.328785181045532227e-01
3.044039011001586914e-01
-4.120924472808837891e-01
-2.439388185739517212e-01
-9.119277000427246094e-01
1.144060373306274414e+00
4.005762040615081787e-01
1.100911665707826614e-02
-2.143429815769195557e-01
1.325879842042922974e-01
-8.614290356636047363e-01
-2.432271838188171387e-01
-3.921126723289489746e-01
