2.826064592227339745e-03
9.853593073785305023e-04
-1.076022628694772720e-02
-6.131998449563980103e-02
-1.637927372939884663e-03
-6.037727743387222290e-02
1.851307414472103119e-02
3.811547160148620605e-02
-2.923494018614292145e-02
-5.408626515418291092e-03
-2.238762937486171722e-02
4.779016226530075073e-02
1.268171239644289017e-03
6.921335123479366302e-03
-2.440797537565231323e-02
3.649259731173515320e-02
3.905424475669860840e-02
-7.967948913574218750e-02
-1.023704838007688522e-02
4.779641330242156982e-02
4.634997248649597168e-02
2.572039514780044556e-02
5.771380849182605743e-03
-6.295953691005706787e-02
8.587309718132019043e-02
4.007072746753692627e-02
1.905015110969543457e-02
1.249137986451387405e-02
3.266604989767074585e-02
2.425541169941425323e-02
-6.657186313532292843e-04
-4.159007221460342407e-02
-4.377473518252372742e-02
4.150992259383201599e-02
-5.458399280905723572e-02
-2.842302247881889343e-02
-2.937161922454833984e-02
2.200986054958775640e-04
2.609920315444469452e-02
-3.954133391380310059e-02
5.336723849177360535e-02
-1.149448659271001816e-02
3.321844339370727539e-02
5.066888406872749329e-02
1.576980762183666229e-02
-2.871258370578289032e-02
-1.853623427450656891e-02
-1.906403154134750366e-02
4.171773418784141541e-02
1.246569771319627762e-02
6.823525764048099518e-03
-1.370301656424999237e-02
-2.260725945234298706e-03
-2.786638401448726654e-02
6.133940443396568298e-02
2.184074837714433670e-03
-3.132988512516021729e-02
8.159167133271694183e-03
-1.863184571266174316e-02
-2.739293314516544342e-02
-1.449475158005952835e-02
-4.500034078955650330e-02
-1.713639311492443085e-02
2.372536837356165051e-04
-1.812137290835380554e-02
3.189496463164687157e-03
3.788833282669656910e-06
-3.988347947597503662e-02
-8.212098851799964905e-03
8.695996552705764771e-02
3.802851960062980652e-02
2.693101018667221069e-02
-1.956869661808013916e-02
1.565369404852390289e-02
4.330351203680038452e-02
-7.431605365127325058e-03
-1.692891493439674377e-02
2.285337820649147034e-02
-3.484626766294240952e-03
2.060894854366779327e-02
-2.726604230701923370e-02
4.455764777958393097e-03
-2.010599896311759949e-02
-1.633102819323539734e-02
-1.602746429853141308e-03
2.468517608940601349e-02
-1.918421871960163116e-02
6.735051050782203674e-03
-1.725454255938529968e-02
-4.057797044515609741e-02
-1.483015157282352448e-02
-4.831755533814430237e-02
-2.884703502058982849e-02
9.197155013680458069e-03
-6.615178287029266357e-02
6.894993036985397339e-02
2.718227356672286987e-02
-1.691107079386711121e-02
-1.707441918551921844e-02
-2.106645144522190094e-02
-1.512550469487905502e-02
1.202669646590948105e-02
-8.499486744403839111e-02
-5.958207882940769196e-03
6.455284357070922852e-02
-1.861301437020301819e-02
2.282339148223400116e-02
4.069403558969497681e-02
-2.263578400015830994e-02
-6.663770228624343872e-02
-3.523841500282287598e-02
-2.660680934786796570e-02
-2.044134773313999176e-03
4.446211736649274826e-03
3.627032414078712463e-02
-3.851455450057983398e-02
-5.293656885623931885e-02
-3.559299558401107788e-02
3.532162681221961975e-02
-4.463212192058563232e-02
-2.603080496191978455e-02
-3.247580304741859436e-02
-1.861218921840190887e-02
-3.271932527422904968e-02
-6.357604265213012695e-02
-1.296458393335342407e-02
-3.027900867164134979e-02
5.691949650645256042e-02
2.624469809234142303e-03
1.654293271712958813e-03
-2.625493332743644714e-02
7.325825840234756470e-02
-4.585950076580047607e-02
-2.753682900220155716e-03
1.107400562614202499e-02
-2.040011435747146606e-02
1.238866243511438370e-03
-6.304833572357892990e-03
3.032177314162254333e-02
3.546234965324401855e-02
5.469202995300292969e-02
1.368156820535659790e-02
-1.031958032399415970e-02
1.250404492020606995e-02
8.356931619346141815e-03
-1.753851026296615601e-02
-2.294182218611240387e-02
-3.853527829051017761e-02
-2.802435308694839478e-02
1.742679439485073090e-02
-2.803270332515239716e-02
5.666334927082061768e-02
3.191955038346350193e-04
4.474437981843948364e-02
1.319638267159461975e-02
-4.260211437940597534e-02
-5.660428851842880249e-02
1.534367818385362625e-02
-6.810466758906841278e-03
9.576061367988586426e-02
3.288759291172027588e-02
1.038504485040903091e-02
3.183478862047195435e-02
2.073922753334045410e-02
-3.897980600595474243e-02
3.387518972158432007e-02
-4.300440847873687744e-02
2.082527242600917816e-02
-6.398548185825347900e-02
-2.348689362406730652e-02
-8.819781243801116943e-03
-8.769100531935691833e-03
-1.907175593078136444e-02
-2.812595479190349579e-02
5.391492322087287903e-02
2.527701854705810547e-02
8.887191303074359894e-03
4.089547693729400635e-02
6.548076868057250977e-02
-1.073395484127104282e-03
1.081496477127075195e-02
-1.808730699121952057e-02
-2.035655826330184937e-02
-2.572830207645893097e-02
2.136627398431301117e-02
-4.186551086604595184e-03
3.363743424415588379e-02
3.518389165401458740e-02
1.179026626050472260e-02
-3.217795118689537048e-02
4.207477904856204987e-03
2.813030965626239777e-02
6.009932979941368103e-02
1.984080113470554352e-02
9.747635573148727417e-02
2.924957312643527985e-02
-2.234332635998725891e-02
1.432899571955204010e-02
-6.137825176119804382e-02
-4.124101996421813965e-02
3.931228071451187134e-02
2.275976538658142090e-02
1.191391237080097198e-02
-6.706782430410385132e-02
5.095961317420005798e-02
1.823985017836093903e-02
-3.725627437233924866e-03
-5.137658119201660156e-02
4.892332945019006729e-03
2.069044671952724457e-02
5.333250761032104492e-02
1.570851355791091919e-02
-3.095522988587617874e-03
-4.608458653092384338e-02
-6.404885090887546539e-03
6.481411866843700409e-03
2.296594157814979553e-02
3.875113543472252786e-05
-4.794643260538578033e-03
4.011731594800949097e-02
-2.795966714620590210e-02
1.727856695652008057e-02
-9.612681344151496887e-03
2.624968998134136200e-03
-5.560253746807575226e-03
9.900556178763508797e-04
-1.943965815007686615e-02
-3.408046811819076538e-02
-2.461867965757846832e-02
-2.392897568643093109e-02
-9.976712055504322052e-03
3.305570408701896667e-02
2.971426350995898247e-03
-8.296336233615875244e-02
-7.204321771860122681e-02
-1.089669764041900635e-02
-1.600292976945638657e-03
-2.690189145505428314e-02
-1.156868785619735718e-02
3.474649786949157715e-02
6.942865997552871704e-02
9.131776168942451477e-03
2.878896333277225494e-02
2.065547509118914604e-03
5.602912977337837219e-02
4.808912053704261780e-02
-4.683378338813781738e-02
-2.722210064530372620e-02
-1.713098399341106415e-02
3.744388744235038757e-02
-2.449115179479122162e-02
8.910608477890491486e-03
5.354086682200431824e-02
1.059277821332216263e-02
-1.771966367959976196e-02
2.265830524265766144e-02
-3.648932557553052902e-03
1.563466899096965790e-02
3.131450503133237362e-04
1.506620645523071289e-02
2.521461620926856995e-02
4.951547086238861084e-02
-1.424374245107173920e-02
-2.031476423144340515e-02
-6.008413806557655334e-02
6.118634715676307678e-03
1.854396797716617584e-02
5.208211950957775116e-03
4.467450082302093506e-03
-6.042164191603660583e-02
9.811799973249435425e-03
-8.265107870101928711e-03
1.694192923605442047e-02
6.643802393227815628e-03
-5.730956792831420898e-03
-9.607482701539993286e-03
-2.245302125811576843e-02
-5.103691294789314270e-02
-1.115648541599512100e-02
4.378411173820495605e-02
9.773054625838994980e-04
-3.571152314543724060e-02
-3.875996544957160950e-02
-1.737942546606063843e-02
9.880416095256805420e-03
-1.447572093456983566e-02
2.545039914548397064e-02
3.442727774381637573e-02
1.727767102420330048e-02
5.141972564160823822e-03
-2.557548508048057556e-02
5.502811633050441742e-03
-1.523393765091896057e-02
4.155600816011428833e-02
-4.517133161425590515e-02
1.488494966179132462e-02
-1.248220913112163544e-02
1.586801558732986450e-02
2.975979878101497889e-04
-1.887860475108027458e-03
7.049458567053079605e-03
-4.522694740444421768e-03
-4.679596424102783203e-02
-8.119452744722366333e-03
5.141835287213325500e-02
-4.553483426570892334e-02
1.040286105126142502e-02
4.419146105647087097e-02
-2.512486092746257782e-02
8.240940049290657043e-03
-1.709895394742488861e-02
2.529559889808297157e-03
-1.961438544094562531e-02
-2.421125583350658417e-02
2.881139283999800682e-03
1.613785512745380402e-02
2.490831539034843445e-03
2.115738764405250549e-02
-4.093773663043975830e-03
2.602538652718067169e-02
-1.948431879281997681e-02
8.612421900033950806e-02
-4.738157615065574646e-02
-2.947301790118217468e-02
-2.019662223756313324e-02
-5.864768289029598236e-03
-1.129290368407964706e-02
-1.452585798688232899e-03
-4.313343018293380737e-02
-7.815544377081096172e-04
-3.101886250078678131e-04
6.830177735537290573e-03
-9.607098251581192017e-02
-9.926240891218185425e-03
-9.051009081304073334e-03
1.699680089950561523e-02
-4.434318467974662781e-02
8.046410977840423584e-02
-3.027438558638095856e-02
6.704892218112945557e-02
1.198684767587110400e-04
-7.697832770645618439e-03
-7.347854971885681152e-02
-1.321920007467269897e-01
4.983095452189445496e-02
-5.861915415152907372e-04
-1.695087738335132599e-02
-2.163827302865684032e-04
-2.621421962976455688e-02
-1.626091776415705681e-03
-2.852689288556575775e-02
1.720807515084743500e-02
1.717167161405086517e-02
2.320463582873344421e-02
-2.133994922041893005e-02
-1.833501271903514862e-02
2.223870903253555298e-02
1.416374929249286652e-03
1.101630274206399918e-02
-5.122687201946973801e-03
6.094244890846312046e-04
2.148759551346302032e-02
-2.308584935963153839e-02
-3.550891950726509094e-02
-3.197235614061355591e-02
-9.954583831131458282e-03
-1.117310766130685806e-02
-2.562575042247772217e-02
-3.998305648565292358e-03
-3.301792021375149488e-04
-3.566307947039604187e-02
-6.011121440678834915e-04
-2.408010698854923248e-02
1.769491354934871197e-03
1.238408585777506232e-04
6.470255088061094284e-03
2.407418563961982727e-02
6.960047874599695206e-03
6.527786701917648315e-02
-3.351533412933349609e-02
3.589423745870590210e-02
1.183657627552747726e-02
-7.352432236075401306e-03
-1.562039554119110107e-02
4.293761774897575378e-02
-5.692106788046658039e-04
1.418549846857786179e-02
-6.696747243404388428e-02
-2.695451956242322922e-03
5.990925803780555725e-02
-2.294202335178852081e-02
1.977874524891376495e-02
-1.240510959178209305e-02
-1.511963270604610443e-02
-1.183841191232204437e-02
-9.117645211517810822e-03
-8.116943389177322388e-02
2.925256267189979553e-03
-4.551286809146404266e-03
-7.120477501302957535e-03
-9.816618636250495911e-03
7.956483215093612671e-02
4.397598654031753540e-02
-1.460300199687480927e-02
-5.680328467860817909e-04
4.520358983427286148e-03
-6.160131469368934631e-02
-2.283112518489360809e-02
1.974726095795631409e-02
-5.271360278129577637e-02
-1.539762504398822784e-02
-2.930446993559598923e-03
-2.859236486256122589e-02
-4.190912842750549316e-02
3.522195294499397278e-02
-4.607700277119874954e-03
-2.841264195740222931e-02
-6.607483141124248505e-03
2.545429766178131104e-02
2.096679434180259705e-02
-4.684790596365928650e-02
-2.518964465707540512e-04
3.055518120527267456e-02
-7.422359194606542587e-03
-4.097956046462059021e-02
-1.470371801406145096e-02
-4.323776066303253174e-02
8.555909735150635242e-04
1.883771084249019623e-02
9.842377156019210815e-03
-2.433057129383087158e-02
-8.221193403005599976e-02
-6.937526166439056396e-02
-1.501542888581752777e-02
1.611783081898465753e-04
-1.112062251195311546e-03
-7.277425378561019897e-03
4.855868406593799591e-03
6.210871413350105286e-02
1.832562126219272614e-02
1.206352561712265015e-01
7.484143134206533432e-04
-6.806112825870513916e-02
-1.262335032224655151e-01
-4.414769937284290791e-04
3.015196323394775391e-02
-2.613874897360801697e-02
-1.571693643927574158e-02
-2.103556841611862183e-01
-5.537193268537521362e-02
1.575794629752635956e-02
-9.240367216989398003e-05
5.079793557524681091e-02
1.182792056351900101e-02
-6.662900000810623169e-02
-2.890693768858909607e-02
1.722988113760948181e-02
1.634043082594871521e-02
-1.646479591727256775e-02
7.166845258325338364e-03
3.899151459336280823e-02
9.259304031729698181e-03
1.917009614408016205e-02
2.202890813350677490e-02
2.862912788987159729e-02
-1.386812236160039902e-02
-5.762775614857673645e-02
-3.296260163187980652e-02
-1.795533485710620880e-02
4.700212925672531128e-02
-8.706808090209960938e-02
1.686391793191432953e-02
-9.032162837684154510e-03
-1.755410246551036835e-02
-1.477082349765623803e-07
-3.993899002671241760e-02
-1.751667819917201996e-02
4.149729385972023010e-02
-2.279262058436870575e-02
1.402879320085048676e-02
-2.956309914588928223e-01
-1.724320231005549431e-03
6.185527308844029903e-04
-8.287361264228820801e-02
-2.388389781117439270e-03
1.932977326214313507e-02
1.893947832286357880e-02
2.860206738114356995e-02
2.213371684774756432e-03
7.716638501733541489e-03
-8.981605991721153259e-03
4.870316479355096817e-03
5.049971150583587587e-05
9.122222661972045898e-03
-2.524819457903504372e-03
-3.331771818920969963e-03
-2.596212085336446762e-03
4.546958208084106445e-02
-1.702806800603866577e-01
5.785482935607433319e-03
-7.096992922015488148e-04
4.422874748706817627e-02
4.921345389448106289e-04
-5.354393273591995239e-02
-1.066701859235763550e-02
1.446216483600437641e-03
-2.884011156857013702e-02
-2.232012711465358734e-02
-1.862417208030819893e-03
-3.358729928731918335e-02
2.386497892439365387e-02
-9.781239554286003113e-03
-6.956242490559816360e-03
6.408288329839706421e-02
-1.881706848507747054e-04
1.169603466987609863e-01
-9.324992075562477112e-03
-2.437075041234493256e-02
-1.181359984911978245e-03
1.897948794066905975e-02
6.242264527827501297e-03
-1.900514005683362484e-03
8.496660739183425903e-02
-8.543186821043491364e-03
6.666480912826955318e-04
-1.029543951153755188e-02
-1.725893281400203705e-02
4.578334745019674301e-03
4.307818040251731873e-02
4.987496510148048401e-02
-3.283888846635818481e-02
-6.031632423400878906e-03
-1.847532019019126892e-02
2.035837620496749878e-02
6.195180118083953857e-02
-1.707042567431926727e-02
-9.527926892042160034e-02
-9.631440974771976471e-03
-5.072893947362899780e-02
-1.808679476380348206e-02
-4.529084078967571259e-03
2.799993380904197693e-02
6.812971085309982300e-02
-1.039610058069229126e-02
5.262732156552374363e-04
1.202672198414802551e-01
1.825720071792602539e-02
6.211680546402931213e-02
-5.953743821009993553e-04
-4.172406159341335297e-03
-4.439546912908554077e-02
6.187385297380387783e-04
-2.047981368377804756e-03
5.220497958362102509e-03
1.361866742372512817e-01
-3.133284673094749451e-02
-7.637918461114168167e-03
-3.279339894652366638e-02
2.347200177609920502e-02
-4.175008460879325867e-02
-5.443605594336986542e-03
5.458677932620048523e-02
1.916966959834098816e-02
4.651284217834472656e-02
5.680314498022198677e-04
-1.431453414261341095e-02
2.509200479835271835e-03
-1.046057567000389099e-01
2.877459395676851273e-03
5.726233124732971191e-03
1.220454182475805283e-02
7.578826509416103363e-03
-3.218580037355422974e-03
6.302512483671307564e-04
1.723047718405723572e-02
-8.616174571216106415e-03
-6.010255892761051655e-04
2.842335496097803116e-03
7.555692456662654877e-03
4.659029189497232437e-03
-1.041594333946704865e-02
5.858950316905975342e-03
-5.772063741460442543e-04
1.429874822497367859e-02
-2.543026581406593323e-02
-6.470423191785812378e-02
-1.119211036711931229e-02
-2.024625660851597786e-03
-6.156723247841000557e-04
1.830265112221240997e-02
-4.149801097810268402e-03
-1.883571594953536987e-02
4.649101570248603821e-02
2.367816632613539696e-03
-3.181889653205871582e-02
-3.613576665520668030e-02
9.693067520856857300e-02
-1.725105918012559414e-03
-5.064526107162237167e-03
2.657550387084484100e-02
-4.134290385991334915e-03
-4.242942109704017639e-02
2.615830674767494202e-02
-1.061702296137809753e-01
-2.904865890741348267e-02
-2.798371762037277222e-02
-1.108524668961763382e-02
3.862747177481651306e-02
1.202583964914083481e-02
-7.571688853204250336e-03
-3.551300615072250366e-02
4.748432710766792297e-02
2.444730326533317566e-02
-2.993714995682239532e-02
1.345695694908499718e-03
2.431318350136280060e-02
-1.398378983139991760e-02
1.267562154680490494e-02
-3.964504227042198181e-03
-1.812495477497577667e-02
3.833181224763393402e-03
-2.021950203925371170e-04
-9.485281072556972504e-03
-2.604255569167435169e-04
1.882637501694262028e-03
2.634797419887036085e-05
-5.421048030257225037e-03
1.581026427447795868e-02
5.180428615858545527e-06
3.648173809051513672e-02
7.247842103242874146e-02
1.201971899718046188e-02
1.035296022891998291e-01
-7.545947562903165817e-03
-9.033291600644588470e-03
-5.047625163570046425e-04
3.077335469424724579e-02
3.444405505433678627e-03
-4.478424414992332458e-02
-5.230815336108207703e-02
-2.900742366909980774e-02
-2.189595252275466919e-04
3.589854761958122253e-02
-4.385096486657857895e-03
-9.880918514681980014e-05
4.104348644614219666e-02
-4.623490571975708008e-02
-4.885111935436725616e-03
5.392750725150108337e-03
2.041188441216945648e-02
-1.732340268790721893e-02
-4.759754228871315718e-04
4.810168221592903137e-02
-5.111346021294593811e-03
-2.700109593570232391e-02
4.266986623406410217e-03
1.212089601904153824e-02
5.024513602256774902e-02
-4.653784260153770447e-02
7.775510847568511963e-02
-5.807286943309009075e-04
-9.355501271784305573e-03
4.126706719398498535e-02
-1.958789216587319970e-04
-6.554306484758853912e-03
3.221382200717926025e-02
1.066026985645294189e-01
2.519034594297409058e-02
3.727145667653530836e-04
1.770411850884556770e-03
-2.064179629087448120e-02
-9.127706871367990971e-04
-1.402356568723917007e-02
5.123434588313102722e-03
-2.791322581470012665e-02
2.307016588747501373e-02
2.038177847862243652e-02
-1.987694017589092255e-02
-1.848751865327358246e-02
-1.053099520504474640e-03
-4.183360375463962555e-03
2.811216562986373901e-02
-1.899425126612186432e-02
-1.128767849877476692e-03
-8.177762478590011597e-02
3.209078311920166016e-02
-3.660648316144943237e-02
-1.042378544807434082e-01
5.756707862019538879e-03
-2.402324415743350983e-02
-4.117863997817039490e-02
-6.891407072544097900e-02
7.823807187378406525e-03
-4.461822286248207092e-02
-1.398241845890879631e-03
5.189482588320970535e-03
-1.602128334343433380e-02
-6.124842166900634766e-02
-4.166310280561447144e-02
5.782498419284820557e-02
