1.980824768543243408e-01
-1.253159791231155396e-01
-1.979515329003334045e-02
7.807435840368270874e-02
4.517197236418724060e-02
7.731430232524871826e-02
2.453188411891460419e-02
9.183215349912643433e-02
-1.213075942359864712e-03
-6.572138518095016479e-02
-5.972811579704284668e-02
-9.763729572296142578e-02
1.360501050949096680e-01
-3.766915202140808105e-02
6.017110869288444519e-02
-2.263300865888595581e-02
5.763177201151847839e-02
-6.589457858353853226e-03
9.968702495098114014e-02
-1.394096016883850098e-01
5.882197618484497070e-02
1.140197589993476868e-01
4.761314019560813904e-02
-6.038866564631462097e-02
-2.287793532013893127e-02
7.382658123970031738e-02
4.107506480067968369e-03
-4.245231673121452332e-02
-1.575970351696014404e-01
7.974657416343688965e-02
1.164818704128265381e-01
1.006365865468978882e-01
1.571307480335235596e-01
3.111872375011444092e-01
5.997976288199424744e-02
4.967511817812919617e-02
-9.628412313759326935e-03
1.163045465946197510e-01
5.879789963364601135e-02
-5.793362855911254883e-02
-4.211993142962455750e-02
2.062821201980113983e-02
-4.081007838249206543e-02
6.743533164262771606e-02
-1.229690946638584137e-02
1.651993542909622192e-01
1.454169452190399170e-01
-1.692830920219421387e-01
1.065808534622192383e-01
-9.551569819450378418e-02
6.949253380298614502e-02
7.168780267238616943e-02
5.513403564691543579e-02
-3.328485414385795593e-02
-2.383160963654518127e-02
-8.219154179096221924e-02
5.579444766044616699e-02
2.130950614809989929e-02
-6.765609979629516602e-02
-1.589477509260177612e-01
2.866964973509311676e-02
1.103430613875389099e-01
-1.056289970874786377e-01
-1.206714138388633728e-01
1.553314551711082458e-02
-1.209494471549987793e-01
1.239581964910030365e-03
-4.764411225914955139e-02
-5.176318064332008362e-02
1.075422689318656921e-01
6.067323032766580582e-03
7.814897596836090088e-02
8.522553741931915283e-02
2.834099344909191132e-02
1.161453723907470703e-01
9.807905182242393494e-03
3.346195071935653687e-02
-1.397968619130551815e-03
-9.770644456148147583e-02
-1.149085611104965210e-01
-4.970679525285959244e-03
-1.146295480430126190e-02
1.186692863702774048e-01
4.854864627122879028e-02
3.134460002183914185e-02
9.224619716405868530e-02
9.312188625335693359e-02
6.016578152775764465e-02
-3.457039594650268555e-02
-2.841828763484954834e-02
-2.524911053478717804e-02
-1.070570498704910278e-01
9.304494410753250122e-02
-6.439578719437122345e-03
1.102682109922170639e-02
1.061459481716156006e-01
-3.677130863070487976e-02
-3.437743708491325378e-02
4.909342154860496521e-02
8.194626867771148682e-02
-1.909592449665069580e-01
-5.702897906303405762e-02
-7.427233457565307617e-02
6.766607612371444702e-02
4.461000487208366394e-02
2.359307138249278069e-03
-3.671517129987478256e-03
-1.968038976192474365e-01
-6.896384805440902710e-02
-7.825230807065963745e-02
1.373204886913299561e-01
4.103839397430419922e-03
-9.736583568155765533e-03
-3.515879809856414795e-02
1.152877584099769592e-01
-7.396841794252395630e-02
8.516839705407619476e-03
-1.236065179109573364e-01
-8.231016248464584351e-02
-1.732002049684524536e-01
-3.174232691526412964e-02
-2.330689877271652222e-02
-1.788507997989654541e-01
-1.156874895095825195e-01
4.876135289669036865e-02
-1.079305075109004974e-02
-6.669113039970397949e-02
-2.894649840891361237e-02
