9.496395289897918701e-02
1.127359718084335327e-01
-2.201666496694087982e-02
-9.715102612972259521e-02
-1.757996678352355957e-01
1.503931172192096710e-02
-1.617619991302490234e-01
-1.427234560251235962e-01
-1.740477979183197021e-01
1.469951570034027100e-01
1.005337983369827271e-01
-1.721774041652679443e-01
-1.644569039344787598e-01
1.967812515795230865e-02
-1.479057073593139648e-01
-5.885628983378410339e-02
1.713800360448658466e-03
-8.573894947767257690e-02
1.693546175956726074e-01
-1.202629506587982178e-01
9.959946572780609131e-02
1.741454601287841797e-01
-1.397965997457504272e-01
-1.231881976127624512e-01
8.759840577840805054e-02
7.796338945627212524e-02
1.312804371118545532e-01
-1.110935434699058533e-01
-9.801958687603473663e-03
-9.426728636026382446e-02
8.951966464519500732e-02
-2.529770135879516602e-02
1.690756678581237793e-01
1.511926054954528809e-01
1.681087464094161987e-01
1.151915639638900757e-01
8.143810927867889404e-02
8.827844262123107910e-02
1.761750429868698120e-01
-1.123062297701835632e-01
1.690494865179061890e-01
3.752903779968619347e-03
1.699659675359725952e-01
-1.401885896921157837e-01
-1.382188647985458374e-01
4.339742287993431091e-02
-1.503577828407287598e-01
7.906205952167510986e-02
-5.003961920738220215e-02
1.764227896928787231e-01
1.014878228306770325e-01
3.482266515493392944e-02
1.753059029579162598e-01
-8.857345581054687500e-02
-1.686063259840011597e-01
-1.455466151237487793e-01
-1.161081865429878235e-01
-1.734884679317474365e-01
2.450595051050186157e-02
-1.677826493978500366e-01
-3.976887091994285583e-02
1.411652714014053345e-01
1.605937629938125610e-01
1.698117107152938843e-01
