-3.845017030835151672e-02
-5.800525192171335220e-03
6.470504403114318848e-02
1.469937264919281006e-01
-4.056960344314575195e-02
7.015295326709747314e-02
8.389952033758163452e-02
-2.934177033603191376e-02
1.028663441538810730e-01
-1.052852272987365723e-01
-1.085868179798126221e-01
-8.633444458246231079e-02
4.248499497771263123e-02
-6.376618146896362305e-02
8.517551422119140625e-02
-5.481098592281341553e-02
2.533810585737228394e-02
-1.085972562432289124e-01
-1.109508424997329712e-01
-7.847059518098831177e-02
9.951433539390563965e-02
-1.591426581144332886e-01
1.058359071612358093e-01
-4.250741563737392426e-03
6.392724066972732544e-02
-7.508894428610801697e-03
1.801126450300216675e-02
1.867868937551975250e-02
-3.281396999955177307e-02
-1.011279150843620300e-01
6.177871674299240112e-02
6.520361453294754028e-02
-7.701470982283353806e-03
-3.443350642919540405e-02
7.103421539068222046e-02
1.200126484036445618e-01
-1.973401196300983429e-02
8.469781279563903809e-02
-2.632352337241172791e-02
-8.395610749721527100e-02
-1.127108260989189148e-01
-2.403304725885391235e-02
-1.277424842119216919e-01
-9.899120777845382690e-04
7.311192154884338379e-02
-3.138042241334915161e-02
4.356743022799491882e-02
1.611608266830444336e-01
8.274985104799270630e-02
-1.240060627460479736e-01
9.517405927181243896e-02
1.829873584210872650e-02
1.642247140407562256e-01
9.476792067289352417e-02
-1.106191948056221008e-01
-1.765700615942478180e-02
9.620538353919982910e-02
-2.046561241149902344e-01
-9.412744641304016113e-02
2.485635504126548767e-02
-6.926019489765167236e-02
2.403953857719898224e-02
6.066732481122016907e-02
-8.126188069581985474e-02
-3.311100974678993225e-02
-1.648363173007965088e-01
-1.117275729775428772e-01
-8.489327877759933472e-02
1.108812987804412842e-01
1.276697069406509399e-01
-9.656161069869995117e-02
1.189194023609161377e-01
1.000690534710884094e-01
-2.277397725265473127e-04
9.815444797277450562e-02
6.981523334980010986e-02
9.456402808427810669e-02
3.457418642938137054e-03
-7.972613908350467682e-03
-8.739214390516281128e-02
-3.603014722466468811e-02
-9.983626008033752441e-02
1.545019540935754776e-02
1.293237507343292236e-01
5.252757295966148376e-02
-2.438925020396709442e-02
4.617076832801103592e-03
-2.646869793534278870e-02
-9.126121550798416138e-02
-1.252242475748062134e-01
1.431190073490142822e-01
-1.494722962379455566e-01
1.287939399480819702e-01
-1.340924650430679321e-01
-1.712449491024017334e-01
-6.252842396497726440e-02
5.028922110795974731e-02
-1.057033911347389221e-01
1.027562320232391357e-01
4.770255461335182190e-02
1.487056817859411240e-02
-3.165208548307418823e-02
8.944351971149444580e-02
-1.300715655088424683e-02
-4.797563701868057251e-02
6.812327355146408081e-02
1.065220087766647339e-01
1.260437518358230591e-01
1.166995521634817123e-02
-9.499108791351318359e-02
6.416960805654525757e-02
-6.817686557769775391e-02
-1.143150851130485535e-01
1.657425165176391602e-01
-2.575694024562835693e-02
-7.921361923217773438e-02
-7.091299444437026978e-02
-1.301326304674148560e-01
-1.571018993854522705e-01
-4.925025254487991333e-02
-1.141484677791595459e-01
1.073094904422760010e-01
3.620558418333530426e-03
1.166929230093955994e-01
6.350790150463581085e-03
-2.827249094843864441e-02
-1.064852327108383179e-01
1.956018060445785522e-02
