1.503676921129226685e-01
1.847380846738815308e-01
-9.411225467920303345e-02
-1.379660367965698242e-01
-1.900619715452194214e-01
-4.969149827957153320e-02
-1.004546135663986206e-01
-5.306327715516090393e-02
-1.728369891643524170e-01
1.235365420579910278e-01
1.753973513841629028e-01
-1.475681662559509277e-01
-1.356368362903594971e-01
-8.536378294229507446e-02
-1.465994566679000854e-01
4.515726119279861450e-02
-5.287368223071098328e-02
-9.265151619911193848e-02
1.583287417888641357e-01
-6.091072037816047668e-02
1.747928261756896973e-01
1.604359447956085205e-01
-2.473175674676895142e-01
-5.775007419288158417e-03
1.152627766132354736e-01
3.296054527163505554e-02
1.700199693441390991e-01
-1.666343361139297485e-01
1.488541066646575928e-01
3.369081020355224609e-02
1.276623457670211792e-01
-6.331089138984680176e-02
7.685010135173797607e-02
3.436947241425514221e-02
2.072846293449401855e-01
-9.780830889940261841e-02
-3.014854155480861664e-02
-3.203028440475463867e-02
1.548095196485519409e-01
-1.062771528959274292e-01
1.693335175514221191e-01
-2.624884992837905884e-02
1.479770839214324951e-01
-3.331870585680007935e-02
-7.002777606248855591e-02
6.671528797596693039e-03
-5.797005072236061096e-02
1.134044677019119263e-01
-3.696969896554946899e-02
1.740974038839340210e-01
-9.266284108161926270e-02
-3.927724901586771011e-03
1.585654765367507935e-01
-1.011478304862976074e-01
-1.925034523010253906e-01
-1.468414366245269775e-01
5.986846983432769775e-02
-1.548906862735748291e-01
-9.231273829936981201e-02
-1.731692105531692505e-01
-5.234595760703086853e-02
4.342729225754737854e-02
2.138404399156570435e-01
1.536879539489746094e-01
