1.424569487571716309e-01
1.742789745330810547e-01
6.382420659065246582e-02
9.533129632472991943e-03
5.767010618001222610e-03
9.866657853126525879e-02
6.513281911611557007e-02
4.390140250325202942e-02
2.176727727055549622e-02
4.743199422955513000e-02
3.874621167778968811e-02
1.062287837266921997e-01
-5.987618491053581238e-02
-2.987888641655445099e-02
4.921052604913711548e-02
1.574696041643619537e-02
1.892633438110351562e-01
1.368402242660522461e-01
8.953534997999668121e-03
1.703587621450424194e-01
-8.668667078018188477e-02
1.239460334181785583e-01
1.372307091951370239e-01
9.090162068605422974e-02
1.152454614639282227e-01
1.719015687704086304e-01
2.952353097498416901e-02
1.254357695579528809e-01
1.329152286052703857e-01
-4.903887584805488586e-02
2.139159590005874634e-01
7.033394183963537216e-03
1.356663461774587631e-02
1.628076657652854919e-02
-1.743099093437194824e-02
1.000990942120552063e-01
-6.036228500306606293e-03
6.571272760629653931e-02
1.926717758178710938e-01
7.562062144279479980e-02
-1.591137424111366272e-02
6.040180474519729614e-02
1.222677435725927353e-02
1.517305076122283936e-01
2.149432003498077393e-01
4.395231604576110840e-02
-1.206826791167259216e-01
1.138661056756973267e-02
6.302721332758665085e-03
1.319429427385330200e-01
1.585459560155868530e-01
3.166673332452774048e-02
2.259036153554916382e-01
1.816373318433761597e-02
7.714591920375823975e-02
1.106147244572639465e-01
1.173115819692611694e-01
1.679216623306274414e-01
1.853913441300392151e-02
6.538345664739608765e-02
1.383023709058761597e-01
-1.822936721146106720e-02
1.494403928518295288e-01
7.405930012464523315e-02
2.506226673722267151e-02
6.403911113739013672e-02
8.955381810665130615e-02
8.976065367460250854e-02
1.190185397863388062e-01
9.828881174325942993e-02
4.420508444309234619e-02
5.745885893702507019e-02
8.957442641258239746e-02
1.659170985221862793e-01
-1.096580475568771362e-01
4.827935993671417236e-02
1.015062183141708374e-01
1.515432149171829224e-01
7.273600902408361435e-03
1.746478527784347534e-01
-1.715204562060534954e-03
1.278496831655502319e-01
6.671834737062454224e-02
-3.334880247712135315e-02
3.518199548125267029e-02
8.223661035299301147e-02
-5.820282921195030212e-02
7.224888354539871216e-02
1.528284549713134766e-01
1.302859187126159668e-01
5.335653200745582581e-02
1.213871990330517292e-03
1.427102237939834595e-01
2.330126054584980011e-02
1.339988559484481812e-01
8.877018839120864868e-02
-7.491330057382583618e-02
-1.344859898090362549e-01
-2.543082088232040405e-02
-1.894869096577167511e-02
1.303570121526718140e-01
-5.163144320249557495e-02
2.031684666872024536e-01
1.866222321987152100e-01
1.062591075897216797e-01
1.561118215322494507e-01
1.160427629947662354e-01
7.269458472728729248e-02
1.366423815488815308e-01
9.792592376470565796e-02
1.115167215466499329e-01
2.625126577913761139e-02
7.397464662790298462e-02
9.297221153974533081e-02
-1.591179147362709045e-02
1.679909527301788330e-01
1.249091997742652893e-01
-1.615207269787788391e-02
7.680901139974594116e-02
-8.689058944582939148e-03
-6.097579747438430786e-02
6.557433307170867920e-02
-1.394955813884735107e-01
7.963005453348159790e-02
1.513611227273941040e-01
1.292102634906768799e-01
8.478185534477233887e-02
1.443386971950531006e-01
2.614795416593551636e-02
-4.237077012658119202e-02
-8.986542932689189911e-03
2.225340008735656738e-01
2.278148010373115540e-02
8.191981166601181030e-02
-2.781446278095245361e-02
5.381980910897254944e-02
1.858448535203933716e-01
3.558148071169853210e-02
-5.587010085582733154e-02
8.057381957769393921e-02
2.365699224174022675e-02
5.257436633110046387e-02
4.173394665122032166e-02
1.335281133651733398e-01
1.320850551128387451e-01
-1.740489713847637177e-02
2.831654995679855347e-02
-8.805038407444953918e-03
7.885012775659561157e-02
-5.410658195614814758e-02
-6.386359035968780518e-02
-1.782973408699035645e-01
-1.639715582132339478e-01
-2.198252528905868530e-01
-1.621318906545639038e-01
-1.026156544685363770e-01
-3.046551942825317383e-01
-3.395121991634368896e-01
4.206829145550727844e-02
4.400045424699783325e-02
-1.715507954359054565e-01
-2.965593338012695312e-01
6.217078119516372681e-02
-6.362590938806533813e-02
-3.352582752704620361e-01
9.338233619928359985e-02
-1.485165655612945557e-01
-1.753966808319091797e-01
9.510187059640884399e-02
-1.720006763935089111e-02
9.369105100631713867e-02
1.601430773735046387e-01
-3.034965693950653076e-01
-8.662176318466663361e-03
-3.304273784160614014e-01
-2.352119237184524536e-01
-1.503717303276062012e-01
-7.043852657079696655e-02
-2.131893932819366455e-01
-5.676997825503349304e-02
-4.147712290287017822e-01
1.279618442058563232e-01
-1.199784278869628906e-01
4.244482144713401794e-02
1.046727597713470459e-01
-5.943065136671066284e-02
-1.458336114883422852e-01
-1.024149358272552490e-01
-5.109333992004394531e-01
1.847124695777893066e-01
-2.034826129674911499e-01
4.201223701238632202e-02
4.562777653336524963e-02
-3.837116062641143799e-01
-2.009030431509017944e-01
5.186690017580986023e-02
-3.884225785732269287e-01
-5.103592947125434875e-02
-1.374472081661224365e-01
3.562057018280029297e-02
1.714182049036026001e-01
-3.654907643795013428e-02
-2.309537231922149658e-01
9.187890216708183289e-03
-7.343960553407669067e-02
5.062449723482131958e-03
-8.187550306320190430e-02
-9.853077679872512817e-02
5.442811921238899231e-02
-3.655060380697250366e-02
-2.997657954692840576e-01
-1.185199525207281113e-02
-1.943762898445129395e-01
1.544165760278701782e-01
7.305007427930831909e-02
-3.835482988506555557e-03
-3.388873338699340820e-01
3.252002596855163574e-02
-1.972485482692718506e-01
-1.813444048166275024e-01
3.348833322525024414e-02
-1.775245368480682373e-01
-5.239044316112995148e-03
8.553785085678100586e-02
-1.065670028328895569e-01
-3.124522566795349121e-01
-4.235014691948890686e-02
-2.715568058192729950e-02
3.590352460741996765e-02
-2.438711076974868774e-01
6.960950791835784912e-02
5.994343757629394531e-02
4.942949861288070679e-03
-8.744121296331286430e-04
6.614724546670913696e-02
3.736286610364913940e-02
3.814835846424102783e-02
-1.137749776244163513e-01
2.583551965653896332e-02
-1.227423921227455139e-01
4.343535006046295166e-02
-2.084029465913772583e-01
-2.657871320843696594e-02
-2.589331865310668945e-01
-2.757736109197139740e-02
-3.851529955863952637e-01
1.112337410449981689e-01
-1.861064881086349487e-01
-2.360713295638561249e-02
-2.407241910696029663e-01
-2.236122190952301025e-01
-1.436439752578735352e-01
1.666210591793060303e-01
-1.490732282400131226e-02
-8.455198258161544800e-02
-2.088478356599807739e-01
-7.662795484066009521e-02
-7.216388732194900513e-02
3.410553559660911560e-02
-3.336854279041290283e-01
-7.055135816335678101e-02
1.613139063119888306e-01
-1.827900111675262451e-01
-8.719973266124725342e-02
-2.080471813678741455e-02
-2.456963062286376953e-01
-3.316757977008819580e-01
9.445907175540924072e-02
-1.167206689715385437e-01
8.163749426603317261e-02
3.646166995167732239e-02
-2.201733924448490143e-02
7.795789092779159546e-02
-1.138593405485153198e-01
-1.019902676343917847e-01
-1.330521255731582642e-01
-3.223094642162322998e-01
7.982204668223857880e-03
4.694240912795066833e-02
-7.413329184055328369e-02
-7.079716771841049194e-02
4.152710363268852234e-02
-3.021922148764133453e-02
1.605930924415588379e-02
-2.468277812004089355e-01
5.637345090508460999e-02
-2.635920047760009766e-02
-8.847432583570480347e-02
3.155665695667266846e-01
-4.292362928390502930e-02
1.309654265642166138e-01
-3.332461044192314148e-02
-5.155916139483451843e-02
4.790852963924407959e-02
-2.781714498996734619e-01
-2.795524708926677704e-02
6.204561516642570496e-02
-4.517587274312973022e-02
8.484273403882980347e-02
-1.327125877141952515e-01
-1.022486016154289246e-01
-2.819439955055713654e-02
6.036869063973426819e-02
1.265088468790054321e-01
6.036168336868286133e-02
5.712525919079780579e-03
-4.418181255459785461e-02
6.453524529933929443e-02
-9.542856365442276001e-02
1.594845354557037354e-01
4.740834236145019531e-02
1.446812879294157028e-02
-5.084300786256790161e-02
-1.200254410505294800e-01
3.574004769325256348e-02
-6.999234110116958618e-02
-3.839128650724887848e-03
2.201386988162994385e-01
2.974407980218529701e-03
8.078760653734207153e-02
2.257747808471322060e-03
1.360855903476476669e-02
-2.717785909771919250e-02
4.842276498675346375e-02
4.494132474064826965e-02
8.880140632390975952e-02
2.030926011502742767e-02
-6.793329864740371704e-02
-4.302174597978591919e-02
-5.475416313856840134e-03
3.063367679715156555e-02
1.320791151374578476e-02
1.595481336116790771e-01
1.201725099235773087e-02
9.616013616323471069e-02
-2.970014326274394989e-02
-8.792997151613235474e-02
1.532621979713439941e-01
-1.063776612281799316e-01
1.847890019416809082e-02
-1.461307853460311890e-01
-8.818206377327442169e-03
7.779406011104583740e-02
1.361804921180009842e-02
-1.942065358161926270e-02
-4.583387076854705811e-02
-3.970277309417724609e-02
-6.270648539066314697e-02
-5.302868410944938660e-02
2.263107150793075562e-02
-8.839771896600723267e-02
1.886930689215660095e-02
3.680119290947914124e-02
3.465049713850021362e-02
1.125623956322669983e-01
-3.418643493205308914e-03
1.460631787776947021e-01
-6.800588220357894897e-02
7.042411714792251587e-02
4.514065384864807129e-02
9.307904541492462158e-02
3.852876275777816772e-02
-1.513618528842926025e-01
-1.465700715780258179e-01
-5.447974056005477905e-02
3.068365715444087982e-02
2.480180375277996063e-02
1.076497808098793030e-01
-1.020457521080970764e-01
2.583769336342811584e-02
-8.299402147531509399e-02
2.213119342923164368e-02
-7.754102349281311035e-02
-8.944458514451980591e-02
1.156294047832489014e-01
2.609780989587306976e-02
-6.831125169992446899e-02
-8.329631388187408447e-02
9.016525000333786011e-03
3.398910537362098694e-02
-3.734876215457916260e-02
-7.689200341701507568e-03
1.105471104383468628e-01
-1.924831653013825417e-03
-6.947694718837738037e-02
-1.370073109865188599e-02
7.946355640888214111e-02
-4.520717635750770569e-02
-5.593939870595932007e-02
2.080747298896312714e-02
-3.301203250885009766e-02
2.668931894004344940e-02
6.065309047698974609e-02
1.068641990423202515e-02
6.999917328357696533e-02
-5.722400918602943420e-02
-1.801864942535758018e-03
-2.262167483568191528e-01
-9.564810432493686676e-03
-1.073125302791595459e-01
6.602543871849775314e-03
6.531726568937301636e-02
-1.098836734890937805e-01
5.518002808094024658e-02
1.475242525339126587e-01
-4.390253126621246338e-02
-1.459397524595260620e-01
9.429354220628738403e-02
1.427157372236251831e-01
-8.669564500451087952e-03
1.182086020708084106e-01
3.636942803859710693e-02
-3.703166916966438293e-02
-1.918397611007094383e-03
1.356774866580963135e-01
5.049575492739677429e-02
6.524125486612319946e-02
3.267557173967361450e-02
-3.602459654211997986e-02
6.847510486841201782e-02
1.045778114348649979e-02
-7.401142269372940063e-02
-4.810323193669319153e-02
1.364253810606896877e-03
1.245753765106201172e-01
-1.209738254547119141e-01
-8.562054485082626343e-02
-2.205240428447723389e-01
1.092339679598808289e-01
6.836853921413421631e-02
-1.540307886898517609e-02
-7.805686444044113159e-02
-5.455972254276275635e-02
-4.188460856676101685e-02
-9.383414685726165771e-02
1.499060094356536865e-01
4.293975979089736938e-02
9.738637506961822510e-02
1.569327563047409058e-01
-6.712393462657928467e-02
-7.983092963695526123e-02
1.052481029182672501e-02
9.291113168001174927e-02
1.330731343477964401e-02
6.929834932088851929e-02
7.541566342115402222e-02
1.234364211559295654e-01
2.682578191161155701e-02
9.663201868534088135e-03
-2.121726609766483307e-02
