1.047168672084808350e-01
1.485355496406555176e-01
1.352426707744598389e-01
-5.170796066522598267e-02
1.102833598852157593e-01
1.083854809403419495e-01
1.802982091903686523e-01
3.021673113107681274e-02
4.680186882615089417e-02
1.328217685222625732e-01
-4.976394400000572205e-02
2.345300018787384033e-01
8.515787869691848755e-02
3.480574488639831543e-02
5.261322855949401855e-02
-3.221625695005059242e-03
5.780974775552749634e-02
1.211305409669876099e-01
-8.981559425592422485e-02
1.301047801971435547e-01
2.752270735800266266e-02
-6.893177516758441925e-03
1.018249467015266418e-01
3.237769380211830139e-02
5.249158293008804321e-02
2.029737234115600586e-01
2.905471809208393097e-02
1.541245281696319580e-01
1.402236074209213257e-01
-1.350899636745452881e-01
1.241524517536163330e-01
-4.665350075811147690e-03
1.277773231267929077e-01
8.671174198389053345e-02
1.025099307298660278e-01
1.286738961935043335e-01
4.074893146753311157e-02
7.803877443075180054e-02
1.188705116510391235e-01
1.632311195135116577e-02
6.469769775867462158e-02
1.004245579242706299e-01
5.106525868177413940e-02
6.954963505268096924e-02
9.444522857666015625e-02
1.012256219983100891e-01
1.765675283968448639e-02
8.193915337324142456e-02
-4.255342110991477966e-02
1.235549896955490112e-01
9.377102553844451904e-02
7.488949596881866455e-02
2.139128893613815308e-01
2.512910775840282440e-02
-1.617748476564884186e-02
4.999715462327003479e-02
-7.035526446998119354e-03
1.298587620258331299e-01
7.847344502806663513e-03
-6.516516208648681641e-02
2.603856325149536133e-01
3.701480478048324585e-02
7.863006740808486938e-02
1.746833696961402893e-02
1.005588620901107788e-01
2.082089520990848541e-02
8.890277892351150513e-02
9.294535964727401733e-02
8.656749129295349121e-02
-2.419881150126457214e-02
5.057733133435249329e-02
-9.244363172911107540e-04
1.293821036815643311e-01
1.275586038827896118e-01
-1.546107046306133270e-02
5.235912743955850601e-03
5.864288657903671265e-03
1.658391654491424561e-01
5.497804656624794006e-02
2.667478621006011963e-01
6.530560553073883057e-02
4.342653602361679077e-02
3.220720216631889343e-02
7.362344115972518921e-02
7.675623148679733276e-02
1.817127615213394165e-01
-5.915491282939910889e-02
4.925711080431938171e-02
7.353100925683975220e-02
1.472121477127075195e-01
1.113229431211948395e-02
-9.454907476902008057e-02
1.675985604524612427e-01
-1.762411370873451233e-02
7.407820224761962891e-02
3.801181539893150330e-02
-3.161710128188133240e-02
-9.080228209495544434e-02
-3.915707580745220184e-03
-2.946798503398895264e-02
2.133494168519973755e-01
7.930663973093032837e-02
1.958950310945510864e-01
1.624809652566909790e-01
6.990301609039306641e-02
1.797812730073928833e-01
6.678839772939682007e-02
1.047785356640815735e-01
1.751072108745574951e-01
2.047314792871475220e-01
3.808036819100379944e-02
2.202121168375015259e-02
7.414462417364120483e-02
7.720427215099334717e-02
4.290973767638206482e-02
1.769448369741439819e-01
1.961599886417388916e-01
-3.199640288949012756e-02
-5.088781937956809998e-02
8.681593462824821472e-04
6.666916608810424805e-02
8.851381391286849976e-02
-2.325197495520114899e-02
3.894612193107604980e-02
1.717512160539627075e-01
9.661844372749328613e-02
1.083922311663627625e-01
2.129133492708206177e-01
1.641122549772262573e-01
4.113591089844703674e-02
7.139457762241363525e-02
1.835557967424392700e-01
9.328098967671394348e-03
9.040340036153793335e-02
2.628970332443714142e-02
8.252780884504318237e-02
1.573134064674377441e-01
6.965792924165725708e-02
-4.029431939125061035e-02
6.594575196504592896e-02
9.862717986106872559e-02
2.520187199115753174e-02
9.214946068823337555e-03
2.108946740627288818e-01
1.214673891663551331e-01
-1.706636883318424225e-02
8.407275378704071045e-02
-2.409361302852630615e-02
1.392326802015304565e-01
-1.914568245410919189e-02
-1.300158053636550903e-01
-1.974929869174957275e-01
-1.262159943580627441e-01
-2.987082004547119141e-01
-2.115829437971115112e-01
-1.102106943726539612e-01
-2.337298840284347534e-01
-4.126714766025543213e-01
4.110035672783851624e-02
-8.989686146378517151e-03
-1.348977982997894287e-01
-4.465498626232147217e-01
1.076863184571266174e-01
-2.153517678380012512e-02
-3.227028846740722656e-01
-4.568918608129024506e-03
-1.030644476413726807e-01
-1.782186180353164673e-01
9.401696175336837769e-02
-1.814525574445724487e-02
-1.215328113175928593e-03
1.251861453056335449e-01
-2.914401590824127197e-01
3.766660764813423157e-02
-3.961070477962493896e-01
-1.476412564516067505e-01
-2.150739282369613647e-01
-3.785131499171257019e-02
-2.616012692451477051e-01
-1.114131510257720947e-01
-3.393282890319824219e-01
8.843902498483657837e-02
-2.133057266473770142e-01
1.672136411070823669e-02
8.981578797101974487e-02
-5.414700508117675781e-02
-8.063580095767974854e-02
-9.030294604599475861e-03
-3.504554331302642822e-01
1.432116031646728516e-01
-1.523843258619308472e-01
-9.249478578567504883e-02
1.375565379858016968e-01
-3.959272205829620361e-01
-1.739964932203292847e-01
7.063718140125274658e-02
-2.801068127155303955e-01
-1.191405951976776123e-01
-8.226107060909271240e-02
-4.724076017737388611e-02
6.204534322023391724e-02
-8.302761614322662354e-02
-2.126149684190750122e-01
-2.513481117784976959e-02
-1.310945004224777222e-01
-9.365571290254592896e-02
-2.195881903171539307e-01
-1.001436263322830200e-01
5.189879983663558960e-02
-1.878538727760314941e-02
-3.381735980510711670e-01
3.828937187790870667e-03
-1.113936305046081543e-01
1.207382231950759888e-01
1.502352058887481689e-01
-9.770614653825759888e-02
-2.418752163648605347e-01
1.858616471290588379e-01
-1.860389113426208496e-01
-6.241326779127120972e-02
3.184868395328521729e-02
-6.917110085487365723e-02
-5.750192701816558838e-02
1.149577274918556213e-01
-1.010461896657943726e-01
-2.602104246616363525e-01
-5.275551602244377136e-02
-9.471761994063854218e-03
3.672804310917854309e-02
-1.297227144241333008e-01
8.764644712209701538e-02
9.292192757129669189e-02
3.423996269702911377e-03
4.401631280779838562e-02
-1.901369355618953705e-02
7.065725326538085938e-02
7.932365685701370239e-02
-2.020612508058547974e-01
1.186822950839996338e-01
-8.169103413820266724e-02
9.434148669242858887e-02
-6.552977859973907471e-02
-1.481883972883224487e-01
-2.363512367010116577e-01
-4.128828644752502441e-03
-3.380691409111022949e-01
7.540667802095413208e-02
-1.665100306272506714e-01
-4.964731633663177490e-03
-2.198479920625686646e-01
-1.717409193515777588e-01
-1.359434574842453003e-01
1.583882868289947510e-01
-2.567118220031261444e-02
-2.191479653120040894e-01
-2.130503952503204346e-01
-1.054121628403663635e-01
-1.117716506123542786e-01
-1.003102213144302368e-02
-4.099363386631011963e-01
-8.619871735572814941e-02
8.494030684232711792e-02
-1.831605434417724609e-01
1.388173550367355347e-02
7.391216233372688293e-03
-1.791866868734359741e-01
-2.462814152240753174e-01
1.251187026500701904e-01
-1.976667493581771851e-01
3.590180352330207825e-02
-3.874302282929420471e-02
3.157001733779907227e-02
-1.344414707273244858e-02
-1.040883809328079224e-01
3.746900474652647972e-03
-1.542010605335235596e-01
-3.174643218517303467e-01
1.354581117630004883e-01
1.092470251023769379e-02
-1.084029525518417358e-01
-8.166368305683135986e-02
1.229209154844284058e-01
-2.341612800955772400e-02
-6.051924079656600952e-02
-3.518251776695251465e-01
7.161553949117660522e-02
2.784987352788448334e-02
-1.143666282296180725e-01
2.965242862701416016e-01
1.111157517880201340e-02
1.521302387118339539e-02
-6.127823516726493835e-02
-4.642296954989433289e-02
1.389186829328536987e-01
-3.036624491214752197e-01
1.997343264520168304e-02
-1.952455192804336548e-02
-6.576163321733474731e-02
5.431631579995155334e-02
-1.269351691007614136e-01
-8.966191858053207397e-02
7.284007966518402100e-02
-1.063401401042938232e-01
1.028640381991863251e-02
5.042241537012159824e-05
-1.690861955285072327e-02
4.862672463059425354e-02
1.866954714059829712e-01
9.172430634498596191e-02
1.030276343226432800e-01
-8.971667289733886719e-02
-5.878719314932823181e-02
8.942079544067382812e-02
3.660077229142189026e-02
1.075011789798736572e-01
-7.369054015725851059e-03
-2.028272859752178192e-02
1.541730761528015137e-01
-1.240312084555625916e-01
9.069220162928104401e-03
2.597016394138336182e-01
-1.707890629768371582e-02
1.338917464017868042e-01
2.129582464694976807e-01
7.061425596475601196e-02
3.699058294296264648e-02
-5.325643578544259071e-04
-4.032209888100624084e-02
4.856077209115028381e-02
-7.505894452333450317e-02
2.541614472866058350e-01
8.510068804025650024e-02
-1.083708717487752438e-03
1.282740086317062378e-01
-4.062389209866523743e-02
-7.723293453454971313e-02
-4.861412197351455688e-02
3.067062608897686005e-02
6.437914818525314331e-02
-2.913622651249170303e-03
4.351908862590789795e-01
-7.431110739707946777e-02
-1.955782622098922729e-02
-7.437654584646224976e-02
-9.508492797613143921e-02
6.185200065374374390e-02
2.326092496514320374e-02
-1.511640381067991257e-02
2.204648219048976898e-02
-1.250862777233123779e-01
6.316625513136386871e-03
-1.524513959884643555e-02
-4.529248178005218506e-02
-6.874018162488937378e-02
2.142565548419952393e-01
9.282045997679233551e-03
4.132368788123130798e-02
1.006359010934829712e-01
-1.288864463567733765e-01
1.260542720556259155e-01
-5.180334299802780151e-02
-1.920436881482601166e-02
-7.521026581525802612e-02
-7.394266128540039062e-02
-1.391119509935379028e-02
6.389809399843215942e-02
1.735986471176147461e-01
2.417417801916599274e-02
1.393883377313613892e-01
6.021118536591529846e-02
1.788654550909996033e-02
-5.285346880555152893e-02
5.394771695137023926e-02
-1.195893213152885437e-01
-3.205992653965950012e-02
2.280907481908798218e-01
-5.266185104846954346e-02
1.460227370262145996e-01
2.352161332964897156e-02
-1.391754001379013062e-01
-7.488607615232467651e-02
-3.308010473847389221e-02
7.870668917894363403e-02
-3.493313211947679520e-03
9.087154269218444824e-02
3.652809187769889832e-02
-4.691353812813758850e-02
9.472637623548507690e-02
3.859710320830345154e-02
4.074199870228767395e-02
-3.916795179247856140e-02
1.415822356939315796e-01
3.967206552624702454e-02
1.260533928871154785e-01
3.924502059817314148e-02
6.165782734751701355e-02
-1.226587221026420593e-01
4.668578207492828369e-01
7.044675946235656738e-02
1.731696724891662598e-01
-4.241803660988807678e-02
-6.716075539588928223e-02
-8.979260176420211792e-02
-1.427014172077178955e-01
-2.084183320403099060e-02
-2.819483876228332520e-01
-1.867829263210296631e-02
-1.555115431547164917e-01
7.843028753995895386e-02
2.103841677308082581e-02
-6.427635997533798218e-02
1.841091513633728027e-01
7.472135126590728760e-02
1.838517189025878906e-02
1.778506040573120117e-01
4.054020717740058899e-02
-8.535195887088775635e-02
-4.974286421202123165e-04
1.255318969488143921e-01
5.773163586854934692e-02
-5.560101568698883057e-02
1.055222470313310623e-02
7.970915734767913818e-02
3.026298247277736664e-02
6.959734112024307251e-02
9.080381691455841064e-02
3.813018798828125000e-01
-1.485346704721450806e-01
2.483863532543182373e-01
2.222422659397125244e-01
9.006468579173088074e-03
-5.701450631022453308e-02
2.893124148249626160e-02
6.415416020900011063e-03
1.929545775055885315e-02
3.007195517420768738e-02
9.834476560354232788e-02
-4.384503960609436035e-01
5.209780111908912659e-02
3.938563913106918335e-02
-1.029863357543945312e-01
-7.658768445253372192e-02
-1.441998500376939774e-02
9.984260797500610352e-02
-1.483167111873626709e-01
8.123184740543365479e-02
-6.431870162487030029e-02
2.735192328691482544e-02
-8.341579139232635498e-02
-1.846517808735370636e-02
