-5.205743312835693359e-01
-1.340636909008026123e-01
-1.496935188770294189e-01
-1.062889471650123596e-01
4.303195700049400330e-02
-5.377379655838012695e-01
-4.114306569099426270e-01
-5.739730596542358398e-01
-6.190866231918334961e-02
4.793311655521392822e-02
-1.890396475791931152e-01
-1.014974266290664673e-01
-5.404140055179595947e-02
-7.273738831281661987e-02
-3.832479119300842285e-01
-2.012008726596832275e-01
3.059155642986297607e-01
-6.184605360031127930e-01
-2.471460998058319092e-01
-3.380845785140991211e-01
-2.847329974174499512e-01
3.565757870674133301e-01
-4.750235974788665771e-01
-1.499585993587970734e-02
8.265260607004165649e-02
-2.009327113628387451e-01
-2.009981721639633179e-01
-1.657778620719909668e-01
-2.816455960273742676e-01
-2.888084016740322113e-02
-1.373601108789443970e-01
-3.237880766391754150e-02
2.697623968124389648e-01
-3.700242340564727783e-01
-4.252934157848358154e-01
-3.920106887817382812e-01
-3.265232145786285400e-01
2.562268078327178955e-01
1.244936063885688782e-01
3.154196739196777344e-01
-7.709210366010665894e-02
2.591964006423950195e-01
1.672528237104415894e-01
9.209558367729187012e-02
-1.115236952900886536e-01
2.503910567611455917e-03
-3.026514872908592224e-02
2.059341371059417725e-01
-4.415990114212036133e-01
-9.546152502298355103e-02
-1.188433542847633362e-01
-8.167450129985809326e-02
6.727735046297311783e-03
2.709731459617614746e-01
-7.215321063995361328e-02
-3.085136711597442627e-01
-2.522682957351207733e-02
-1.980297118425369263e-01
-3.979788422584533691e-01
-4.344989657402038574e-01
-5.226175859570503235e-02
-1.040038317441940308e-01
-5.499159917235374451e-02
-2.551550045609474182e-02
-6.448165327310562134e-02
1.705693900585174561e-01
-6.330536305904388428e-02
1.288541853427886963e-01
3.516568839550018311e-01
-1.845200657844543457e-01
-1.969523727893829346e-01
-2.417367100715637207e-01
2.547392845153808594e-01
-3.752645850181579590e-02
-1.257310211658477783e-01
1.899591088294982910e-01
-5.333758518099784851e-02
1.231602951884269714e-01
-4.787264168262481689e-01
-2.352837026119232178e-01
-3.711093366146087646e-01
-7.139978557825088501e-02
4.297571629285812378e-02
-4.734135866165161133e-01
-8.981787413358688354e-02
2.362917512655258179e-01
-5.073952674865722656e-01
-6.240624189376831055e-02
-7.992776110768318176e-03
2.524806559085845947e-01
-8.486371040344238281e-01
1.871798187494277954e-01
-3.670512884855270386e-02
1.204886510968208313e-01
-2.351730912923812866e-01
-2.171232551336288452e-02
-1.389389038085937500e-01
1.115933954715728760e-01
-6.492271274328231812e-02
-1.210080087184906006e-01
8.709196932613849640e-03
2.066296637058258057e-01
-1.936962082982063293e-02
2.552398741245269775e-01
-3.048317730426788330e-01
-3.223055303096771240e-01
6.740660667419433594e-01
1.658367067575454712e-01
-1.388809233903884888e-01
-1.191646605730056763e-01
-7.087735831737518311e-02
2.774736285209655762e-02
9.720600396394729614e-02
1.474622935056686401e-01
-4.167984426021575928e-02
-1.043925881385803223e-01
-8.476357161998748779e-02
-3.173457384109497070e-01
2.706156969070434570e-01
3.717419225722551346e-03
-3.310322761535644531e-01
1.965244710445404053e-01
1.237802729010581970e-01
1.067891940474510193e-01
-4.045870900154113770e-01
1.347903460264205933e-01
-1.465420424938201904e-01
-3.899669647216796875e-02
3.990437388420104980e-01
5.736907199025154114e-02
4.473300576210021973e-01
6.275761872529983521e-02
-1.356318295001983643e-01
7.100018262863159180e-01
-2.776426970958709717e-01
1.975667625665664673e-01
-2.689227834343910217e-02
-4.148181080818176270e-01
5.872656777501106262e-02
-1.649115234613418579e-01
-1.849474608898162842e-01
-1.020858958363533020e-01
9.328138828277587891e-02
-3.867523744702339172e-02
-1.082882583141326904e-01
7.639290094375610352e-01
-1.649274528026580811e-01
-4.546244442462921143e-01
-6.300835609436035156e-01
-8.065386116504669189e-02
-1.448481231927871704e-01
-1.192087084054946899e-01
1.917862594127655029e-01
-1.800259053707122803e-01
1.655332148075103760e-01
-8.643454313278198242e-02
-2.483762353658676147e-01
-2.372443079948425293e-01
4.593186080455780029e-02
-5.001809913665056229e-03
8.592317998409271240e-02
-2.092271596193313599e-01
-3.896408379077911377e-01
-2.610900998115539551e-01
-1.726950854063034058e-01
1.359108388423919678e-01
3.941655755043029785e-01
-1.461227983236312866e-01
1.154479533433914185e-01
2.282789908349514008e-03
2.492702752351760864e-01
-2.798301726579666138e-02
1.647460013628005981e-01
2.127520442008972168e-01
-1.991108655929565430e-01
9.059543162584304810e-02
6.759558916091918945e-01
6.194111425429582596e-03
-5.048116669058799744e-02
1.532603502273559570e-01
-3.158053383231163025e-02
-2.594446241855621338e-01
-1.222939640283584595e-01
-3.167182803153991699e-01
-3.560236394405364990e-01
1.596276611089706421e-01
5.721471309661865234e-01
5.597121119499206543e-01
2.604460343718528748e-02
-3.388406336307525635e-01
1.525519639253616333e-01
6.678127497434616089e-02
-5.254000797867774963e-02
-7.298100739717483521e-02
-3.492766916751861572e-01
5.133873224258422852e-01
-7.531062513589859009e-02
-4.465634003281593323e-02
1.563514322042465210e-01
-1.562811583280563354e-01
3.072811067104339600e-01
5.534007027745246887e-02
-1.888677924871444702e-01
2.023659944534301758e-01
-9.593710303306579590e-02
-7.403421215713024139e-03
8.083523064851760864e-02
7.219476699829101562e-01
-6.194821000099182129e-02
4.706007987260818481e-02
5.358634591102600098e-01
2.056392580270767212e-01
2.770193219184875488e-01
5.212889909744262695e-01
-9.171114116907119751e-02
7.276997715234756470e-02
1.845213919878005981e-01
4.654594659805297852e-01
8.786234855651855469e-01
1.345683336257934570e-01
1.354471445083618164e-01
2.957609295845031738e-01
-3.488042205572128296e-02
-1.459205448627471924e-01
-5.850928276777267456e-02
1.916168481111526489e-01
8.873018622398376465e-02
1.462544947862625122e-01
-1.300263106822967529e-01
-3.729730844497680664e-02
-4.046290367841720581e-02
3.719114959239959717e-01
-1.737332791090011597e-01
-1.783089637756347656e-01
-1.530836969614028931e-01
-1.881285458803176880e-01
7.092323303222656250e-01
-3.436914458870887756e-02
-3.306210339069366455e-01
-1.547953635454177856e-01
8.192769438028335571e-02
4.626578390598297119e-01
-2.796633914113044739e-02
4.538430869579315186e-01
7.242542505264282227e-02
-3.173022344708442688e-02
4.299878180027008057e-01
-8.896286785602569580e-02
-4.979450106620788574e-01
1.529014855623245239e-01
2.761760912835597992e-02
-8.116637356579303741e-03
9.132224321365356445e-02
2.127934098243713379e-01
-1.145282611250877380e-01
-1.099303662776947021e-01
1.934325844049453735e-01
1.871822923421859741e-01
3.015353679656982422e-01
1.554031372070312500e-01
-4.885412752628326416e-01
2.259264141321182251e-01
-2.469741255044937134e-01
9.843454509973526001e-02
-1.857922375202178955e-01
-1.011950820684432983e-01
-1.042125448584556580e-01
-1.245628967881202698e-01
4.409623742103576660e-01
1.372237056493759155e-01
-8.323229104280471802e-02
5.690513253211975098e-01
3.528419733047485352e-01
1.209689453244209290e-01
-6.217879056930541992e-01
-6.811528801918029785e-01
-5.319474935531616211e-01
2.142588645219802856e-01
-3.091940581798553467e-01
-2.419752068817615509e-02
9.164959937334060669e-02
-1.931059658527374268e-01
-5.813522934913635254e-01
-2.517773807048797607e-01
9.279856085777282715e-02
2.755239307880401611e-01
-2.223139852285385132e-01
3.084276616573333740e-01
-4.591566920280456543e-01
-9.655375033617019653e-03
6.545100212097167969e-01
-4.254998266696929932e-01
6.000631302595138550e-02
3.469862341880798340e-01
2.926230430603027344e-01
3.433139622211456299e-01
-4.129127562046051025e-01
-4.128401577472686768e-01
1.195407509803771973e-01
-3.489146828651428223e-01
7.525363564491271973e-01
6.472025066614151001e-02
-3.792408704757690430e-01
-2.320221960544586182e-01
-2.575037479400634766e-01
4.179977998137474060e-02
-1.486002355813980103e-01
2.888895273208618164e-01
1.426099687814712524e-01
-5.296713113784790039e-01
-3.531638383865356445e-01
-4.423877894878387451e-01
-3.150364458560943604e-01
-3.586683422327041626e-02
2.019365578889846802e-01
-7.534319907426834106e-02
-7.978922128677368164e-02
-1.553593426942825317e-01
3.317418098449707031e-01
-5.334124565124511719e-01
-1.578130871057510376e-01
8.478076197206974030e-03
3.502620458602905273e-01
-5.228444933891296387e-01
9.919828176498413086e-02
1.288777142763137817e-01
-5.684856176376342773e-01
1.785587668418884277e-01
-2.480963021516799927e-01
5.784583091735839844e-01
6.607460230588912964e-02
-1.041636243462562561e-01
-1.593763083219528198e-01
4.052898660302162170e-02
7.556685805320739746e-01
5.916452407836914062e-02
-2.800688147544860840e-01
1.482123285531997681e-01
4.717155992984771729e-01
4.526378586888313293e-02
3.262536227703094482e-01
-3.179657757282257080e-01
-8.341553211212158203e-01
-3.861381411552429199e-01
1.758205294609069824e-01
-3.939403891563415527e-01
-9.723945707082748413e-02
2.648582458496093750e-01
2.085704207420349121e-01
1.219413429498672485e-01
1.899224668741226196e-01
-6.369693577289581299e-02
2.181859686970710754e-03
2.019729018211364746e-01
9.786469340324401855e-01
-3.256050124764442444e-02
1.046277303248643875e-02
-4.519031941890716553e-01
2.681819796562194824e-01
5.649405121803283691e-01
-4.225769639015197754e-01
3.545460700988769531e-01
-1.895769871771335602e-02
7.894906401634216309e-02
1.894231438636779785e-01
-2.802688442170619965e-02
4.122004806995391846e-01
-3.474744558334350586e-01
-6.431666016578674316e-02
2.880728542804718018e-01
7.295406460762023926e-01
-2.095803245902061462e-02
3.540180325508117676e-01
7.744453549385070801e-01
-3.178694546222686768e-01
4.859513603150844574e-03
5.837774276733398438e-01
1.078313663601875305e-01
1.788034886121749878e-01
-1.546653658151626587e-01
-1.756353974342346191e-01
-2.092566639184951782e-01
-6.084812283515930176e-01
2.940103709697723389e-01
3.112857043743133545e-02
8.390019088983535767e-02
5.166468620300292969e-01
-1.043605729937553406e-01
-3.925175666809082031e-01
8.494235277175903320e-01
-3.879443556070327759e-02
8.034883141517639160e-01
1.010050550103187561e-01
-3.315483629703521729e-01
2.512612640857696533e-01
2.339870333671569824e-01
-3.287478536367416382e-02
1.761510223150253296e-01
5.191655829548835754e-02
-5.575589537620544434e-01
1.550260931253433228e-01
8.368369340896606445e-01
-3.339886665344238281e-01
-5.805889368057250977e-01
-5.984473228454589844e-01
2.605423331260681152e-01
-3.087584972381591797e-01
1.405975818634033203e-01
-6.714262068271636963e-02
7.611194252967834473e-02
-3.683600723743438721e-01
2.253263145685195923e-01
5.227553099393844604e-02
-5.556401610374450684e-02
5.116391181945800781e-02
-3.259357511997222900e-01
4.411314129829406738e-01
-2.866456806659698486e-01
-4.353804290294647217e-01
-1.256729662418365479e-01
1.270921155810356140e-02
2.388056367635726929e-01
8.574693202972412109e-01
-2.652623951435089111e-01
2.782041393220424652e-02
2.948260605335235596e-01
6.189127564430236816e-01
-1.372634153813123703e-02
-4.669401347637176514e-01
8.561056107282638550e-03
-3.793557882308959961e-01
8.938318490982055664e-02
8.776139020919799805e-01
-3.522726893424987793e-01
2.108453810214996338e-01
2.215724252164363861e-02
1.139313261955976486e-02
-4.568113386631011963e-01
1.193719543516635895e-02
-4.752389192581176758e-01
-6.556525081396102905e-02
1.863712072372436523e-01
9.528410434722900391e-01
6.804479360580444336e-01
-3.982107043266296387e-01
-2.261387556791305542e-01
2.482871115207672119e-01
-2.646465599536895752e-01
-2.669840455055236816e-01
2.212238758802413940e-01
-1.096459627151489258e-01
6.756629347801208496e-01
6.063967943191528320e-01
-5.409229546785354614e-02
-8.954332023859024048e-02
-5.108450055122375488e-01
7.864426970481872559e-01
1.143241301178932190e-01
-9.231926500797271729e-02
1.282989382743835449e-01
-2.716523408889770508e-02
1.188274994492530823e-01
-5.018835663795471191e-01
4.770306348800659180e-01
-1.758444905281066895e-01
6.096097230911254883e-01
5.545217990875244141e-01
3.203559517860412598e-01
1.068198904395103455e-01
1.150588765740394592e-01
-6.847487092018127441e-01
1.705135554075241089e-01
2.038182914257049561e-01
2.822670638561248779e-01
6.146026849746704102e-01
2.099402695894241333e-01
4.755580425262451172e-01
4.777914583683013916e-01
1.806016862392425537e-01
-5.154968053102493286e-02
1.298652309924364090e-02
-2.683396823704242706e-02
3.936641663312911987e-02
-7.997347973287105560e-03
1.211428269743919373e-01
-3.492974340915679932e-01
1.943161189556121826e-01
-6.437621265649795532e-02
-1.126225441694259644e-01
-2.292470484972000122e-01
9.047679901123046875e-01
2.514533996582031250e-01
1.910128712654113770e+00
-1.151725053787231445e-01
-6.915233731269836426e-01
-2.127959877252578735e-01
6.336919963359832764e-02
3.238378763198852539e-01
-1.557105183601379395e-01
-7.523337751626968384e-02
1.251674741506576538e-01
-2.315144240856170654e-01
5.722967386245727539e-01
-3.106704354286193848e-01
-6.896749138832092285e-01
2.320825308561325073e-01
2.277729362249374390e-01
2.220061141997575760e-03
2.895310707390308380e-02
1.008087024092674255e-01
-3.102153837680816650e-01
-6.553962826728820801e-02
