-3.910953104496002197e-01
-2.607579529285430908e-01
-4.395562410354614258e-02
-1.056893691420555115e-01
1.029719859361648560e-01
-6.531136631965637207e-01
-4.098461270332336426e-01
-5.465783476829528809e-01
-1.978866308927536011e-01
1.259000301361083984e-01
-4.552898555994033813e-02
-1.045656055212020874e-01
-1.071962937712669373e-01
4.285345226526260376e-02
-3.560166954994201660e-01
-2.028158605098724365e-01
3.195243179798126221e-01
-6.163827180862426758e-01
-2.175199389457702637e-01
-3.476002216339111328e-01
-3.330278098583221436e-01
2.309663444757461548e-01
-5.122279524803161621e-01
3.550299257040023804e-02
-2.821026369929313660e-02
-8.632513880729675293e-02
-3.399549052119255066e-02
-1.408790200948715210e-01
-3.078708350658416748e-01
-3.467376530170440674e-02
-1.101262792944908142e-01
-1.166882365942001343e-01
3.269457817077636719e-01
-3.227026164531707764e-01
-3.678269982337951660e-01
-2.968204915523529053e-01
-2.713875770568847656e-01
9.833020716905593872e-02
4.235786572098731995e-02
3.244257867336273193e-01
4.182396456599235535e-02
3.574862480163574219e-01
4.662305489182472229e-02
3.127669915556907654e-02
-1.060226187109947205e-01
-6.390802562236785889e-02
-1.720214039087295532e-01
1.823891252279281616e-01
-4.830692112445831299e-01
-1.360098645091056824e-02
-2.019770145416259766e-01
-1.521036773920059204e-01
-1.549511495977640152e-02
2.660456597805023193e-01
-1.733298152685165405e-01
-2.094077914953231812e-01
-3.248178586363792419e-02
-1.581093221902847290e-01
-5.206833481788635254e-01
-5.113959908485412598e-01
-7.479843497276306152e-02
-9.353984147310256958e-02
-5.217345803976058960e-02
-7.085048407316207886e-02
-1.617456376552581787e-01
2.060038149356842041e-01
-3.487684950232505798e-02
7.553673535585403442e-02
3.997497558593750000e-01
-3.124191164970397949e-01
-1.192671284079551697e-01
-2.063528597354888916e-01
3.260012269020080566e-01
5.650229286402463913e-03
-2.963212132453918457e-02
2.799416184425354004e-01
7.882244884967803955e-02
1.731071323156356812e-01
-4.242824316024780273e-01
-2.580744028091430664e-01
-3.785648941993713379e-01
2.054147887974977493e-03
1.035320386290550232e-02
-4.250063300132751465e-01
-1.236497461795806885e-01
2.877274453639984131e-01
-5.845190882682800293e-01
2.163342945277690887e-02
-7.753349840641021729e-02
3.422622382640838623e-01
-9.158732891082763672e-01
1.475142240524291992e-01
7.938257418572902679e-03
1.151662319898605347e-02
-2.181426882743835449e-01
-2.044869214296340942e-02
-1.683761626482009888e-01
-2.174245566129684448e-02
-1.197852287441492081e-02
-5.657962337136268616e-02
-5.942861735820770264e-02
2.441994994878768921e-01
-5.011662095785140991e-02
2.424501478672027588e-01
-2.555011808872222900e-01
-1.683852076530456543e-01
7.629760503768920898e-01
1.579482704401016235e-01
-1.723844558000564575e-01
-2.131197154521942139e-01
-9.828055649995803833e-02
-3.712972253561019897e-02
5.260152742266654968e-02
1.710257083177566528e-01
-5.856872722506523132e-02
2.898261137306690216e-02
-1.974761933088302612e-01
-2.854762971401214600e-01
2.693435847759246826e-01
2.025865251198410988e-03
-3.118927776813507080e-01
2.706882953643798828e-01
1.692506968975067139e-01
3.060550056397914886e-02
-3.842451274394989014e-01
2.238485813140869141e-01
-1.279735863208770752e-01
6.247567385435104370e-02
4.926510751247406006e-01
4.211812093853950500e-02
4.174540936946868896e-01
2.163310535252094269e-02
-7.926715910434722900e-02
7.236492037773132324e-01
-2.072447687387466431e-01
1.142615675926208496e-01
-1.531504839658737183e-01
-5.105097293853759766e-01
1.106357648968696594e-01
-1.418159157037734985e-01
-2.206023335456848145e-01
-1.094495579600334167e-01
6.799001991748809814e-02
-6.864209473133087158e-02
-2.008856460452079773e-02
8.612295985221862793e-01
-2.861931025981903076e-01
-3.808895647525787354e-01
-6.215987205505371094e-01
6.921505182981491089e-02
-1.125863716006278992e-01
-7.592465728521347046e-02
2.681212127208709717e-01
-2.704798579216003418e-01
1.051791906356811523e-01
-1.365759037435054779e-02
-1.547387540340423584e-01
-2.399427592754364014e-01
-2.003545872867107391e-02
-8.508101850748062134e-02
1.894566863775253296e-01
-2.423105239868164062e-01
-4.053364098072052002e-01
-3.282176256179809570e-01
-2.512695789337158203e-01
2.686017453670501709e-01
4.416561126708984375e-01
-1.984838247299194336e-01
1.694190800189971924e-01
-1.205533649772405624e-02
2.085037678480148315e-01
9.988323599100112915e-02
1.493623256683349609e-01
1.768536269664764404e-01
-2.421311885118484497e-01
8.834550529718399048e-02
7.445462346076965332e-01
3.025955520570278168e-02
5.927180871367454529e-02
1.317296177148818970e-01
-9.511410444974899292e-02
-1.769130975008010864e-01
-4.435558617115020752e-02
-2.923794686794281006e-01
-2.806534767150878906e-01
1.886437088251113892e-01
5.033604502677917480e-01
5.142237544059753418e-01
-3.595364838838577271e-02
-3.381979763507843018e-01
2.204345017671585083e-01
6.937514990568161011e-02
-1.513697803020477295e-01
-4.099539667367935181e-02
-4.748997092247009277e-01
4.374697208404541016e-01
-4.605832323431968689e-02
-1.849911510944366455e-01
1.813061088323593140e-01
-5.774572864174842834e-02
2.397798299789428711e-01
-1.237746234983205795e-02
-9.251315891742706299e-02
2.474572211503982544e-01
-1.094414889812469482e-01
-3.376778587698936462e-02
-3.249919041991233826e-02
6.958686113357543945e-01
-1.935356259346008301e-01
1.120396405458450317e-01
5.716316103935241699e-01
2.668268978595733643e-01
2.034537494182586670e-01
4.240868985652923584e-01
-2.350166887044906616e-01
1.306691169738769531e-01
1.246302127838134766e-01
4.456048011779785156e-01
9.712415337562561035e-01
7.942713052034378052e-02
1.088070943951606750e-01
1.911928057670593262e-01
-6.151126697659492493e-02
-3.006075918674468994e-01
-4.692725464701652527e-02
2.035171836614608765e-01
9.354939311742782593e-02
1.027438789606094360e-01
-1.759525090456008911e-01
-7.741718739271163940e-02
-1.269789785146713257e-01
4.073348343372344971e-01
-1.474050730466842651e-01
-2.115690410137176514e-01
-1.946934014558792114e-01
-2.581628859043121338e-01
8.175606727600097656e-01
-5.633009970188140869e-02
-2.126833498477935791e-01
-8.255356550216674805e-02
2.674511075019836426e-02
4.065864980220794678e-01
-4.129638522863388062e-02
3.528286218643188477e-01
-1.287326496094465256e-02
-6.676568300463259220e-04
3.354741036891937256e-01
-5.356394220143556595e-03
-5.445352196693420410e-01
8.662500232458114624e-02
2.222391963005065918e-02
-6.277703493833541870e-02
7.320069521665573120e-02
2.070669978857040405e-01
-1.932937949895858765e-01
-9.981989115476608276e-02
9.925515949726104736e-02
1.741799861192703247e-01
2.779077887535095215e-01
1.840601861476898193e-01
-4.285332262516021729e-01
1.296697705984115601e-01
-2.873896360397338867e-01
1.905279457569122314e-01
-2.112630903720855713e-01
-2.103940844535827637e-01
-9.455415606498718262e-02
-2.187274247407913208e-01
4.895164370536804199e-01
1.226901561021804810e-01
-7.832430303096771240e-03
5.529373288154602051e-01
2.806481122970581055e-01
1.729581654071807861e-01
-7.355245351791381836e-01
-8.089786767959594727e-01
-4.018445312976837158e-01
1.827326864004135132e-01
-3.057722747325897217e-01
-1.783619672060012817e-01
2.418924570083618164e-01
-1.608677208423614502e-01
-5.493874549865722656e-01
-2.359002232551574707e-01
1.662486642599105835e-01
2.914362847805023193e-01
-2.250142097473144531e-01
3.060587942600250244e-01
-3.603976666927337646e-01
-5.174764245748519897e-02
5.443916916847229004e-01
-3.682121634483337402e-01
4.232393577694892883e-02
2.625869512557983398e-01
3.074490129947662354e-01
3.137412369251251221e-01
-2.750780284404754639e-01
-5.038157105445861816e-01
1.523600071668624878e-01
-3.596887588500976562e-01
7.303110957145690918e-01
8.326379954814910889e-02
-4.195643067359924316e-01
-2.397451251745223999e-01
-1.363759934902191162e-01
4.182352684438228607e-03
-8.139104396104812622e-02
3.130757212638854980e-01
1.300550252199172974e-01
-5.361481308937072754e-01
-3.339247405529022217e-01
-3.040491938591003418e-01
-2.925679683685302734e-01
3.672738373279571533e-02
1.779315471649169922e-01
-1.372617781162261963e-01
-8.868136256933212280e-02
-1.725229173898696899e-01
3.681780099868774414e-01
-6.060149669647216797e-01
-2.598650753498077393e-01
1.559394318610429764e-02
4.501447081565856934e-01
-5.982118248939514160e-01
-2.147166244685649872e-02
1.174111589789390564e-01
-5.011657476425170898e-01
1.259771436452865601e-01
-3.541505932807922363e-01
5.667713880538940430e-01
8.253993093967437744e-02
-1.563870459794998169e-01
-2.601535618305206299e-01
1.585703343152999878e-01
7.727665305137634277e-01
7.761568576097488403e-02
-2.945344746112823486e-01
1.557276844978332520e-01
4.315786361694335938e-01
-6.303631700575351715e-03
3.804463446140289307e-01
-4.360162913799285889e-01
-9.076081514358520508e-01
-2.997242510318756104e-01
1.387616693973541260e-01
-2.417380213737487793e-01
3.579876944422721863e-02
1.447187215089797974e-01
1.485506743192672729e-01
2.358326762914657593e-01
2.892535924911499023e-01
-3.487820178270339966e-02
-8.324027061462402344e-02
1.685412973165512085e-01
9.263934493064880371e-01
-5.159018188714981079e-02
-1.506916712969541550e-02
-4.149819910526275635e-01
2.492539435625076294e-01
6.190041303634643555e-01
-3.727089166641235352e-01
3.827852904796600342e-01
4.331113398075103760e-02
7.662820070981979370e-02
1.065691486001014709e-01
-2.163991145789623260e-02
5.100280642509460449e-01
-4.539835751056671143e-01
2.884411811828613281e-02
2.457053214311599731e-01
7.925284504890441895e-01
-2.484074793756008148e-02
3.962589204311370850e-01
8.119686841964721680e-01
-2.004276216030120850e-01
1.014354601502418518e-01
4.667905867099761963e-01
5.649791285395622253e-02
2.162891924381256104e-01
-2.132731527090072632e-01
-8.472713828086853027e-02
-1.479362398386001587e-01
-5.609611272811889648e-01
2.417523115873336792e-01
1.320897042751312256e-01
9.020791202783584595e-02
6.403801441192626953e-01
-9.687665849924087524e-02
-3.853921890258789062e-01
8.153522014617919922e-01
5.494301766157150269e-02
7.416179776191711426e-01
-1.312786992639303207e-02
-3.520813584327697754e-01
1.562490612268447876e-01
2.044182866811752319e-01
5.091894045472145081e-02
1.632049381732940674e-01
9.622322022914886475e-02
-3.908703029155731201e-01
1.011651903390884399e-01
9.234925508499145508e-01
-3.293403983116149902e-01
-4.435185194015502930e-01
-4.550644457340240479e-01
1.732008159160614014e-01
-3.268665373325347900e-01
1.322681307792663574e-01
-4.923544474877417088e-04
1.544977128505706787e-01
-3.496825098991394043e-01
1.802765876054763794e-01
1.462637037038803101e-01
-1.003570929169654846e-01
1.655703634023666382e-01
-2.594156563282012939e-01
4.056038856506347656e-01
-2.892799377441406250e-01
-5.353856086730957031e-01
-1.611745506525039673e-01
8.793562650680541992e-02
3.216658234596252441e-01
8.429316282272338867e-01
-1.639800667762756348e-01
9.425691515207290649e-02
3.359908461570739746e-01
6.863316297531127930e-01
6.072165071964263916e-02
-5.819156765937805176e-01
3.814029693603515625e-02
-3.616299629211425781e-01
7.737076282501220703e-02
9.110196232795715332e-01
-2.259174585342407227e-01
1.136253178119659424e-01
8.587565273046493530e-02
1.104880049824714661e-01
-4.480656683444976807e-01
3.819815348833799362e-03
-4.527287185192108154e-01
-6.627232581377029419e-02
1.842954605817794800e-01
1.069170951843261719e+00
7.450106143951416016e-01
-4.021094441413879395e-01
-2.541905641555786133e-01
2.651719450950622559e-01
-3.186135888099670410e-01
-2.570998966693878174e-01
1.736637055873870850e-01
-1.686182469129562378e-01
7.763741016387939453e-01
5.858392715454101562e-01
6.955743581056594849e-02
-7.779515534639358521e-02
-5.106181502342224121e-01
8.131956458091735840e-01
1.254916638135910034e-01
-1.828882992267608643e-01
6.700728088617324829e-02
-4.389769211411476135e-02
2.503962516784667969e-01
-5.067497491836547852e-01
4.276041686534881592e-01
-2.885782718658447266e-01
5.644791722297668457e-01
6.126945018768310547e-01
4.756522774696350098e-01
1.607338190078735352e-01
1.019848585128784180e-01
-6.501966714859008789e-01
3.205011785030364990e-01
1.515744030475616455e-01
3.887489140033721924e-01
6.305427551269531250e-01
1.755039393901824951e-01
3.984547853469848633e-01
4.319826364517211914e-01
1.252328008413314819e-01
-1.927659958600997925e-01
5.548883602023124695e-02
4.915172234177589417e-02
1.191232651472091675e-01
6.331624835729598999e-02
5.767332389950752258e-02
-2.469414323568344116e-01
8.243805170059204102e-02
-2.016495466232299805e-01
-1.341807246208190918e-01
-3.503403961658477783e-01
8.497807383537292480e-01
3.702366650104522705e-01
1.895856261253356934e+00
-7.319632172584533691e-02
-7.377716302871704102e-01
-2.185658216476440430e-01
1.841603219509124756e-01
3.940937519073486328e-01
-2.203082889318466187e-01
-1.960971020162105560e-02
2.122013866901397705e-01
-1.881093978881835938e-01
6.560589075088500977e-01
-3.742320835590362549e-01
-5.326079130172729492e-01
2.618231177330017090e-01
2.279193401336669922e-01
-2.711447514593601227e-02
1.489455699920654297e-01
1.292248368263244629e-01
-3.436614871025085449e-01
-1.524568796157836914e-01
