3.595240414142608643e-02
-1.438469532877206802e-02
9.156115353107452393e-03
-2.283803223690483719e-05
-1.733253338898066431e-05
-2.134532481431961060e-02
2.626499347388744354e-02
4.295300319790840149e-02
7.632291875779628754e-03
4.422398284077644348e-03
-8.012639731168746948e-02
-1.310469428972282913e-06
-2.088528499007225037e-02
1.460359059274196625e-02
3.971690239268355072e-05
1.779561557668785099e-06
-1.978686265647411346e-02
1.259917735296767205e-05
1.579259173013269901e-03
9.002898877952247858e-06
2.392552047967910767e-02
1.662260666489601135e-02
2.031090669333934784e-02
-4.775005858391523361e-03
-1.146894646808505058e-03
3.708720952272415161e-02
2.387529775660368614e-06
1.250755623914301395e-03
2.166140257031656802e-05
5.298980977386236191e-04
-1.307643105974420905e-05
2.795299701392650604e-02
-7.813597097992897034e-03
-6.804143078625202179e-03
1.520059630274772644e-02
1.300609983445610851e-05
7.580562960356473923e-03
-2.389381370448973030e-05
5.408203833212610334e-06
8.432126378465909511e-06
7.933589071035385132e-02
-7.205414585769176483e-04
-3.742402046918869019e-02
-1.332299689238425344e-05
6.632713600993156433e-03
2.631791634485125542e-03
-1.319500370300374925e-05
-2.013593725860118866e-02
-1.858185417950153351e-02
1.070890575647354126e-03
-8.533770218491554260e-03
-1.007671016850508749e-05
-1.161666959524154663e-02
5.424322094768285751e-03
2.259454317390918732e-02
-1.022171750664710999e-01
2.550026401877403259e-02
-4.845315124839544296e-03
1.168778352439403534e-02
1.130130365490913391e-01
5.113323405385017395e-02
-4.511889442801475525e-02
-1.428361330181360245e-02
-8.749998414714355022e-07
-1.745579205453395844e-02
-3.179570659995079041e-02
-1.161907520145177841e-02
-7.523260592279257253e-06
-1.181561723351478577e-01
2.199289575219154358e-02
2.197001549575361423e-06
4.875288531184196472e-02
1.679929438978433609e-03
-2.215721451648278162e-06
-1.981110721826553345e-01
-1.943264529109001160e-02
-1.150037534534931183e-02
7.880883291363716125e-03
-3.972455859184265137e-02
3.315587528049945831e-03
-1.775607094168663025e-02
3.841825202107429504e-02
1.149032264947891235e-02
-6.821842864155769348e-03
-2.719739917665719986e-03
-1.731077395379543304e-02
2.086133882403373718e-02
4.992008209228515625e-02
2.956667914986610413e-02
1.374543178826570511e-02
-7.535520475357770920e-03
-9.800330735743045807e-03
-6.868480704724788666e-05
-1.293779860134236515e-06
-1.982913166284561157e-02
4.474052786827087402e-02
9.358874522149562836e-03
-3.021938493475317955e-03
1.490384526550769806e-02
2.156919240951538086e-02
-2.805174291133880615e-01
-2.017440088093280792e-02
-3.648800030350685120e-02
5.093032121658325195e-02
-1.875975541770458221e-02
-2.417363226413726807e-02
1.519917696714401245e-01
-2.302579787283320911e-06
-6.967448280192911625e-05
7.826300337910652161e-03
-4.884333163499832153e-02
1.915321685373783112e-02
-1.099816472560632974e-05
5.929935351014137268e-02
2.565343675087206066e-05
4.367703571915626526e-03
-5.439085513353347778e-02
-9.714833647012710571e-02
2.422176674008369446e-02
7.212821394205093384e-03
-9.073028713464736938e-02
-2.745863422751426697e-02
-7.806886453181505203e-03
-1.424168999619723763e-06
7.500463724136352539e-02
9.094751476368401200e-06
1.432677358388900757e-02
1.801121607422828674e-02
-1.581325312145054340e-03
-5.303324759006500244e-02
-1.005471497774124146e-01
-1.118857041001319885e-02
4.190994799137115479e-02
6.011873856186866760e-02
1.751489751040935516e-02
7.070485502481460571e-02
8.807475678622722626e-03
4.879082366824150085e-02
8.892285222827922553e-06
-6.497709453105926514e-02
-7.343022525310516357e-02
5.142146619618870318e-06
-2.303528413176536560e-02
2.138424292206764221e-02
-8.608290925621986389e-03
4.499256434087328671e-08
-3.466863883659243584e-03
-3.620360977947711945e-03
9.107322432100772858e-03
1.844377629458904266e-02
-9.444501483812928200e-04
4.219812154769897461e-02
4.484228044748306274e-02
-2.881117397919297218e-03
-1.058275483956094831e-05
2.373999450355768204e-05
1.933358795940876007e-02
-2.381182042881846428e-03
7.756939530372619629e-02
-3.386265039443969727e-02
1.733594444885966368e-06
6.710867583751678467e-02
-2.465620636940002441e-02
3.487813286483287811e-03
1.498090023233089596e-05
-2.204573154449462891e-02
2.250854595331475139e-05
2.946055680513381958e-02
5.985601618885993958e-02
5.204656720161437988e-02
-4.804799333214759827e-03
-3.356532426550984383e-03
4.953396040946245193e-03
1.242691371589899063e-02
-4.373979289084672928e-03
2.419347874820232391e-02
1.009250525385141373e-02
-4.044878762215375900e-03
-9.622886136639863253e-05
-1.539803633932024240e-05
6.955885794013738632e-03
-7.822209227015264332e-06
1.093322318047285080e-02
6.586131803487660363e-06
-9.532139636576175690e-03
4.272182195563800633e-06
5.644131079316139221e-02
1.594048552215099335e-02
-8.764900267124176025e-03
4.590039700269699097e-02
1.273741852492094040e-02
2.161895623430609703e-03
1.743599932524375618e-05
-2.051193453371524811e-02
2.305400557816028595e-02
2.133513055741786957e-02
-1.537256874144077301e-02
7.946497946977615356e-02
3.123654285445809364e-03
-8.455678653263021260e-06
-3.213232503185281530e-06
-2.769641650957055390e-05
2.976984344422817230e-02
7.021543383598327637e-02
9.237282370122557040e-07
-7.043346296995878220e-03
9.950606152415275574e-03
-4.803068563342094421e-02
2.037112973630428314e-02
1.247240602970123291e-02
1.961643420145264827e-06
3.643933311104774475e-02
3.094079205766320229e-03
6.652342621237039566e-03
2.094899355142842978e-05
-1.640209183096885681e-02
-1.282017212361097336e-03
-5.651196261169388890e-06
-4.224506265018135309e-04
-4.244244337314739823e-06
-4.803801700472831726e-02
2.645851345732808113e-03
-9.264570508094038814e-06
2.647901737873326056e-06
-8.084853179752826691e-03
3.528967872262001038e-02
-7.711104582995176315e-03
-6.937399972230195999e-03
3.345070406794548035e-02
-3.183264561812393367e-05
4.293317720293998718e-02
5.257734563201665878e-03
-4.932380840182304382e-02
6.811406463384628296e-03
5.146469548344612122e-02
-8.149826840053719934e-07
2.544681727886199951e-02
6.240322818484855816e-06
-6.831236078141955659e-06
3.948917239904403687e-02
-1.575719751417636871e-02
4.252307862043380737e-02
3.224716419936157763e-05
6.509872036986052990e-06
4.937847703695297241e-02
2.343185245990753174e-02
1.954880729317665100e-02
1.932010054588317871e-04
3.856525942683219910e-02
1.474711112678050995e-02
1.113595720380544662e-02
2.972577325999736786e-02
7.050395943224430084e-03
5.182835459709167480e-02
-2.129046618938446045e-02
-1.254074413736816496e-05
1.848191209137439728e-02
-2.124446257948875427e-02
5.868123099207878113e-02
8.845430798828601837e-03
1.091604703105986118e-03
6.939072627574205399e-03
2.141786506399512291e-03
2.524781393731245771e-06
6.213084980845451355e-02
-6.458327174186706543e-03
-2.921320870518684387e-02
-1.483383029699325562e-02
1.880803611129522324e-03
1.409712154418230057e-02
1.567576691741123796e-05
1.231803279370069504e-02
-2.120335466315736994e-06
-1.771127246320247650e-02
-7.252411705849226564e-06
-2.550824731588363647e-02
1.497978228144347668e-03
2.433517575263977051e-02
1.408399175852537155e-02
6.801836570957675576e-05
3.883642610162496567e-03
-3.418245911598205566e-02
4.425337910652160645e-02
4.913107678294181824e-02
1.681391708552837372e-02
2.477145753800868988e-03
5.945754237473011017e-03
-2.474369015544652939e-03
1.564306393265724182e-02
2.155843563377857208e-02
2.727426544879563153e-05
-1.089814119040966034e-03
1.007719765766523778e-05
1.295989006757736206e-02
-1.435674144886434078e-03
9.196817991323769093e-04
-1.311216510657686740e-05
-1.284455694258213043e-02
-9.226399924955330789e-06
-4.493409051065100357e-06
-2.907429370679892600e-05
-2.385164983570575714e-02
1.651644334197044373e-02
-1.344644260825589299e-05
3.269039094448089600e-02
1.140715554356575012e-02
5.414830957306548953e-05
5.252272785583045334e-06
-4.920747596770524979e-03
1.311518903821706772e-02
5.576388444751501083e-03
1.139941252768039703e-02
-1.273906855203676969e-05
-3.125539422035217285e-02
-2.678746932360809296e-05
4.246276989579200745e-02
2.310131117701530457e-02
-1.517939660698175430e-02
-1.856277137994766235e-02
3.006555326282978058e-02
1.600733585655689240e-02
8.463556878268718719e-03
2.269612997770309448e-02
4.723788425326347351e-02
1.632016355870291591e-04
1.794513082131743431e-05
-5.653087981045246124e-03
6.109521910548210144e-02
2.676691859960556030e-03
1.784720830619335175e-02
3.575941175222396851e-02
-3.532807901501655579e-02
1.124248374253511429e-02
2.819734436343424022e-05
-5.915192514657974243e-02
-1.827948835853021592e-05
-2.397263655439019203e-03
1.280828192830085754e-02
-1.972052967175841331e-03
-6.829810328781604767e-03
-2.107034670189023018e-03
6.323827803134918213e-02
4.391739610582590103e-03
5.037935450673103333e-02
1.306452043354511261e-02
-2.678835950791835785e-02
4.771867394447326660e-02
-3.680967167019844055e-02
-4.215256497263908386e-02
-1.694771461188793182e-02
1.641302928328514099e-02
-1.012534275650978088e-02
1.089437319024000317e-05
-2.189712040126323700e-02
-2.547683834563940763e-06
-1.506641820014920086e-05
-1.496650278568267822e-03
8.913610130548477173e-03
-2.937519093393348157e-05
-5.458426312543451786e-04
-6.683911196887493134e-03
-1.316686302743619308e-05
6.716638337820768356e-03
7.587175787193700671e-06
1.651649472478311509e-05
-2.242534421384334564e-02
-4.196941517875529826e-05
2.488256804645061493e-02
-2.590361646070959978e-06
-1.651045866310596466e-02
5.815999884362099692e-06
6.334090977907180786e-02
3.834575042128562927e-02
-6.957807578146457672e-03
-6.669796537607908249e-03
1.991297863423824310e-02
2.927560126408934593e-03
1.790545508265495300e-02
2.563244197517633438e-04
-8.260661270469427109e-04
7.868731021881103516e-02
-8.218208677135407925e-06
-1.089462544769048691e-02
3.157144784927368164e-02
-1.081127207726240158e-02
9.475239153289294336e-07
1.229059137403964996e-02
1.253695692867040634e-02
1.350017380900681019e-03
7.042728830128908157e-03
6.470939144492149353e-03
5.649503320455551147e-02
5.441180430352687836e-03
2.434146608720766380e-06
3.855985775589942932e-02
-5.373566970229148865e-02
4.529416328296065331e-04
-1.098138629458844662e-03
1.056082546710968018e-02
6.641530245542526245e-02
-3.979853168129920959e-02
-5.925565585494041443e-02
-2.650780789554119110e-02
4.120441153645515442e-02
-7.622214406728744507e-02
5.730527639389038086e-02
-1.121924892067909241e-01
-4.115419834852218628e-02
2.695792354643344879e-02
6.260517053306102753e-03
7.078169379383325577e-03
7.852505892515182495e-02
-2.903241291642189026e-02
-1.870552636682987213e-02
-4.493883345276117325e-03
-2.785755135118961334e-02
1.938743330538272858e-02
4.565948247909545898e-02
1.040577143430709839e-02
1.430515795946121216e-01
-2.196566015481948853e-02
3.582546487450599670e-02
1.277711838483810425e-01
1.337012350559234619e-01
-1.038159150630235672e-02
9.194913506507873535e-02
-6.513949483633041382e-02
1.944728754460811615e-02
6.815860979259014130e-03
-3.974556922912597656e-02
3.427181020379066467e-02
-2.752369269728660583e-02
-3.834581468254327774e-03
-1.638287305831909180e-02
-1.731481216847896576e-02
-8.492863923311233521e-02
7.050118595361709595e-02
-4.952098056674003601e-02
-7.944171875715255737e-02
-2.323949150741100311e-02
-3.120136260986328125e-02
2.926872111856937408e-02
7.240045350044965744e-03
8.989161252975463867e-02
3.592535853385925293e-02
-1.133926492184400558e-02
-1.361450995318591595e-03
5.658140406012535095e-02
5.747556220740079880e-03
2.171232365071773529e-02
-8.060026168823242188e-02
-4.476550593972206116e-02
-4.210017621517181396e-03
1.801130473613739014e-01
8.021083474159240723e-02
7.088287267833948135e-03
-5.365875735878944397e-02
-5.893557891249656677e-02
5.557167157530784607e-02
-1.213636249303817749e-03
-5.266058817505836487e-02
-1.236352324485778809e-02
-4.818531684577465057e-03
9.721882641315460205e-02
2.358094416558742523e-02
-1.433068769983947277e-03
-6.207854021340608597e-03
3.313661366701126099e-02
5.319518037140369415e-03
-3.367950394749641418e-02
-2.703561447560787201e-02
-5.772137269377708435e-02
3.105864860117435455e-02
-5.829120799899101257e-02
-1.384883094578981400e-02
2.050752751529216766e-02
-1.331120356917381287e-02
3.013575449585914612e-03
-2.727290848270058632e-03
-1.251735375262796879e-03
4.786933306604623795e-03
-8.978530019521713257e-02
-1.047059800475835800e-02
6.509251543320715427e-04
-4.171945527195930481e-02
4.506004508584737778e-03
-1.791501417756080627e-02
-7.891975343227386475e-03
3.866543527692556381e-03
1.262578833848237991e-02
3.059186413884162903e-02
-1.384878996759653091e-02
8.308224380016326904e-02
9.565768763422966003e-03
-4.981129989027976990e-02
4.813252016901969910e-03
5.201024189591407776e-02
6.814908701926469803e-04
8.637347258627414703e-03
2.961559453979134560e-03
-2.404931001365184784e-02
1.172913587652146816e-03
-3.748297318816184998e-02
1.237829495221376419e-02
-2.902429737150669098e-02
-4.069608822464942932e-02
6.238703150302171707e-03
1.940463483333587646e-02
-6.258074939250946045e-02
-2.986628748476505280e-02
1.220959331840276718e-02
-2.597047481685876846e-03
1.063443603925406933e-03
-5.923773627728223801e-03
-6.718073040246963501e-02
5.235266685485839844e-02
5.024167895317077637e-02
-2.281773462891578674e-02
9.205617941915988922e-03
-3.134915977716445923e-02
-1.282832957804203033e-02
-1.144317211583256721e-03
-7.162497192621231079e-02
-2.504711039364337921e-02
5.181140825152397156e-02
-8.247110992670059204e-02
5.590325593948364258e-02
-5.597913637757301331e-02
8.880517445504665375e-03
-6.023002415895462036e-02
-1.195437833666801453e-02
2.843771316111087799e-02
9.088572114706039429e-03
7.944204658269882202e-02
3.432063758373260498e-02
1.047249138355255127e-01
-1.697588711977005005e-03
2.506218850612640381e-02
-2.136291377246379852e-02
4.898814111948013306e-02
7.036580145359039307e-02
6.901846081018447876e-02
2.829176606610417366e-03
-3.536101430654525757e-02
7.369765546172857285e-03
2.787004224956035614e-02
5.495810764841735363e-04
2.382731437683105469e-02
4.499168321490287781e-02
1.445071306079626083e-02
1.937044970691204071e-02
1.817798614501953125e-02
-1.621684879064559937e-01
-1.848536543548107147e-02
2.751528285443782806e-02
-7.180145382881164551e-02
-5.754489917308092117e-03
-1.491385139524936676e-02
-4.479634109884500504e-03
-1.064386665821075439e-01
2.051352337002754211e-02
-1.313646510243415833e-02
9.384752064943313599e-02
6.211232021450996399e-02
8.334763348102569580e-02
-1.616947352886199951e-02
-7.124997675418853760e-02
-1.835613511502742767e-02
-7.763889431953430176e-02
-6.308068404905498028e-04
-9.224168211221694946e-02
-1.016110181808471680e-03
9.723868221044540405e-02
-2.039413712918758392e-02
-5.809792876243591309e-02
-9.155439212918281555e-03
4.173229634761810303e-02
-2.076940052211284637e-02
6.143869087100028992e-02
-1.805165559053421021e-01
2.961586415767669678e-02
1.232851669192314148e-01
-3.066825913265347481e-03
-3.929286077618598938e-02
3.833752498030662537e-02
1.209318488836288452e-01
8.713132888078689575e-02
-5.660569667816162109e-02
-1.534716924652457237e-03
9.502689499640837312e-05
-2.550862357020378113e-02
-2.397819887846708298e-03
-1.101282835006713867e-01
1.396138500422239304e-02
-6.011915206909179688e-02
-2.896281890571117401e-02
-1.423318404704332352e-02
3.206620225682854652e-03
2.546440111473202705e-03
7.723658345639705658e-03
