3.753595352172851562e-01
8.726078867912292480e-01
8.906092047691345215e-01
8.622926712036132812e+00
9.208261489868164062e+00
1.371536612510681152e+00
1.309264540672302246e+00
5.719515085220336914e-01
1.194159746170043945e+00
2.117497682571411133e+00
9.540436416864395142e-02
1.002710533142089844e+01
1.935166001319885254e+00
1.645633697509765625e+00
9.921966552734375000e+00
8.829249382019042969e+00
1.729741334915161133e+00
8.699879646301269531e+00
2.376221656799316406e+00
1.092071723937988281e+01
1.062813997268676758e+00
1.199865579605102539e+00
4.860173463821411133e-01
3.876556158065795898e+00
2.186277866363525391e+00
1.879525542259216309e+00
9.406555175781250000e+00
6.657469272613525391e-01
1.007578182220458984e+01
2.308181047439575195e+00
8.651785850524902344e+00
2.461965084075927734e+00
1.490771174430847168e+00
6.826813220977783203e-01
2.492517232894897461e+00
8.746396064758300781e+00
1.626539587974548340e+00
7.541336059570312500e+00
9.247470855712890625e+00
8.709156990051269531e+00
4.849131703376770020e-01
1.899058461189270020e+00
1.911981105804443359e-01
1.178153896331787109e+01
8.668169379234313965e-01
1.284216761589050293e+00
9.167343139648437500e+00
7.584989666938781738e-01
1.440010666847229004e+00
1.507148265838623047e+00
1.070076227188110352e+00
8.574427604675292969e+00
1.768481969833374023e+00
3.603944063186645508e+00
2.581179380416870117e+00
3.974988758563995361e-01
1.539094924926757812e+00
1.947081327438354492e+00
2.658387184143066406e+00
-2.753120958805084229e-01
3.098122775554656982e-01
1.117153525352478027e+00
9.993930906057357788e-02
8.881108283996582031e+00
1.013861179351806641e+00
1.011996030807495117e+00
1.080735921859741211e+00
8.508833885192871094e+00
-2.733981907367706299e-01
1.702131032943725586e+00
8.900366783142089844e+00
1.376498818397521973e+00
4.084155082702636719e+00
8.309888839721679688e+00
-8.376007899641990662e-03
1.440634965896606445e+00
1.817448735237121582e+00
1.258690237998962402e+00
4.932013452053070068e-01
-2.875583767890930176e-01
2.448580116033554077e-01
7.627134323120117188e-01
1.968738079071044922e+00
2.945416688919067383e+00
1.805491089820861816e+00
7.693861722946166992e-01
-4.991174489259719849e-02
1.878650188446044922e-01
-1.585267335176467896e-01
2.371165752410888672e+00
1.674859642982482910e+00
1.219762921333312988e+00
8.640192031860351562e+00
8.610503196716308594e+00
9.852126240730285645e-01
-3.720064833760261536e-02
1.816343307495117188e+00
8.765869736671447754e-01
-1.241762191057205200e-01
1.843028545379638672e+00
-1.958620548248291016e-01
3.160761892795562744e-01
1.458683967590332031e+00
1.112675309181213379e+00
5.528489351272583008e-01
1.519840240478515625e+00
-1.756167113780975342e-01
8.727983474731445312e+00
8.648408889770507812e+00
1.226717472076416016e+00
1.922711282968521118e-01
1.232456088066101074e+00
1.055955505371093750e+01
5.646781250834465027e-02
1.171895408630371094e+01
1.952954292297363281e+00
8.885909914970397949e-01
1.260318398475646973e+00
2.520332112908363342e-02
1.279330730438232422e+00
1.251079082489013672e+00
4.333288967609405518e-01
1.355884671211242676e+00
1.217446804046630859e+01
9.059878587722778320e-01
8.793964385986328125e+00
5.320855975151062012e-01
1.904821395874023438e+00
1.270181775093078613e+00
1.603512406349182129e+00
-2.078989893198013306e-01
8.678811192512512207e-01
-1.936084330081939697e-01
1.179827213287353516e+00
1.013145923614501953e+00
8.126390576362609863e-01
-3.336673378944396973e-01
1.219474673271179199e+00
9.778736114501953125e+00
3.085374236106872559e-01
1.110059499740600586e+00
1.048234939575195312e+01
2.084456682205200195e+00
3.147682547569274902e-01
2.062643527984619141e+00
8.602149963378906250e+00
1.929579257965087891e+00
1.527446150779724121e+00
6.836604326963424683e-03
1.514994502067565918e+00
1.288586497306823730e+00
3.066590726375579834e-01
1.555004835128784180e+00
1.553055763244628906e+00
9.148772239685058594e+00
8.651302337646484375e+00
2.043866634368896484e+00
7.957789301872253418e-01
3.192632496356964111e-01
1.020042181015014648e+00
8.603134155273437500e+00
1.042034864425659180e+00
1.800523161888122559e+00
1.937624096870422363e+00
8.829778671264648438e+00
8.589383959770202637e-01
8.729671478271484375e+00
8.837525248527526855e-01
1.191025137901306152e+00
3.833901286125183105e-01
4.125329971313476562e+00
1.772140264511108398e+00
4.037506580352783203e+00
1.198455452919006348e+00
1.389762282371520996e+00
-1.529131233692169189e-01
7.493160367012023926e-01
1.431656956672668457e+00
3.117993354797363281e+00
8.793584823608398438e+00
6.658070087432861328e-01
8.729624748229980469e+00
1.126654148101806641e+00
1.006311798095703125e+01
3.354675054550170898e+00
8.674397468566894531e+00
1.049516320228576660e+00
1.042954206466674805e+00
7.050988078117370605e-02
5.661136507987976074e-01
1.588854193687438965e+00
1.758725285530090332e+00
1.045533752441406250e+01
1.883296489715576172e+00
6.888903379440307617e-01
1.389888882637023926e+00
5.243692994117736816e-01
-3.184068500995635986e-01
1.272278308868408203e+00
8.794445991516113281e+00
-1.006142234802246094e+01
-9.907492637634277344e+00
6.157435774803161621e-01
1.102652311325073242e+00
-9.546109199523925781e+00
1.046816110610961914e+00
6.255131959915161133e-01
9.851730465888977051e-01
1.138682603836059570e+00
4.334931373596191406e-01
-1.061683177947998047e+01
1.484842300415039062e+00
-4.587959766387939453e+00
-1.459463238716125488e+00
-1.000857639312744141e+01
7.353202104568481445e-01
-3.814352035522460938e+00
-9.382782936096191406e+00
-1.856862783432006836e+00
-9.642473220825195312e+00
1.710858821868896484e+00
1.658859014511108398e+00
-1.067801570892333984e+01
-9.690801620483398438e+00
1.429383516311645508e+00
5.773389339447021484e-01
-1.687238335609436035e+00
-1.411411017179489136e-01
1.154200911521911621e+00
-8.184302330017089844e+00
1.025663614273071289e+00
-2.096167087554931641e+00
1.081036806106567383e+00
-2.294321209192276001e-01
1.331231117248535156e+00
-9.427304267883300781e+00
1.250449776649475098e+00
-9.329615592956542969e+00
-9.723134040832519531e+00
1.225148081779479980e+00
5.777564048767089844e-01
1.207690954208374023e+00
-9.447191238403320312e+00
-9.562402725219726562e+00
1.289565443992614746e+00
8.856477141380310059e-01
1.183840155601501465e+00
1.186343908309936523e+00
1.528962612152099609e+00
1.326571345329284668e+00
7.824479937553405762e-01
1.028135061264038086e+00
1.265000700950622559e+00
2.491763383150100708e-01
7.101257890462875366e-02
-4.893718242645263672e+00
1.244486451148986816e+00
1.258784413337707520e+00
1.351589083671569824e+00
-3.651941537857055664e+00
-2.538620710372924805e+00
-3.402786016464233398e+00
-3.554540157318115234e+00
-9.474007606506347656e+00
8.809750676155090332e-01
1.295041441917419434e+00
1.330059289932250977e+00
4.970856606960296631e-01
-5.872736930847167969e+00
4.953930377960205078e-01
-9.431271553039550781e+00
-4.829848408699035645e-01
-9.412851333618164062e+00
7.506558299064636230e-01
-1.119877529144287109e+01
6.711194515228271484e-01
-3.109031915664672852e-01
1.348020076751708984e+00
7.037821412086486816e-01
-2.541257143020629883e+00
-4.265936464071273804e-02
1.725406944751739502e-01
1.098168611526489258e+00
1.112618088722229004e+00
1.544693946838378906e+00
1.738822579383850098e+00
1.853190064430236816e+00
8.712171018123626709e-02
-6.281687021255493164e-01
1.346717715263366699e+00
-9.530333518981933594e+00
9.931089878082275391e-01
-9.855755805969238281e+00
1.488766312599182129e+00
6.429225206375122070e-01
-3.578356266021728516e+00
-9.627434730529785156e+00
1.217780947685241699e+00
-1.017782306671142578e+01
-1.061207962036132812e+01
-1.104601669311523438e+01
9.038110375404357910e-01
1.472296237945556641e+00
-8.841686248779296875e+00
6.905857920646667480e-01
-6.831053495407104492e-01
-1.033384227752685547e+01
-9.799274444580078125e+00
9.033955931663513184e-01
1.460452556610107422e+00
-3.663723170757293701e-01
1.446759343147277832e+00
-9.669402122497558594e+00
6.686628460884094238e-01
-9.609306335449218750e+00
1.300669431686401367e+00
5.238406658172607422e-01
6.564656496047973633e-01
3.050709068775177002e-01
1.146811604499816895e+00
-1.610834002494812012e-01
1.691778600215911865e-01
1.126951575279235840e+00
1.345727443695068359e+00
-3.676083326339721680e+00
-9.642909049987792969e+00
-1.056955933570861816e+00
5.542041063308715820e-01
7.415869832038879395e-01
9.089965224266052246e-01
-1.249720454216003418e+00
9.775962829589843750e-01
-5.092837214469909668e-01
-9.491209030151367188e+00
8.817350864410400391e-01
-1.015666961669921875e+01
-2.412229776382446289e+00
2.419994324445724487e-01
6.038809418678283691e-01
-7.039993286132812500e+00
-3.116129159927368164e+00
9.400810003280639648e-01
1.204691886901855469e+00
9.722778797149658203e-01
1.188680410385131836e+00
3.180687427520751953e-01
1.238131523132324219e+00
1.264483809471130371e+00
-5.108178257942199707e-01
1.245152235031127930e+00
1.217628836631774902e+00
2.228840142488479614e-01
-9.750720024108886719e+00
7.575712800025939941e-01
-9.459370613098144531e+00
-9.653168678283691406e+00
-3.462340593338012695e+00
-1.226427912712097168e+00
-9.791389465332031250e+00
-3.789594471454620361e-01
1.295286655426025391e+00
-9.960269927978515625e+00
9.278806447982788086e-01
-9.723894119262695312e+00
-1.069444465637207031e+01
1.126163482666015625e+00
-9.854426383972167969e+00
1.024151802062988281e+00
-9.797383308410644531e+00
-7.230598926544189453e-01
-9.153977394104003906e+00
1.482419252395629883e+00
4.311131834983825684e-01
1.199540257453918457e+00
1.334131360054016113e+00
-1.416929006576538086e+00
1.232158660888671875e+00
1.063220977783203125e+00
-4.037461757659912109e+00
-3.866269350051879883e+00
1.187204837799072266e+00
-9.464684486389160156e+00
1.086387991905212402e+00
1.093436837196350098e+00
1.409334659576416016e+00
-9.507678985595703125e+00
1.018748581409454346e-01
1.059973359107971191e+00
-1.893986225128173828e+00
5.959492325782775879e-01
1.190526127815246582e+00
1.313419222831726074e+00
1.012279152870178223e+00
-9.625730514526367188e+00
1.575850099325180054e-01
9.179410934448242188e-01
1.184485316276550293e+00
-4.983200073242187500e+00
5.253052711486816406e-01
1.125523805618286133e+00
-1.133567714691162109e+01
3.593212366104125977e+00
3.337271451950073242e+00
-8.715968579053878784e-02
3.200826346874237061e-01
-3.082700252532958984e+00
2.461793184280395508e+00
6.158530712127685547e+00
-2.699485301971435547e+00
-9.013735771179199219e+00
1.448598194122314453e+01
6.258983165025711060e-03
6.875518798828125000e+00
6.070787429809570312e+00
1.491857469081878662e-01
-5.729002878069877625e-02
-6.863042831420898438e+00
6.521546840667724609e-02
-9.298233985900878906e+00
1.381779015064239502e-01
1.628529667854309082e+00
-2.335653543472290039e+00
-1.239280891418457031e+01
4.140829443931579590e-01
6.916754245758056641e+00
-2.192583084106445312e+00
-9.193656034767627716e-03
-7.299273014068603516e+00
2.004058361053466797e-01
6.516175746917724609e+00
-4.853149875998497009e-02
6.743306159973144531e+00
-2.145599603652954102e+00
-4.597160816192626953e+00
8.742119669914245605e-01
2.720783352851867676e-01
-2.196891069412231445e+00
-1.182256788015365601e-01
1.127344295382499695e-01
-5.660705640912055969e-02
8.975018501281738281e+00
-1.587285757064819336e+00
-1.255417346954345703e+01
1.199808530509471893e-02
3.683635473251342773e+00
5.041668415069580078e+00
7.766786217689514160e-02
2.565611362457275391e+00
1.761873364448547363e+00
1.787232637405395508e+00
3.278630018234252930e+00
1.886780746281147003e-02
3.593816757202148438e+00
-1.067000627517700195e+00
-1.244485378265380859e+00
1.503048706054687500e+01
1.548083901405334473e+00
1.362635374069213867e+00
1.266695141792297363e+00
-1.325176620483398438e+01
1.394267940521240234e+01
6.469697475433349609e+00
-1.420332336425781250e+01
-1.671885251998901367e-01
3.635615348815917969e+00
-3.686846256256103516e+00
-7.746081948280334473e-01
8.994404971599578857e-02
1.994071769714355469e+01
2.433753252029418945e+00
2.729070931673049927e-02
2.308982849121093750e+00
-1.046017885208129883e+00
-4.242877289652824402e-02
-2.740452575683593750e+01
-7.321114063262939453e+00
-1.165254831314086914e+00
-1.744138002395629883e+00
9.053832054138183594e+00
1.274961090087890625e+01
8.379190444946289062e+00
5.872030735015869141e+00
-1.801776528358459473e+00
1.884649276733398438e+00
1.103340864181518555e+00
-4.765256404876708984e+00
6.872957229614257812e+00
-7.828221797943115234e+00
-1.131753921508789062e+01
-8.195090889930725098e-01
1.074412986636161804e-01
3.721485614776611328e+00
-1.046819537878036499e-01
2.484581992030143738e-02
3.351147890090942383e+00
1.670622825622558594e+01
2.221925020217895508e+00
2.954854965209960938e+00
-1.416915035247802734e+01
-2.274462223052978516e+00
-2.391773986816406250e+01
6.246363162994384766e+00
-4.068464279174804688e+00
4.329551219940185547e+00
2.641650915145874023e+00
-2.746892452239990234e+00
1.672326469421386719e+01
5.502086281776428223e-01
-6.771232932806015015e-03
1.390208363533020020e+00
6.888864040374755859e+00
1.921465039253234863e+00
-2.114547491073608398e-01
9.238026618957519531e+00
-9.710813313722610474e-02
8.868150711059570312e-01
4.619567871093750000e+00
-4.508028984069824219e+00
-9.503167152404785156e+00
-3.107144594192504883e+00
-3.651664257049560547e+00
5.718522071838378906e+00
2.771556615829467773e+00
8.381113409996032715e-02
-8.123189926147460938e+00
-5.579858273267745972e-02
-7.840209007263183594e+00
3.185327768325805664e+00
-3.877341270446777344e+00
-1.941671133041381836e+00
-1.993771934509277344e+01
-3.803171634674072266e+00
1.070164299011230469e+01
-5.180109977722167969e+00
-3.309859991073608398e+00
-8.384551048278808594e+00
-1.269886112213134766e+01
-3.042707920074462891e+00
-6.056574732065200806e-02
1.620560836791992188e+01
8.140602111816406250e+00
-8.610445261001586914e-02
-8.398435592651367188e+00
2.292954921722412109e+00
-1.444383978843688965e+00
-5.573947355151176453e-02
-2.000799179077148438e+00
-7.017704010009765625e+00
2.712576150894165039e+00
1.099735021591186523e+00
-2.982884645462036133e+00
-7.236477375030517578e+00
1.208493113517761230e+00
5.662707805633544922e+00
-2.206755429506301880e-01
-1.925738900899887085e-01
-3.392728090286254883e+00
4.711236476898193359e+00
1.331282138824462891e+01
-4.433668136596679688e+00
-1.130321547389030457e-01
1.089557552337646484e+01
-1.914748072624206543e+00
-3.060933113098144531e+00
7.755444198846817017e-02
3.211187431588768959e-03
-1.700959727168083191e-02
1.708320975303649902e+00
-3.180859804153442383e+00
9.862436294555664062e+00
-2.794109344482421875e+00
1.933833360671997070e+00
-1.367954969406127930e+00
-3.461070775985717773e+00
1.827972769737243652e+00
-1.347793483734130859e+01
-3.872731208801269531e+00
1.572502732276916504e+00
-2.078136801719665527e-01
8.678668737411499023e-02
4.273377418518066406e+00
-1.511507928371429443e-01
8.824646949768066406e+00
1.249008812010288239e-02
-4.206137359142303467e-01
5.044589936733245850e-02
-6.135110378265380859e+00
2.678921222686767578e+00
-8.676184654235839844e+00
5.188406467437744141e+00
2.094910621643066406e+00
7.156338691711425781e-01
-9.741660952568054199e-02
3.046059370040893555e+00
5.384774684906005859e+00
3.409659385681152344e+00
-1.938874244689941406e+00
-1.577097320556640625e+01
-1.788240671157836914e+00
1.033367440104484558e-01
