1.042619161307811737e-02
-2.010705182328820229e-03
-3.381308168172836304e-03
-9.971909457817673683e-04
6.783294677734375000e-02
1.362853590399026871e-02
-2.974468981847167015e-03
3.735079197213053703e-03
-6.371240131556987762e-03
3.123561479151248932e-02
-1.467627007514238358e-03
5.623286589980125427e-02
1.626576413400471210e-03
-1.074817497283220291e-02
5.466087162494659424e-02
5.426354333758354187e-02
-2.973395399749279022e-03
-5.659863352775573730e-03
3.406129404902458191e-02
-6.385056674480438232e-02
1.342212595045566559e-02
-3.125696966890245676e-04
-1.293710665777325630e-03
5.585702881217002869e-02
4.706924781203269958e-02
-2.955359173938632011e-03
6.261441856622695923e-02
7.589731365442276001e-03
-6.198688969016075134e-02
3.894791379570960999e-02
-2.970962971448898315e-02
3.394069522619247437e-02
-1.759966253302991390e-03
-1.286530867218971252e-02
1.665979274548590183e-03
3.794159795234008925e-07
4.478162620216608047e-03
7.294788956642150879e-02
2.716944925487041473e-02
4.657304286956787109e-02
-2.551576471887528896e-04
3.659335197880864143e-03
-9.215598925948143005e-03
6.139124557375907898e-02
-1.210326881846413016e-04
-6.990794092416763306e-03
4.934633895754814148e-02
-9.363422170281410217e-03
1.437250291928648949e-03
-7.272404152899980545e-03
1.037243101745843887e-02
-5.927727092057466507e-03
-9.559591300785541534e-03
5.741224065423011780e-02
-3.917246311902999878e-02
3.128578653559088707e-03
-1.248291693627834320e-02
3.739901818335056305e-03
-3.330297535285353661e-03
-1.833668560720980167e-03
4.110851790755987167e-03
6.399692501872777939e-03
-1.387349423021078110e-02
-5.658324342221021652e-03
-7.954787462949752808e-03
1.073718816041946411e-02
8.917529135942459106e-03
5.712721031159162521e-03
-1.651735603809356689e-02
2.398387761786580086e-03
-7.285646279342472553e-04
5.288551095873117447e-03
2.201485075056552887e-02
1.340586575679481030e-03
-9.740347042679786682e-03
3.196454199496656656e-04
2.213217318058013916e-02
-4.508893005549907684e-03
-1.841703429818153381e-03
-1.566337072290480137e-03
-2.683165716007351875e-03
1.420767325907945633e-02
3.459652885794639587e-03
-1.504416577517986298e-02
-7.280296180397272110e-03
-2.162962034344673157e-02
1.099811214953660965e-02
-3.111964091658592224e-03
6.016536499373614788e-04
1.476560160517692566e-02
9.567684493958950043e-03
6.581923924386501312e-03
-5.707189906388521194e-03
-5.450598895549774170e-03
-1.076310221105813980e-02
1.246145367622375488e-02
1.364053785800933838e-02
-1.193797588348388672e-02
3.070659469813108444e-03
-2.343571046367287636e-03
1.510333502665162086e-03
-8.511260151863098145e-03
1.799160987138748169e-02
2.541180700063705444e-03
1.512267161160707474e-02
1.320657040923833847e-02
1.585255935788154602e-02
-4.938052501529455185e-03
1.016260284814052284e-06
1.600201241672039032e-02
2.297779545187950134e-03
1.622553728520870209e-02
-5.371322482824325562e-02
-3.193408250808715820e-03
-6.277674436569213867e-02
-5.077159032225608826e-03
1.534051029011607170e-03
1.271633896976709366e-02
1.696028775768354535e-04
-7.088679820299148560e-03
1.498001627624034882e-03
1.258450374007225037e-02
3.709598211571574211e-03
6.059888750314712524e-02
-8.385070395888760686e-05
-5.455687642097473145e-03
1.081049675121903419e-03
-9.092257358133792877e-03
1.429904345422983170e-02
-3.924737218767404556e-03
-8.445129729807376862e-03
-2.105790004134178162e-02
-5.589901120401918888e-04
2.686897991225123405e-03
-3.905514022335410118e-04
-8.774381130933761597e-03
4.261297173798084259e-03
7.628716528415679932e-03
-6.604363769292831421e-02
-1.931277662515640259e-02
-3.960745409131050110e-03
4.989589750766754150e-02
3.663463890552520752e-02
1.416923385113477707e-02
-1.308077014982700348e-02
-4.203811113256961107e-04
3.115540137514472008e-03
-2.210821112385019660e-04
3.122178614139556885e-01
-8.366526104509830475e-03
-3.858658019453287125e-03
1.257752813398838043e-02
1.059560687281191349e-03
-3.101381007581949234e-03
5.108558386564254761e-02
5.963213276118040085e-03
6.723531521856784821e-03
-1.444120053201913834e-02
1.866538426838815212e-03
1.993512734770774841e-02
-5.664642900228500366e-03
3.596127964556217194e-03
1.216817414388060570e-03
-4.728020634502172470e-03
5.618556868284940720e-03
1.310180872678756714e-02
-5.666607990860939026e-03
2.548638358712196350e-02
-6.188183906488120556e-04
1.313666813075542450e-02
9.687639772891998291e-03
-2.147625386714935303e-02
-6.449154764413833618e-02
-2.650242764502763748e-03
2.124537341296672821e-02
-2.260723849758505821e-03
1.715804450213909149e-02
1.804881542921066284e-02
-4.477488622069358826e-02
5.879443604499101639e-03
5.008691921830177307e-03
8.466771532766870223e-07
8.713065646588802338e-03
-4.388001188635826111e-02
-7.902887649834156036e-03
4.877360071986913681e-03
1.415549311786890030e-03
3.581355325877666473e-03
7.857452146708965302e-03
-1.759208925068378448e-02
-2.873060526326298714e-03
9.980374947190284729e-03
6.397708505392074585e-02
-3.093077335506677628e-03
4.110275302082300186e-03
5.630212370306253433e-03
8.031077682971954346e-03
-4.268259508535265923e-04
-1.795666990801692009e-03
-9.233586024492979050e-04
-2.018808231696311850e-07
-5.079962406284721510e-08
5.052878987044095993e-03
-3.795174998231232166e-04
-2.536704577505588531e-02
4.469789098948240280e-03
1.647463417612016201e-03
-6.108247325755655766e-04
-1.686933333985507488e-03
2.334099635481834412e-02
-5.148184671998023987e-02
1.273748930543661118e-03
-1.087090149521827698e-01
-5.370200052857398987e-02
-5.756074562668800354e-02
1.132992983912117779e-04
-8.512710034847259521e-02
-3.074163714700262062e-07
7.452169805765151978e-02
5.045159241490182467e-07
-1.880626939237117767e-02
5.741091910749673843e-03
6.385367363691329956e-02
-5.392536893486976624e-02
5.457193125039339066e-03
-1.182772684842348099e-03
2.842485904693603516e-02
3.612396772950887680e-03
4.938334226608276367e-03
4.981189034879207611e-03
-4.397954326122999191e-03
8.374169468879699707e-02
1.297607203014194965e-03
-1.040019933134317398e-02
7.739876862615346909e-03
6.370610743761062622e-02
3.765959991142153740e-03
6.037648022174835205e-02
-5.358181521296501160e-02
2.018748549744486809e-03
1.189125794917345047e-02
-5.478518083691596985e-03
-6.355919688940048218e-02
5.682809278368949890e-03
3.192402364220470190e-04
-2.403967082500457764e-02
7.251060567796230316e-03
2.215533284470438957e-03
-1.539573422633111477e-03
5.551842506974935532e-03
6.077690050005912781e-03
5.125457420945167542e-03
-1.112192030996084213e-02
4.616277292370796204e-03
5.823137704282999039e-03
-3.052661195397377014e-02
1.809188397601246834e-03
5.351244937628507614e-03
2.557192929089069366e-03
-2.057806961238384247e-02
1.229240093380212784e-03
-7.373939454555511475e-02
-5.597051698714494705e-03
-4.556663334369659424e-03
4.637629608623683453e-04
7.437139283865690231e-03
1.812110422179102898e-03
-4.197430331259965897e-03
-6.000919267535209656e-02
-2.938560442999005318e-03
4.990778847968613263e-07
2.855267003178596497e-02
-5.163624905435426626e-07
4.428264801390469074e-04
-5.952415615320205688e-02
-1.774032041430473328e-02
-1.720085553824901581e-02
-1.936796936206519604e-03
-7.114565931260585785e-03
1.689374633133411407e-02
3.211757284589111805e-04
1.328238844871520996e-02
-8.301935740746557713e-04
-1.816855161450803280e-03
1.319240196608006954e-03
5.564621649682521820e-03
4.761917144060134888e-02
2.945021493360400200e-03
-2.525856252759695053e-03
3.266698447987437248e-03
-5.879281088709831238e-03
-4.772448912262916565e-03
7.006319612264633179e-02
-7.839663885533809662e-04
-2.473891479894518852e-03
-5.468422081321477890e-03
1.064579118974506855e-03
3.362835384905338287e-03
-2.068076810246566311e-06
-6.911894679069519043e-02
-2.905040234327316284e-02
-6.615553051233291626e-03
2.460969553794711828e-04
-5.851915571838617325e-03
-3.126505762338638306e-02
-3.968937788158655167e-03
5.758733488619327545e-03
-5.948552861809730530e-02
-3.714568680152297020e-03
1.942970789968967438e-03
-8.128080517053604126e-03
-1.369238831102848053e-03
4.365153642993391259e-07
2.608069218695163727e-03
5.223944867793761659e-07
-2.409346168860793114e-03
-6.990542635321617126e-03
-6.434766692109405994e-04
1.650192192755639553e-03
3.994511440396308899e-03
-1.293670386075973511e-02
-1.199746690690517426e-02
3.433437668718397617e-04
-2.338746562600135803e-04
-5.526085197925567627e-02
5.488217342644929886e-03
-2.826291881501674652e-02
1.528928871266543865e-03
7.487581577152013779e-03
-1.262818346731364727e-03
5.731509998440742493e-03
-3.039167495444417000e-03
2.523960778489708900e-03
-3.917208407074213028e-03
1.207257504574954510e-03
-5.909145623445510864e-02
2.658195793628692627e-03
-1.472953986376523972e-02
-1.296432310482487082e-04
-9.148792177438735962e-02
-1.157403178513050079e-02
2.955257426947355270e-03
6.997659336775541306e-03
-1.820454606786370277e-03
2.861516084522008896e-03
-1.323376782238483429e-02
-3.148919204249978065e-03
-1.433316734619438648e-03
-1.554676424711942673e-02
1.442107721231877804e-03
-2.274705475429072976e-04
3.555728867650032043e-02
3.927287645637989044e-03
-2.513172850012779236e-02
3.464363942384807160e-07
5.016588602302363142e-07
-2.484910562634468079e-02
-5.518366396427154541e-02
5.168135836720466614e-02
3.772621974349021912e-03
8.732339483685791492e-04
6.294405320659279823e-04
-2.201052120653912425e-04
-5.829359870404005051e-03
-5.906387791037559509e-02
-6.935606710612773895e-03
4.553824290633201599e-02
-1.734478049911558628e-03
-5.996501499794248957e-07
2.134901285171508789e-02
5.504233762621879578e-03
-6.200140924192965031e-04
1.567862462252378464e-03
-7.838672958314418793e-03
1.251990091986954212e-03
-3.508595982566475868e-03
-1.298218849115073681e-03
3.025993006303906441e-03
-1.998252049088478088e-02
-9.733611345291137695e-02
4.281457979232072830e-03
5.315161496400833130e-02
-6.294891354627907276e-04
-7.889595581218600273e-04
8.632589924673084170e-06
5.901838652789592743e-03
7.406349293887615204e-03
-8.578120730817317963e-03
2.682940289378166199e-02
2.021098136901855469e-02
-3.272128291428089142e-03
-1.259795972146093845e-04
8.428420987911522388e-04
5.565132014453411102e-03
-1.195216737687587738e-02
3.362577641382813454e-03
-4.067364614456892014e-03
-4.798736423254013062e-02
-1.620607450604438782e-02
1.771773910149931908e-03
-1.818420737981796265e-02
1.194098033010959625e-03
4.579167347401380539e-03
6.462707184255123138e-03
-8.527440018951892853e-03
-2.877299441024661064e-03
-1.435006037354469299e-03
4.010573029518127441e-03
-1.970947778318077326e-04
-7.107833772897720337e-02
-1.019941922277212143e-02
-1.081144553609192371e-03
6.508778035640716553e-02
8.639162778854370117e-02
-2.306636236608028412e-02
8.440500497817993164e-02
-6.468231230974197388e-02
6.341883447021245956e-03
-5.822511017322540283e-02
-5.993058905005455017e-03
1.787353865802288055e-02
4.517104011029005051e-03
2.505881944671273232e-03
3.371573686599731445e-01
4.531680047512054443e-02
8.736592717468738556e-03
-2.242734283208847046e-01
-2.007449977099895477e-02
-1.915814541280269623e-02
3.601322695612907410e-02
7.840399444103240967e-02
4.891567304730415344e-02
3.375638043507933617e-03
-1.004825904965400696e-02
-1.664009131491184235e-02
-5.505292676389217377e-03
-8.451468311250209808e-04
-1.490553375333547592e-03
-8.485574275255203247e-03
-6.474349647760391235e-03
-1.749370829202234745e-03
-1.437451597303152084e-02
3.739617066457867622e-03
-2.680174307897686958e-03
2.566794864833354950e-03
5.835166573524475098e-02
-8.914529345929622650e-03
-2.492812089622020721e-02
3.441700246185064316e-03
-5.237209610641002655e-03
1.350272912532091141e-02
-7.641238626092672348e-03
1.789635047316551208e-02
3.042405843734741211e-01
2.720274496823549271e-03
-3.804186591878533363e-03
-1.502545364201068878e-02
-1.384027954190969467e-02
3.580641932785511017e-04
6.845692638307809830e-03
7.194110658019781113e-03
5.718535184860229492e-02
2.408939041197299957e-02
-4.494899883866310120e-03
7.717502769082784653e-03
8.170662913471460342e-04
-5.917670670896768570e-03
-1.381386816501617432e-02
2.435460453853011131e-03
5.852145608514547348e-03
3.225297201424837112e-03
-1.136024016886949539e-02
1.923470497131347656e-01
-1.845419108867645264e-01
1.382348034530878067e-02
-8.539988845586776733e-02
-9.148579090833663940e-03
1.742084324359893799e-02
-7.419636822305619717e-04
-1.188782416284084320e-02
-5.105442367494106293e-03
2.210291475057601929e-02
4.773779306560754776e-03
-1.453628204762935638e-02
-1.308227609843015671e-02
1.215630769729614258e-02
3.947312384843826294e-02
-1.407488307449966669e-04
1.547085354104638100e-03
2.114308532327413559e-03
1.948485034517943859e-03
-5.770161747932434082e-03
-4.359680227935314178e-03
5.186768976273015141e-05
-9.023241698741912842e-03
2.879603393375873566e-02
-2.339431317523121834e-03
-1.005429308861494064e-02
-8.218050934374332428e-03
-2.676316536962985992e-03
-9.060870856046676636e-03
-1.075746864080429077e-02
8.652717224322259426e-04
-5.125548690557479858e-03
4.953142255544662476e-02
-1.600715797394514084e-03
-6.205223500728607178e-03
5.540947895497083664e-03
1.384982024319469929e-03
1.222283579409122467e-02
1.458207610994577408e-02
-2.529236488044261932e-03
-2.148884348571300507e-03
-7.859481498599052429e-03
1.764657208696007729e-03
9.016582742333412170e-03
2.921103965491056442e-03
-1.019652374088764191e-02
2.235496183857321739e-03
1.462924666702747345e-02
-9.695673361420631409e-03
1.111285295337438583e-02
-6.104513071477413177e-03
2.926351968199014664e-03
6.946281995624303818e-03
4.941039253026247025e-03
-1.024491619318723679e-03
-1.768581278156489134e-04
-4.038623534142971039e-03
-1.333389896899461746e-03
3.696635365486145020e-03
1.922720856964588165e-02
-2.661314094439148903e-03
-3.899962641298770905e-03
-1.419357256963849068e-03
-6.599911721423268318e-04
1.394885592162609100e-03
-3.539605531841516495e-03
2.062533199787139893e-01
-3.969492763280868530e-02
-1.666480442509055138e-03
2.592474687844514847e-03
-7.248392701148986816e-02
2.310662716627120972e-02
1.401223056018352509e-02
-2.045850502327084541e-03
-1.751590147614479065e-02
-8.424149453639984131e-02
-2.765820324420928955e-01
-3.147504758089780807e-03
5.950782215222716331e-04
-3.649144247174263000e-02
-6.514091364806517959e-05
2.315309457480907440e-02
7.885705679655075073e-03
5.150867160409688950e-03
-7.569391280412673950e-03
-3.510170383378863335e-03
-6.403235718607902527e-03
-1.749541610479354858e-02
-2.633073745528236032e-05
4.675765987485647202e-03
8.581851725466549397e-04
4.202472919132560492e-04
-1.439017476513981819e-03
-1.656129583716392517e-02
5.348623264580965042e-03
1.041757408529520035e-02
4.576058592647314072e-03
1.913825608789920807e-02
2.493852982297539711e-03
3.381599439308047295e-03
-3.091212809085845947e-01
-3.828322980552911758e-03
1.706009358167648315e-02
-2.316686138510704041e-02
-1.768014580011367798e-02
2.366646192967891693e-02
-3.511387854814529419e-02
-1.892227795906364918e-03
-5.714982282370328903e-03
3.614766173996031284e-04
4.622765816748142242e-03
-3.395399777218699455e-03
-5.041631869971752167e-03
7.373125292360782623e-03
-5.124142393469810486e-03
9.486186318099498749e-03
-1.647100597620010376e-02
-1.818202435970306396e-02
1.599461305886507034e-03
1.786077395081520081e-02
-1.165772527456283569e-01
5.447326111607253551e-05
5.191749427467584610e-03
3.635633969679474831e-03
-1.220787037163972855e-02
-1.635309308767318726e-02
-1.147908251732587814e-02
2.347170840948820114e-03
