4.312155395746231079e-02
-1.499979291111230850e-02
9.046276099979877472e-04
-1.011403650045394897e-01
-5.340009927749633789e-02
1.402596756815910339e-02
-1.104234606027603149e-01
-1.147626861929893494e-01
-3.273395448923110962e-02
-1.361643429845571518e-02
-8.569610118865966797e-02
1.429315805435180664e-01
2.149419486522674561e-02
3.627482801675796509e-02
-5.375313758850097656e-02
-6.674369424581527710e-02
-4.700799286365509033e-02
1.481675449758768082e-02
-1.916073076426982880e-02
4.878299310803413391e-02
-3.526232903823256493e-04
2.826616354286670685e-02
5.562649667263031006e-02
1.438577473163604736e-01
-5.762195587158203125e-02
-1.676471345126628876e-02
-1.170091629028320312e-01
-4.395512863993644714e-02
5.828268080949783325e-02
-2.088522911071777344e-02
-5.369675811380147934e-03
4.532927647233009338e-02
-5.394556745886802673e-02
4.727076739072799683e-02
8.843210339546203613e-02
-5.964398011565208435e-02
1.365856379270553589e-01
-3.251837566494941711e-02
-7.991375774145126343e-02
6.176648661494255066e-02
-5.655265226960182190e-02
4.933569952845573425e-02
1.015146300196647644e-01
5.663292482495307922e-02
-6.481066346168518066e-02
-1.395305152982473373e-02
-2.569886296987533569e-02
5.950192734599113464e-02
-8.609731495380401611e-02
3.859616443514823914e-02
-7.322369515895843506e-02
1.855592057108879089e-02
-1.652839779853820801e-01
1.804849058389663696e-01
6.545210629701614380e-02
-8.169104158878326416e-02
-6.462469696998596191e-02
-5.662756785750389099e-02
7.906687259674072266e-02
1.106836870312690735e-01
4.453198052942752838e-03
2.532865107059478760e-02
-6.726992782205343246e-03
6.093002110719680786e-02
-8.701959997415542603e-02
3.633399680256843567e-02
-7.007729262113571167e-02
1.354757845401763916e-01
9.351015836000442505e-02
-3.029473870992660522e-02
-5.094824358820915222e-02
7.709853351116180420e-02
5.543903261423110962e-02
-5.087167024612426758e-02
8.515565842390060425e-02
2.443595416843891144e-02
-2.758169732987880707e-02
-6.540172547101974487e-02
1.048732399940490723e-01
-4.357428103685379028e-02
6.867775321006774902e-02
-5.389910563826560974e-02
-5.849439278244972229e-02
-4.238377138972282410e-02
-5.152583494782447815e-02
-2.286628820002079010e-03
-1.072147563099861145e-01
6.167913600802421570e-02
1.267537027597427368e-01
4.012724757194519043e-02
4.036287590861320496e-02
-7.674977649003267288e-03
4.323724284768104553e-02
8.452033251523971558e-02
1.689979806542396545e-02
-1.725409328937530518e-01
-3.840017318725585938e-02
4.297587648034095764e-02
9.771107882261276245e-02
2.330613881349563599e-02
7.102558016777038574e-02
-3.423497453331947327e-02
4.407691210508346558e-02
1.098991855978965759e-01
-9.232749789953231812e-02
1.622380502521991730e-02
-1.241362765431404114e-01
-2.229344472289085388e-02
-2.324524521827697754e-02
-9.390366077423095703e-02
8.190203458070755005e-02
-5.706359073519706726e-02
5.860141478478908539e-03
-1.130094155669212341e-01
-4.874185472726821899e-02
4.609503224492073059e-02
1.958372816443443298e-02
-5.132453516125679016e-02
9.261852502822875977e-02
1.501995883882045746e-02
1.778383366763591766e-02
9.976711869239807129e-02
-5.232596024870872498e-02
-4.829986393451690674e-02
-4.313716292381286621e-02
-9.590291976928710938e-02
5.752998404204845428e-03
-1.088291257619857788e-01
-5.297309532761573792e-02
6.592181324958801270e-02
6.494526565074920654e-02
2.114276401698589325e-02
-5.408311262726783752e-02
2.228671498596668243e-02
6.792750954627990723e-02
-4.524868354201316833e-02
1.059012934565544128e-01
1.353086624294519424e-02
-2.100046165287494659e-02
-2.201558835804462433e-02
7.119091600179672241e-02
8.529799431562423706e-02
3.324772045016288757e-02
1.341592054814100266e-03
2.934616245329380035e-02
8.668728172779083252e-02
5.177151411771774292e-02
9.919901937246322632e-02
1.830562762916088104e-02
1.388935446739196777e-01
1.454471647739410400e-01
3.634575288742780685e-03
-5.706360563635826111e-02
-7.166565954685211182e-02
3.696062788367271423e-02
-4.790103062987327576e-02
-1.209140755236148834e-02
9.446638636291027069e-03
2.159527502954006195e-02
-1.903082132339477539e-01
4.822124168276786804e-02
-4.979364108294248581e-03
1.150173768401145935e-01
3.928351774811744690e-02
7.352076470851898193e-02
4.037889838218688965e-02
3.124276548624038696e-02
5.960334464907646179e-02
-1.168886292725801468e-02
3.954411949962377548e-03
-7.362588495016098022e-02
-3.849497437477111816e-02
1.016794592142105103e-01
-1.844735071063041687e-02
-1.432905793190002441e-01
-2.786002866923809052e-02
7.587957661598920822e-03
2.295642858371138573e-03
2.262928895652294159e-02
-1.307051628828048706e-01
6.753843277692794800e-02
9.444486349821090698e-02
-1.941998954862356186e-03
-5.741422995924949646e-02
1.487314850091934204e-01
4.374416917562484741e-02
7.501342147588729858e-02
-2.228071168065071106e-02
3.681017085909843445e-02
-5.424696579575538635e-02
-1.142879277467727661e-01
-2.817141078412532806e-02
-2.967441268265247345e-02
1.501505356281995773e-02
-7.154972106218338013e-02
-7.580171525478363037e-02
5.481077730655670166e-02
1.503417193889617920e-01
1.159200742840766907e-01
-1.824980042874813080e-02
