4.137995541095733643e-01
9.174270033836364746e-01
1.007653117179870605e+00
8.661426544189453125e+00
9.203694343566894531e+00
1.385189294815063477e+00
1.289584636688232422e+00
5.780374407768249512e-01
1.243870735168457031e+00
2.205599069595336914e+00
8.155689388513565063e-02
9.996668815612792969e+00
1.917670130729675293e+00
1.560093760490417480e+00
1.004952335357666016e+01
8.799720764160156250e+00
1.785184383392333984e+00
8.684804916381835938e+00
2.421134948730468750e+00
1.091721916198730469e+01
9.511283636093139648e-01
1.198373556137084961e+00
4.794049561023712158e-01
3.902714490890502930e+00
2.179244279861450195e+00
1.768070816993713379e+00
9.419011116027832031e+00
7.502209544181823730e-01
1.018611049652099609e+01
2.299460649490356445e+00
8.622957229614257812e+00
2.330437898635864258e+00
1.389506101608276367e+00
6.452887058258056641e-01
2.385845899581909180e+00
8.789541244506835938e+00
1.514076828956604004e+00
7.574298858642578125e+00
9.316675186157226562e+00
8.809593200683593750e+00
4.413235485553741455e-01
1.821221828460693359e+00
2.142077982425689697e-01
1.182568454742431641e+01
8.757168054580688477e-01
1.298376679420471191e+00
9.215353965759277344e+00
7.626670598983764648e-01
1.402991533279418945e+00
1.458502888679504395e+00
1.168958067893981934e+00
8.687944412231445312e+00
1.652941107749938965e+00
3.521364212036132812e+00
2.521291017532348633e+00
3.296392858028411865e-01
1.522532224655151367e+00
1.968096852302551270e+00
2.674796581268310547e+00
-4.036557376384735107e-01
4.278364181518554688e-01
1.077775359153747559e+00
6.024484522640705109e-03
8.903557777404785156e+00
1.021966099739074707e+00
1.028954029083251953e+00
1.033184528350830078e+00
8.569589614868164062e+00
-2.645134925842285156e-01
1.665233850479125977e+00
8.806169509887695312e+00
1.428267121315002441e+00
4.135176181793212891e+00
8.307806015014648438e+00
-9.580421447753906250e-02
1.423048138618469238e+00
1.829066395759582520e+00
1.206322669982910156e+00
4.930615425109863281e-01
-2.069080919027328491e-01
2.870092093944549561e-01
7.312119007110595703e-01
1.886354088783264160e+00
2.927658081054687500e+00
1.828522920608520508e+00
7.237713932991027832e-01
-9.249363094568252563e-03
3.059233129024505615e-01
-1.401775926351547241e-01
2.398838281631469727e+00
1.702896475791931152e+00
1.181928396224975586e+00
8.693316459655761719e+00
8.709591865539550781e+00
9.630330204963684082e-01
8.290204405784606934e-02
1.793343901634216309e+00
7.786719202995300293e-01
-5.927412956953048706e-02
1.907170295715332031e+00
-2.513842582702636719e-01
2.393506914377212524e-01
1.366837024688720703e+00
1.155933618545532227e+00
5.496532320976257324e-01
1.545902132987976074e+00
-1.215441599488258362e-01
8.767177581787109375e+00
8.749962806701660156e+00
1.211267471313476562e+00
1.712903380393981934e-01
1.296655416488647461e+00
1.045843315124511719e+01
8.194931596517562866e-02
1.175875282287597656e+01
1.970328927040100098e+00
8.441244363784790039e-01
1.316108107566833496e+00
4.563903808593750000e-02
1.272114276885986328e+00
1.180911540985107422e+00
4.001180827617645264e-01
1.344177007675170898e+00
1.212994861602783203e+01
9.520993828773498535e-01
8.813193321228027344e+00
5.527561306953430176e-01
1.942136168479919434e+00
1.179024457931518555e+00
1.597256422042846680e+00
-1.700679063796997070e-01
9.460749626159667969e-01
-1.752325743436813354e-01
1.196031332015991211e+00
1.060182690620422363e+00
7.681725025177001953e-01
-3.569454550743103027e-01
1.200523853302001953e+00
9.781703948974609375e+00
2.748230695724487305e-01
1.027583599090576172e+00
1.046329021453857422e+01
2.005620956420898438e+00
3.556491434574127197e-01
2.133119583129882812e+00
8.676418304443359375e+00
1.925391316413879395e+00
1.607613205909729004e+00
3.124854341149330139e-02
1.441032052040100098e+00
1.344574093818664551e+00
2.276669144630432129e-01
1.428173184394836426e+00
1.619685173034667969e+00
9.108701705932617188e+00
8.672884941101074219e+00
2.040985822677612305e+00
7.710291147232055664e-01
3.803122341632843018e-01
9.953069090843200684e-01
8.716404914855957031e+00
9.682288765907287598e-01
1.801638484001159668e+00
1.818205595016479492e+00
8.789988517761230469e+00
8.426847457885742188e-01
8.684635162353515625e+00
8.556090593338012695e-01
1.140511631965637207e+00
4.626141488552093506e-01
4.162677764892578125e+00
1.801660299301147461e+00
3.996470689773559570e+00
1.167101502418518066e+00
1.434522628784179688e+00
-2.116073071956634521e-01
6.891111731529235840e-01
1.392074346542358398e+00
3.136044979095458984e+00
8.809184074401855469e+00
6.999152898788452148e-01
8.678565025329589844e+00
1.120455741882324219e+00
9.960787773132324219e+00
3.324220418930053711e+00
8.745759963989257812e+00
1.033044815063476562e+00
1.047577857971191406e+00
5.314336717128753662e-02
5.634581446647644043e-01
1.536596536636352539e+00
1.857933402061462402e+00
1.046148872375488281e+01
1.919812917709350586e+00
6.462659835815429688e-01
1.368189811706542969e+00
5.426211357116699219e-01
-4.215264916419982910e-01
1.282638549804687500e+00
8.754487991333007812e+00
-1.010063076019287109e+01
-9.824168205261230469e+00
6.213349103927612305e-01
1.120473146438598633e+00
-9.588158607482910156e+00
9.992279410362243652e-01
6.324855089187622070e-01
8.729431629180908203e-01
1.037035107612609863e+00
3.944973945617675781e-01
-1.057715511322021484e+01
1.389847993850708008e+00
-4.632887363433837891e+00
-1.401027321815490723e+00
-9.944887161254882812e+00
7.953576445579528809e-01
-3.871021747589111328e+00
-9.363028526306152344e+00
-1.872678518295288086e+00
-9.681025505065917969e+00
1.619505524635314941e+00
1.634924173355102539e+00
-1.061268424987792969e+01
-9.761474609375000000e+00
1.393802285194396973e+00
5.541670918464660645e-01
-1.647714972496032715e+00
-1.154904663562774658e-01
1.189916014671325684e+00
-8.122722625732421875e+00
1.097220540046691895e+00
-2.047740221023559570e+00
1.094518303871154785e+00
-3.551475107669830322e-01
1.318056941032409668e+00
-9.508433341979980469e+00
1.125112414360046387e+00
-9.223202705383300781e+00
-9.712939262390136719e+00
1.204539537429809570e+00
5.708833336830139160e-01
1.195859909057617188e+00
-9.383061408996582031e+00
-9.524175643920898438e+00
1.178953766822814941e+00
8.492619991302490234e-01
1.152869105339050293e+00
1.193174123764038086e+00
1.454627156257629395e+00
1.423268914222717285e+00
8.112528920173645020e-01
1.038246154785156250e+00
1.282412648200988770e+00
2.674173712730407715e-01
4.969071969389915466e-02
-4.838375568389892578e+00
1.216684937477111816e+00
1.280574202537536621e+00
1.366531610488891602e+00
-3.640568017959594727e+00
-2.549062728881835938e+00
-3.406945466995239258e+00
-3.563236951828002930e+00
-9.482684135437011719e+00
8.988240957260131836e-01
1.230957508087158203e+00
1.333102703094482422e+00
6.233086585998535156e-01
-5.956935405731201172e+00
5.400568842887878418e-01
-9.371073722839355469e+00
-5.664911866188049316e-01
-9.420930862426757812e+00
6.843587756156921387e-01
-1.118279170989990234e+01
5.624223351478576660e-01
-3.741166889667510986e-01
1.295531511306762695e+00
6.766021847724914551e-01
-2.499209880828857422e+00
-2.350721322000026703e-02
2.178253978490829468e-01
1.000941753387451172e+00
1.176158666610717773e+00
1.448931574821472168e+00
1.779133677482604980e+00
1.927081465721130371e+00
6.561593711376190186e-02
-6.005279421806335449e-01
1.311433315277099609e+00
-9.415423393249511719e+00
9.016878008842468262e-01
-9.810292243957519531e+00
1.388372659683227539e+00
5.849316716194152832e-01
-3.505081892013549805e+00
-9.586961746215820312e+00
1.173203706741333008e+00
-1.018283843994140625e+01
-1.054484367370605469e+01
-1.097694778442382812e+01
8.929904699325561523e-01
1.470689296722412109e+00
-8.828654289245605469e+00
7.564046978950500488e-01
-7.295550704002380371e-01
-1.038939094543457031e+01
-9.896485328674316406e+00
8.900931477546691895e-01
1.483495473861694336e+00
-3.616885244846343994e-01
1.387345790863037109e+00
-9.705929756164550781e+00
6.356974840164184570e-01
-9.639044761657714844e+00
1.287428975105285645e+00
4.451949894428253174e-01
5.273714065551757812e-01
2.852744460105895996e-01
1.121458530426025391e+00
-1.809104830026626587e-01
1.754107177257537842e-01
1.138775587081909180e+00
1.299501895904541016e+00
-3.749476432800292969e+00
-9.665824890136718750e+00
-1.131180882453918457e+00
5.777959227561950684e-01
7.496879696846008301e-01
9.410976171493530273e-01
-1.128284096717834473e+00
1.061409831047058105e+00
-4.753610789775848389e-01
-9.587552070617675781e+00
9.928324222564697266e-01
-1.021879959106445312e+01
-2.361659765243530273e+00
2.520132660865783691e-01
6.174672245979309082e-01
-6.967350959777832031e+00
-3.105184078216552734e+00
1.032630324363708496e+00
1.290904998779296875e+00
9.870696067810058594e-01
1.314125061035156250e+00
3.554336726665496826e-01
1.231924176216125488e+00
1.252104520797729492e+00
-5.825927853584289551e-01
1.161052584648132324e+00
1.203098416328430176e+00
2.661118209362030029e-01
-9.699643135070800781e+00
7.970240712165832520e-01
-9.478629112243652344e+00
-9.659381866455078125e+00
-3.461568832397460938e+00
-1.308782219886779785e+00
-9.765719413757324219e+00
-4.037097394466400146e-01
1.349854469299316406e+00
-9.934375762939453125e+00
8.905304670333862305e-01
-9.677177429199218750e+00
-1.066747188568115234e+01
1.124300837516784668e+00
-9.869112014770507812e+00
1.016335725784301758e+00
-9.804333686828613281e+00
-6.839759349822998047e-01
-9.058512687683105469e+00
1.435330867767333984e+00
3.973296880722045898e-01
1.162101626396179199e+00
1.441137790679931641e+00
-1.297371983528137207e+00
1.283238410949707031e+00
1.083565950393676758e+00
-3.962592840194702148e+00
-3.851244688034057617e+00
1.238547444343566895e+00
-9.471291542053222656e+00
9.643176794052124023e-01
9.803367853164672852e-01
1.434829831123352051e+00
-9.475878715515136719e+00
1.221257969737052917e-01
1.095226764678955078e+00
-1.899377465248107910e+00
6.105364561080932617e-01
1.173609972000122070e+00
1.349753141403198242e+00
1.114440321922302246e+00
-9.680714607238769531e+00
1.354422569274902344e-01
9.417379498481750488e-01
1.213047027587890625e+00
-4.996716022491455078e+00
5.614566802978515625e-01
1.184044599533081055e+00
1.651373672485351562e+01
-5.032975673675537109e+00
-4.103606224060058594e+00
1.513720452785491943e-01
2.468481063842773438e-01
3.512998342514038086e+00
-2.337900638580322266e+00
-8.188150405883789062e+00
3.154354333877563477e+00
1.602070236206054688e+01
-2.572897720336914062e+01
-4.706126451492309570e-02
-1.287906932830810547e+01
-1.388812828063964844e+01
9.442604333162307739e-02
4.385885782539844513e-03
1.439844322204589844e+01
-5.676164291799068451e-03
1.580656623840332031e+01
3.603118285536766052e-02
-4.015981197357177734e+00
3.558467626571655273e+00
1.614528274536132812e+01
-4.033601284027099609e-01
-1.145831394195556641e+01
2.291072368621826172e+00
1.680605672299861908e-02
9.685158729553222656e+00
2.452814877033233643e-01
-1.041127014160156250e+01
7.236067205667495728e-02
-1.321688938140869141e+01
2.060795783996582031e+00
7.539735317230224609e+00
-1.125615239143371582e+00
1.780426204204559326e-01
2.463356494903564453e+00
-3.960052505135536194e-02
1.173093914985656738e-01
-8.722742646932601929e-02
-1.267974185943603516e+01
2.281607389450073242e+00
2.134465026855468750e+01
8.135041594505310059e-02
-4.900835037231445312e+00
-1.143906307220458984e+01
1.319859623908996582e-01
-3.268771409988403320e+00
-2.355864286422729492e+00
-2.006754875183105469e+00
-4.101053237915039062e+00
-7.045600563287734985e-02
-4.392795085906982422e+00
1.020236968994140625e+00
1.264824390411376953e+00
-2.373204612731933594e+01
-2.296878337860107422e+00
-2.064755201339721680e+00
-1.157541751861572266e+00
3.162367820739746094e+01
-2.026885795593261719e+01
-1.205560874938964844e+01
2.873296928405761719e+01
-3.551797568798065186e-02
-4.140006065368652344e+00
5.165817260742187500e+00
1.427203536033630371e+00
1.537865251302719116e-01
-4.845227813720703125e+01
-2.675793886184692383e+00
2.987277507781982422e-01
-3.351830005645751953e+00
1.056247591972351074e+00
2.194881904870271683e-03
6.258940887451171875e+01
1.603375434875488281e+01
1.738946437835693359e+00
2.628999710083007812e+00
-1.260675048828125000e+01
-2.790523910522460938e+01
-1.346711921691894531e+01
-7.454549789428710938e+00
1.761991262435913086e+00
-2.018292427062988281e+00
-2.189254522323608398e+00
1.052348136901855469e+01
-1.652176666259765625e+01
1.184028148651123047e+01
2.371907043457031250e+01
8.716452717781066895e-01
5.729776620864868164e-01
-4.573126316070556641e+00
-1.518491506576538086e-01
-1.303728483617305756e-02
-4.163264751434326172e+00
-3.177742767333984375e+01
-3.730427980422973633e+00
-3.948268890380859375e+00
3.210003280639648438e+01
2.858005046844482422e+00
6.157139205932617188e+01
-1.050896739959716797e+01
5.457364082336425781e+00
-5.359725952148437500e+00
-6.543375492095947266e+00
3.235188484191894531e+00
-3.587553405761718750e+01
4.963793158531188965e-01
7.531797885894775391e-02
-2.671563148498535156e+00
-1.120498275756835938e+01
-2.394129514694213867e+00
-3.313147127628326416e-01
-1.765225219726562500e+01
-2.658985555171966553e-01
-9.315356016159057617e-01
-5.381597042083740234e+00
4.724849700927734375e+00
1.767923164367675781e+01
3.289861440658569336e+00
4.554440021514892578e+00
-7.910638332366943359e+00
-2.999219655990600586e+00
-7.378025352954864502e-02
1.043930149078369141e+01
-6.203082576394081116e-02
1.050640964508056641e+01
-3.474622011184692383e+00
5.222007751464843750e+00
2.401067018508911133e+00
4.719507217407226562e+01
6.641866207122802734e+00
-2.293306541442871094e+01
6.446574687957763672e+00
4.129952430725097656e+00
1.056586837768554688e+01
2.903177833557128906e+01
3.390062332153320312e+00
2.762081474065780640e-02
-2.551469230651855469e+01
-1.022344970703125000e+01
-6.030425429344177246e-02
1.580941390991210938e+01
-3.737157106399536133e+00
1.798697352409362793e+00
-1.522897034883499146e-01
2.591049432754516602e+00
1.523994064331054688e+01
-5.252709865570068359e+00
-1.454491376876831055e+00
3.408880710601806641e+00
1.539448833465576172e+01
-1.767719149589538574e+00
-8.089715957641601562e+00
-1.199005916714668274e-02
-4.265168011188507080e-01
3.530907154083251953e+00
-7.252623081207275391e+00
-1.998785972595214844e+01
4.940492630004882812e+00
-5.730854719877243042e-02
-1.328366470336914062e+01
1.583823442459106445e+00
3.472326278686523438e+00
3.754281252622604370e-02
8.034595251083374023e-01
2.797316759824752808e-02
-2.439670085906982422e+00
4.126889705657958984e+00
-1.526284122467041016e+01
3.063960313796997070e+00
-2.279529333114624023e+00
1.301447987556457520e+00
4.141503334045410156e+00
-2.618304252624511719e+00
2.873413848876953125e+01
6.286613941192626953e+00
-1.716465234756469727e+00
1.583994477987289429e-01
3.116224147379398346e-02
-5.938747406005859375e+00
-7.202685624361038208e-02
-1.069978427886962891e+01
-4.569006338715553284e-02
4.719718918204307556e-02
9.612537175416946411e-02
6.964645862579345703e+00
-3.320826053619384766e+00
1.434248828887939453e+01
-9.592636108398437500e+00
-2.100506544113159180e+00
-2.134531736373901367e+00
8.527699857950210571e-02
-3.057243347167968750e+00
-7.677330017089843750e+00
-3.929425716400146484e+00
3.805794954299926758e+00
3.886262893676757812e+01
2.995324611663818359e+00
1.279518902301788330e-01
