2.011171169579029083e-02
-5.809122323989868164e-02
9.597793221473693848e-02
-1.641591265797615051e-02
-4.703473299741744995e-02
-4.558274149894714355e-02
-5.715385824441909790e-02
-8.077653497457504272e-02
9.601131081581115723e-02
-4.665150493383407593e-02
-5.753790587186813354e-02
2.143135070800781250e-01
-2.535064890980720520e-02
-1.149448305368423462e-01
1.134145781397819519e-01
-2.298478633165359497e-01
-2.319293916225433350e-01
-2.374441176652908325e-01
-2.983114421367645264e-01
-4.943374097347259521e-01
3.418793678283691406e-01
-4.848554730415344238e-01
1.085268706083297729e-01
-3.584169223904609680e-02
4.816933721303939819e-02
3.385360166430473328e-02
1.095026209950447083e-01
3.063882328569889069e-02
4.015229269862174988e-02
4.199300706386566162e-02
-1.452859491109848022e-02
1.879149675369262695e-02
-1.515614707022905350e-02
5.788070335984230042e-02
