-2.644076645374298096e-01
-4.207930341362953186e-02
6.967622786760330200e-03
-7.580690085887908936e-03
1.129238232970237732e-01
1.911797933280467987e-02
1.280359271913766861e-02
3.730640932917594910e-02
-3.475150093436241150e-03
-1.708182692527770996e-02
-2.343306839466094971e-01
-2.172970771789550781e-02
1.603545993566513062e-02
1.290201582014560699e-02
7.795154303312301636e-02
2.729031955823302269e-03
-1.238616835325956345e-02
-1.796265505254268646e-02
-2.105594426393508911e-02
1.586601436138153076e-01
1.470353640615940094e-02
-1.185417547821998596e-02
7.268719375133514404e-02
-9.954704344272613525e-02
1.913552545011043549e-02
-4.849367216229438782e-02
-2.249588444828987122e-02
-1.659271679818630219e-02
-2.120104432106018066e-02
2.485762722790241241e-02
-9.764373302459716797e-02
2.115667983889579773e-02
-6.401562131941318512e-03
-4.617625102400779724e-02
-8.109084330499172211e-03
3.883210197091102600e-02
-2.643183618783950806e-02
6.202584877610206604e-02
-2.196861058473587036e-02
-5.868067219853401184e-02
1.124908123165369034e-02
8.285388350486755371e-03
1.645644158124923706e-01
-1.063218265771865845e-01
5.548660177737474442e-03
1.184836681932210922e-02
4.313350841403007507e-02
2.217071689665317535e-02
3.180956840515136719e-02
3.276610001921653748e-02
1.727540232241153717e-02
7.217894494533538818e-02
3.852889314293861389e-02
-1.234248951077461243e-01
-1.047710794955492020e-02
-2.822334170341491699e-01
3.984899260103702545e-03
-2.206890098750591278e-02
-1.675412990152835846e-02
-8.532187785021960735e-04
1.833164244890213013e-01
1.250173989683389664e-02
-6.219772621989250183e-02
-6.744699180126190186e-02
3.146426985040307045e-03
-1.465963385999202728e-02
2.649858593940734863e-02
2.873529121279716492e-02
-1.705207303166389465e-02
1.081652939319610596e-02
-1.150974035263061523e-01
-7.435718923807144165e-02
-6.152063235640525818e-02
-1.949938572943210602e-02
2.394089996814727783e-01
-1.676345430314540863e-02
-4.506352543830871582e-02
9.321022778749465942e-03
2.830701880156993866e-02
1.260937601327896118e-01
3.438062593340873718e-02
1.593979448080062866e-02
1.497731730341911316e-02
-5.048358067870140076e-02
2.407663501799106598e-02
1.600350253283977509e-03
4.077093675732612610e-03
-8.691523969173431396e-02
1.001229062676429749e-01
-1.508355699479579926e-02
-8.373347669839859009e-02
3.380015492439270020e-02
-6.218971684575080872e-02
3.873964073136448860e-03
3.550948202610015869e-02
-5.995035171508789062e-03
5.627439916133880615e-02
-1.598928007297217846e-03
1.357853561639785767e-01
-1.457329243421554565e-01
3.232047855854034424e-01
-1.775131386239081621e-04
-2.014403417706489563e-02
-4.521853756159543991e-03
5.292851477861404419e-03
-4.523056373000144958e-02
9.853676706552505493e-02
6.802025437355041504e-02
9.385402314364910126e-03
9.441285394132137299e-03
-2.908680820837616920e-03
-1.191656850278377533e-02
-4.718123003840446472e-02
3.538649901747703552e-02
-4.221551120281219482e-02
-4.252087324857711792e-02
-2.447939477860927582e-02
-2.741096774116158485e-03
-1.215547975152730942e-02
-3.088983334600925446e-02
-2.050551120191812515e-03
2.148433774709701538e-02
5.376387760043144226e-02
-7.120503578335046768e-03
-2.529375627636909485e-02
8.648821711540222168e-02
-7.248001545667648315e-02
-1.031440682709217072e-02
-4.054092615842819214e-02
-9.438859298825263977e-03
9.277146309614181519e-02
-2.216421999037265778e-02
-3.840710595250129700e-02
-1.211648136377334595e-01
3.798568854108452797e-03
-4.018937051296234131e-02
-1.199536100029945374e-01
1.043414138257503510e-02
4.992970731109380722e-03
-1.093297749757766724e-01
-1.786184310913085938e-02
-1.279826741665601730e-02
-1.191802415996789932e-02
-1.821898110210895538e-02
-4.578426596708595753e-04
7.154362648725509644e-02
-6.134585477411746979e-03
-1.723606325685977936e-02
1.546463184058666229e-02
-1.897983998060226440e-02
1.914524659514427185e-02
-2.321130409836769104e-02
-7.154428958892822266e-02
1.258135028183460236e-02
1.082770302891731262e-01
-6.509020179510116577e-02
-4.960063472390174866e-02
-3.150014579296112061e-02
2.181884199380874634e-01
-1.315657515078783035e-02
-1.529491785913705826e-02
-5.264449864625930786e-02
-2.196331508457660675e-02
-6.236513331532478333e-02
1.854401826858520508e-01
-2.969681099057197571e-02
-9.545248001813888550e-02
-1.595532521605491638e-02
-2.489305870767566375e-06
7.695335149765014648e-02
1.503190398216247559e-02
-2.490266598761081696e-02
-2.430195733904838562e-02
1.633842475712299347e-02
3.393181599676609039e-03
-1.216272339224815369e-01
-4.233547300100326538e-02
-5.694651976227760315e-03
-3.447680035606026649e-03
-2.742111682891845703e-02
9.755630977451801300e-03
-1.330676674842834473e-01
-1.843916834332048893e-05
-1.077196281403303146e-02
2.486492274329066277e-03
6.872521340847015381e-02
5.345006659626960754e-02
2.231537178158760071e-02
4.380632191896438599e-02
2.504858002066612244e-02
2.277540974318981171e-02
-1.006934326142072678e-02
-3.279082477092742920e-02
-3.785784542560577393e-02
1.767771504819393158e-02
2.481310255825519562e-02
-3.735224017873406410e-03
-1.406612694263458252e-01
-4.608388245105743408e-02
-1.240557618439197540e-02
