2.896933794021606445e+00
5.042564868927001953e-01
1.009725189208984375e+01
9.542552947998046875e+00
8.249044418334960938e+00
1.430916905403137207e+00
1.241539001464843750e+00
1.654083132743835449e+00
2.010850429534912109e+00
9.798316001892089844e+00
1.393245697021484375e+00
1.087899088859558105e+00
9.205832481384277344e+00
1.236086964607238770e+00
9.243670105934143066e-01
2.345438480377197266e+00
1.138144731521606445e+00
-1.415946334600448608e-01
1.107223510742187500e+00
9.742074012756347656e+00
-3.139636293053627014e-02
-6.564019620418548584e-02
2.221044540405273438e+00
-2.360338121652603149e-01
1.148108839988708496e+00
7.200998067855834961e-01
1.083911895751953125e+01
1.854295015335083008e+00
2.361397266387939453e+00
2.196490049362182617e+00
1.650027990341186523e+00
1.576570510864257812e+00
6.602342128753662109e-01
1.312836170196533203e+00
2.713456869125366211e+00
-1.452831625938415527e-01
4.671393036842346191e-01
7.178076505661010742e-01
2.244296312332153320e+00
1.167311429977416992e+00
1.135062122344970703e+01
1.317981123924255371e+00
2.143876552581787109e+00
1.023292422294616699e+00
1.200925230979919434e+00
9.667778968811035156e+00
1.060319304466247559e+00
1.475528240203857422e+00
1.010745620727539062e+01
1.586696743965148926e+00
1.072482013702392578e+01
5.097424983978271484e-01
2.027131319046020508e-01
6.996667981147766113e-01
1.097698569297790527e+00
-9.247584640979766846e-02
8.356851935386657715e-01
3.597865700721740723e-01
3.126759231090545654e-01
1.006231904029846191e+00
9.271143078804016113e-01
4.628536701202392578e+00
2.853201389312744141e+00
3.533731698989868164e-01
2.307656049728393555e+00
9.360033988952636719e+00
1.306523442268371582e+00
9.123056411743164062e+00
1.865817159414291382e-01
1.791659951210021973e+00
1.183397173881530762e+00
3.168545067310333252e-01
1.239878654479980469e+00
-9.215843677520751953e-02
1.961552619934082031e+00
2.911402225494384766e+00
1.187625050544738770e+00
4.247796058654785156e+00
7.509515285491943359e-01
7.553324103355407715e-01
1.199735999107360840e+00
8.517881631851196289e-01
1.698675513267517090e+00
4.580170214176177979e-01
9.780793190002441406e+00
1.397280335426330566e+00
1.001223468780517578e+01
9.718385696411132812e+00
1.235278606414794922e+00
8.837862014770507812e+00
1.518427729606628418e+00
3.697068929672241211e+00
8.652632832527160645e-01
-1.700114905834197998e-01
1.411988854408264160e+00
8.407761573791503906e+00
8.978574275970458984e-01
9.983433723449707031e+00
9.033014297485351562e+00
-1.562555879354476929e-01
-1.225636824965476990e-01
1.737061738967895508e+00
9.485958814620971680e-01
3.210780322551727295e-01
1.453432321548461914e+00
-2.269258946180343628e-01
1.051820373535156250e+01
-6.821838766336441040e-02
9.807415962219238281e+00
2.536120653152465820e+00
9.397445678710937500e+00
-7.501295953989028931e-02
-1.318336129188537598e-01
2.744477033615112305e+00
9.495269507169723511e-02
1.311130881309509277e+00
3.585650622844696045e-01
9.270835876464843750e+00
9.750911712646484375e+00
1.481351494789123535e+00
1.032338380813598633e+00
1.829255342483520508e+00
9.118723869323730469e+00
9.297551155090332031e+00
1.141376972198486328e+00
-2.957703471183776855e-01
2.814838409423828125e+00
8.499180674552917480e-01
9.887257814407348633e-01
8.744959831237792969e+00
1.689165711402893066e+00
-1.964131444692611694e-01
9.643369674682617188e+00
1.419960260391235352e+00
2.127686440944671631e-01
1.322250008583068848e+00
1.050171732902526855e+00
1.045654678344726562e+01
6.719173789024353027e-01
7.360221147537231445e-01
1.390521883964538574e+00
1.019841194152832031e+01
1.040013694763183594e+01
1.529215574264526367e+00
6.312198042869567871e-01
1.033552265167236328e+01
1.216587185859680176e+00
1.088619828224182129e+00
1.611335396766662598e+00
1.009474754333496094e+00
8.750113487243652344e+00
9.486058235168457031e+00
1.581855714321136475e-01
9.369089007377624512e-01
8.338519930839538574e-01
2.510619640350341797e+00
1.334744691848754883e+00
3.470147609710693359e+00
1.106525421142578125e+00
2.074198126792907715e-01
3.300891876220703125e+00
1.352598309516906738e+00
9.291136741638183594e+00
1.058659791946411133e+00
9.469341278076171875e+00
2.094550132751464844e+00
-1.090824529528617859e-01
-3.306641578674316406e-01
1.058866977691650391e+01
8.881542831659317017e-03
1.679754614830017090e+00
1.935113549232482910e+00
1.355671763420104980e+00
1.981651425361633301e+00
4.518741607666015625e+00
1.451546072959899902e+00
1.805494725704193115e-01
9.369434356689453125e+00
1.772801637649536133e+00
9.788289070129394531e+00
1.017382717132568359e+01
1.811642765998840332e+00
2.564528942108154297e+00
9.904883384704589844e+00
1.256702899932861328e+00
1.639111638069152832e+00
-6.883674860000610352e-02
3.126379013061523438e+00
1.843501091003417969e+00
4.828338623046875000e+00
5.880300402641296387e-01
1.006936740875244141e+01
1.701150894165039062e+00
2.660004377365112305e+00
1.824723720550537109e+00
1.532893419265747070e+00
1.396465063095092773e+00
5.077876567840576172e+00
-2.363008409738540649e-01
2.643691301345825195e+00
1.070555448532104492e+00
-2.670307755470275879e-01
-9.450304031372070312e+00
-1.156447380781173706e-01
4.185569286346435547e-01
1.330083012580871582e+00
7.812851071357727051e-01
7.587333917617797852e-01
8.238495141267776489e-02
-9.956595420837402344e+00
1.202733993530273438e+00
1.037995457649230957e+00
9.982404708862304688e-01
1.281122088432312012e+00
8.810675740242004395e-01
1.195762038230895996e+00
8.828498125076293945e-01
-4.096605300903320312e+00
3.123836219310760498e-01
1.068759799003601074e+00
-1.044085502624511719e+01
-2.307426929473876953e+00
1.177866101264953613e+00
-1.012935543060302734e+01
1.225765943527221680e+00
1.098167419433593750e+00
-9.739813804626464844e+00
1.389258742332458496e+00
9.667927026748657227e-01
-4.401443004608154297e+00
1.370322346687316895e+00
-2.219574451446533203e+00
9.080356359481811523e-01
1.123337913304567337e-02
5.023131370544433594e-01
-4.748041629791259766e+00
1.587824374437332153e-01
-3.321028232574462891e+00
9.217763543128967285e-01
1.002690643072128296e-01
-9.763145446777343750e+00
5.604520440101623535e-01
-4.276333808898925781e+00
6.584780216217041016e-01
-4.705906808376312256e-01
-9.381474494934082031e+00
-6.193065047264099121e-01
2.018607705831527710e-01
1.354191184043884277e+00
1.245335340499877930e+00
-9.897425651550292969e+00
-3.083907127380371094e+00
-9.996324539184570312e+00
1.110274791717529297e+00
-9.700649261474609375e+00
-2.933633804321289062e+00
-5.624536037445068359e+00
-2.257161587476730347e-01
1.088989228010177612e-01
-4.284718334674835205e-01
1.396114826202392578e+00
9.465085268020629883e-01
-9.080129623413085938e+00
7.789011597633361816e-01
-2.423142194747924805e-01
-6.114236712455749512e-01
1.225862264633178711e+00
1.377437591552734375e+00
-6.686020493507385254e-01
1.474530577659606934e+00
1.218452095985412598e+00
-3.376922607421875000e+00
-1.440355896949768066e+00
-1.958839774131774902e+00
-4.311973094940185547e+00
1.040808200836181641e+00
1.257155060768127441e+00
-9.311088174581527710e-02
-3.404532074928283691e-01
1.308369159698486328e+00
9.767150878906250000e-01
-3.520200252532958984e-01
-3.135561227798461914e+00
5.947663187980651855e-01
-9.982187271118164062e+00
1.327133297920227051e+00
1.425233721733093262e+00
-9.945337295532226562e+00
1.171983718872070312e+00
1.177325725555419922e+00
-9.162859916687011719e+00
1.203900575637817383e+00
-2.517914056777954102e+00
-2.521307229995727539e+00
1.214818120002746582e+00
1.005127906799316406e+00
1.046914577484130859e+00
9.022240042686462402e-01
1.189227938652038574e+00
-3.356456279754638672e+00
-7.311374187469482422e+00
-3.739809989929199219e-01
1.265694141387939453e+00
-5.387822389602661133e-01
-3.535452365875244141e+00
-7.773948311805725098e-01
1.005614876747131348e+00
-1.038760280609130859e+01
-9.312093734741210938e+00
8.629450201988220215e-02
-1.022680950164794922e+01
-2.001344680786132812e+00
3.794559538364410400e-01
5.979835987091064453e-01
-6.248836994171142578e+00
1.392264962196350098e+00
6.859672069549560547e-01
1.184208154678344727e+00
-1.076332569122314453e+01
2.955164909362792969e-01
-2.500835061073303223e-01
1.463364124298095703e+00
-9.962699890136718750e+00
-1.017415142059326172e+01
9.852048754692077637e-01
-1.453558564186096191e+00
1.493265748023986816e+00
-2.155300378799438477e-01
1.059823393821716309e+00
-9.291470527648925781e+00
-9.883079528808593750e+00
-1.091847324371337891e+01
1.408351182937622070e+00
9.872663021087646484e-01
-1.014262676239013672e+01
1.095950722694396973e+00
9.048144221305847168e-01
-9.768876075744628906e+00
-1.077145481109619141e+01
1.014683246612548828e+00
6.075141429901123047e-01
-9.506746292114257812e+00
-1.001216602325439453e+01
8.666614294052124023e-01
-2.593647480010986328e+00
-1.081489849090576172e+01
1.232609033584594727e+00
-6.896585971117019653e-02
4.283769726753234863e-01
1.013903021812438965e+00
-7.375318557024002075e-02
7.316105365753173828e-01
5.483537912368774414e-01
7.366952300071716309e-01
8.475285023450851440e-03
8.368380665779113770e-01
1.105746030807495117e+00
-9.272901535034179688e+00
9.211631417274475098e-01
4.224944710731506348e-01
1.129925847053527832e+00
7.175605297088623047e-01
1.466255307197570801e+00
5.029423832893371582e-01
-1.041163444519042969e+01
9.836143255233764648e-01
-1.771258473396301270e+00
-5.227613925933837891e+00
-9.837553977966308594e+00
8.916192054748535156e-01
8.935556411743164062e-01
4.330905973911285400e-01
-5.115088462829589844e+00
1.427494406700134277e+00
1.369536519050598145e+00
6.142899394035339355e-01
-2.220021724700927734e+00
-5.254180908203125000e+00
1.126526594161987305e+00
1.106561303138732910e+00
-9.598403930664062500e+00
1.388583898544311523e+00
-4.823740106076002121e-03
-1.110649776458740234e+01
7.425671219825744629e-01
1.042761921882629395e+00
-1.693629264831542969e+00
1.779795885086059570e-01
-9.402213096618652344e+00
-2.464294195175170898e+00
3.190235495567321777e-01
1.543799281120300293e+00
1.507357954978942871e+00
1.173416495323181152e+00
9.069923758506774902e-01
1.299763202667236328e+00
1.124902725219726562e+00
-9.082171440124511719e+00
-1.103009605407714844e+01
7.678686380386352539e-01
2.022201538085937500e+00
-8.882288932800292969e+00
4.415878653526306152e-02
5.475115776062011719e-01
-2.047310397028923035e-02
2.651601314544677734e+00
-3.868208646774291992e+00
-2.421319723129272461e+00
9.165700674057006836e-01
-2.977281212806701660e-01
-4.053114414215087891e+00
9.070825576782226562e+00
2.148985266685485840e-01
5.447717666625976562e+00
9.463668823242187500e+00
-5.371874809265136719e+00
5.702942848205566406e+00
2.275684356689453125e+01
-5.834612846374511719e+00
1.365265697240829468e-01
3.018459510803222656e+01
-2.175972366333007812e+01
1.266337156295776367e+00
2.535283470153808594e+01
-2.685915946960449219e+00
-6.432339191436767578e+00
-1.006748080253601074e-01
1.536085724830627441e+00
-5.047919750213623047e+00
-1.063195800781250000e+01
-4.757129192352294922e+00
9.116754531860351562e+00
9.009591102600097656e+00
4.209927558898925781e+00
-6.127241849899291992e-01
-2.557997131347656250e+01
1.069983100891113281e+01
1.449742221832275391e+01
3.807298421859741211e+00
-5.112475395202636719e+00
2.504440955817699432e-02
-5.038500785827636719e+00
-1.117568492889404297e+01
-1.009821128845214844e+01
-7.956676959991455078e+00
-2.206311672925949097e-01
1.697411775588989258e+00
-2.560250997543334961e+00
1.168374791741371155e-01
-2.705921173095703125e+00
-1.658318042755126953e-01
-1.150496673583984375e+01
2.305571937561035156e+01
7.045310020446777344e+00
3.689102172851562500e+00
1.892730522155761719e+01
-1.112447357177734375e+01
-1.108964729309082031e+01
1.521522903442382812e+01
9.894023895263671875e+00
4.224882602691650391e+00
2.116551637649536133e+00
-1.914529204368591309e+00
-1.140691566467285156e+01
-1.428681015968322754e+00
-3.247660696506500244e-01
-1.462800860404968262e+00
-4.381878674030303955e-02
1.585925102233886719e+01
-3.667410850524902344e+00
1.811410784721374512e+00
-1.863457870483398438e+01
5.665999889373779297e+00
-2.150656318664550781e+01
-1.028679847717285156e+01
3.539980411529541016e+00
4.946837425231933594e+00
-7.155399918556213379e-01
1.178857326507568359e+00
7.715928554534912109e+00
7.025609612464904785e-01
-4.633988857269287109e+00
8.049945831298828125e-01
1.324861335754394531e+01
2.939498722553253174e-01
2.327863693237304688e+00
-3.138350695371627808e-02
5.958494171500205994e-02
3.320433139801025391e+00
7.727808784693479538e-03
5.820589542388916016e+00
-8.474675178527832031e+00
-7.958592891693115234e+00
3.248506164550781250e+01
-2.827080011367797852e+00
-5.681824684143066406e-01
2.796525716781616211e+00
-4.200727213174104691e-03
-6.643383204936981201e-02
2.569464111328125000e+01
-7.691083526611328125e+01
-7.809512138366699219e+00
3.021456003189086914e+00
-1.572631263732910156e+01
-1.218148040771484375e+01
3.618407821655273438e+01
2.051134966313838959e-02
4.021754074096679688e+01
2.133099585771560669e-01
-2.002440579235553741e-02
4.679002761840820312e-01
2.579088592529296875e+01
2.114461517333984375e+01
-1.747231036424636841e-01
-2.872621726989746094e+01
-2.531137466430664062e+00
1.068873596191406250e+01
-7.747685164213180542e-02
-1.008611172437667847e-02
-5.624609947204589844e+00
-1.182709980010986328e+01
-7.963294506072998047e+00
8.980426937341690063e-02
3.468293845653533936e-01
-3.202494144439697266e+00
-3.222421646118164062e+01
2.904757738113403320e+00
1.049997520446777344e+01
-2.368058681488037109e+00
1.005696579813957214e-01
-1.690266370773315430e+00
4.282175064086914062e+01
1.320497095584869385e-01
-1.680206537246704102e+00
1.670509910583496094e+01
1.336685895919799805e+00
-3.079195737838745117e+00
2.633368596434593201e-02
2.046907806396484375e+01
-6.176303386688232422e+00
-3.371282339096069336e+00
5.677424743771553040e-02
5.993282794952392578e-01
4.923817634582519531e+00
1.058524227142333984e+01
-1.841788738965988159e-01
-2.646471023559570312e+00
3.630731582641601562e+00
3.030495882034301758e+00
-5.306091785430908203e+00
-1.166870966553688049e-01
1.227698624134063721e-01
1.886274337768554688e+01
-1.496290206909179688e+01
6.994201660156250000e+00
1.200080204010009766e+01
2.971101522445678711e+00
1.493108510971069336e+00
-1.770733594894409180e+00
-1.361057567596435547e+01
2.134461402893066406e+00
-3.049469709396362305e+00
-1.555031061172485352e+00
-4.322400093078613281e+00
7.481076568365097046e-02
-2.175235271453857422e+00
-2.015374183654785156e+01
3.377962112426757812e+01
-2.387279719114303589e-01
1.680177879333496094e+01
-3.546419382095336914e+00
-2.991134524345397949e-01
-9.483143806457519531e+00
1.649877429008483887e+00
-8.737514019012451172e-01
2.125283718109130859e+00
2.406997299194335938e+01
7.760309427976608276e-02
-1.148684597015380859e+01
6.794729083776473999e-02
9.216363728046417236e-02
-1.356634736061096191e+00
-1.611893415451049805e+00
9.391984343528747559e-02
-8.391513824462890625e+00
-7.391555905342102051e-01
3.468480682373046875e+01
-2.268605947494506836e+00
5.458753108978271484e+00
3.826485872268676758e-01
1.150230312347412109e+01
8.917661011219024658e-02
2.426474094390869141e+00
-7.939739823341369629e-01
-2.604466676712036133e+00
9.291931152343750000e+00
-3.614723920822143555e+00
-2.041894197463989258e+00
-5.700500488281250000e+01
1.022215843200683594e+00
