-1.110178381204605103e-01
-6.404691189527511597e-02
-3.472630307078361511e-02
5.757381767034530640e-02
2.380023710429668427e-02
-3.755758330225944519e-02
-1.262267082929611206e-01
2.248718403279781342e-02
1.528583616018295288e-01
3.008358180522918701e-02
1.358986794948577881e-01
-2.870492041110992432e-01
-4.116784781217575073e-02
3.394935652613639832e-02
1.498910486698150635e-01
-2.053129523992538452e-01
-2.358912378549575806e-01
-2.380647510290145874e-01
-2.739777863025665283e-01
-5.531138777732849121e-01
1.900251507759094238e-01
4.399759173393249512e-01
-9.234782308340072632e-02
-8.318238705396652222e-02
-3.251302242279052734e-02
8.335007727146148682e-02
-9.231493622064590454e-02
-4.001761972904205322e-02
-3.696628287434577942e-02
1.614911668002605438e-02
4.130972549319267273e-02
7.047601044178009033e-02
4.647789523005485535e-02
3.145188093185424805e-02
