-3.216513898223638535e-03
-3.681509196758270264e-02
-1.220298744738101959e-02
-1.617027912288904190e-03
1.393984537571668625e-02
6.511621922254562378e-02
-1.866684854030609131e-02
1.495311874896287918e-02
1.695515238679945469e-03
4.966637492179870605e-02
-1.810692809522151947e-02
8.095690049231052399e-03
-5.969951674342155457e-02
1.302021648734807968e-02
1.627364940941333771e-02
-1.022068187594413757e-01
7.420878857374191284e-02
1.349420845508575439e-01
-4.589261114597320557e-02
4.413990303874015808e-02
-1.031710952520370483e-01
-1.317373011261224747e-02
9.164511412382125854e-02
7.662166655063629150e-02
-4.886841401457786560e-02
2.304806187748908997e-02
7.695266604423522949e-02
-1.896598190069198608e-02
3.843598533421754837e-04
6.019672378897666931e-03
-5.270219594240188599e-02
2.193814888596534729e-02
2.815686911344528198e-02
1.021692827343940735e-01
-2.577356249094009399e-02
-3.300207480788230896e-02
3.710697963833808899e-02
-9.558484889566898346e-03
7.157140225172042847e-02
9.687720984220504761e-02
5.270805954933166504e-02
-9.535519406199455261e-03
-4.695527721196413040e-03
-7.176928967237472534e-02
2.276638150215148926e-02
-1.286438107490539551e-02
3.411663696169853210e-02
5.092895403504371643e-02
9.434507042169570923e-02
-8.219864219427108765e-03
7.785508781671524048e-02
-9.568721288815140724e-04
-5.661578476428985596e-02
4.558638110756874084e-02
4.033133387565612793e-03
-2.206401713192462921e-02
2.728127129375934601e-02
-5.548281222581863403e-02
2.653097175061702728e-02
-9.699334949254989624e-02
5.526532232761383057e-02
-2.562293037772178650e-02
5.914328992366790771e-02
-4.060902819037437439e-02
3.569001331925392151e-03
-5.110055953264236450e-02
4.742697626352310181e-02
5.162818729877471924e-02
-2.416952699422836304e-02
-5.139179062098264694e-03
1.063737124204635620e-01
2.502713352441787720e-03
9.063385426998138428e-02
-1.704478636384010315e-02
7.225248846225440502e-04
2.943891659379005432e-02
5.950993672013282776e-02
-7.351520657539367676e-02
3.991206362843513489e-02
1.893013156950473785e-02
2.281092107295989990e-02
-1.489316970109939575e-01
5.125351250171661377e-02
1.756948791444301605e-02
2.874064259231090546e-02
7.747432589530944824e-02
-3.766471892595291138e-02
4.613094404339790344e-02
-3.251429274678230286e-02
3.735295683145523071e-02
3.522850945591926575e-02
-2.269084565341472626e-02
-3.740491718053817749e-02
-8.782371133565902710e-02
1.865848153829574585e-02
-5.371541529893875122e-02
6.102034077048301697e-02
3.261571750044822693e-02
4.549704119563102722e-02
9.420142509043216705e-03
1.279109269380569458e-01
-9.734221734106540680e-03
6.793072074651718140e-02
-5.455512553453445435e-02
-3.053917177021503448e-02
6.484036147594451904e-02
-3.849364444613456726e-02
-1.323906779289245605e-01
-1.111457273364067078e-01
-4.038890451192855835e-02
2.062152326107025146e-02
-2.302438579499721527e-02
7.629464566707611084e-02
-1.423323620110750198e-02
1.511101722717285156e-01
-7.138765603303909302e-02
1.471649948507547379e-02
1.352802943438291550e-02
5.571502819657325745e-02
4.277166724205017090e-02
-6.840690225362777710e-02
-5.993874371051788330e-02
2.930048108100891113e-02
-5.774876475334167480e-02
-3.718113526701927185e-02
-1.945928186178207397e-01
3.254331648349761963e-02
2.866115421056747437e-03
-5.742201581597328186e-02
-1.080522015690803528e-01
2.141707576811313629e-02
2.436002194881439209e-01
3.824478015303611755e-02
-8.999337255954742432e-02
9.962103515863418579e-02
-3.381490334868431091e-02
-4.136598110198974609e-02
-9.444847702980041504e-02
5.598159506916999817e-02
3.054911084473133087e-02
-8.404588699340820312e-02
-1.976854540407657623e-02
-2.841832302510738373e-02
-3.925949335098266602e-03
3.807781962677836418e-03
5.934300273656845093e-02
2.445097267627716064e-02
1.743867807090282440e-02
-7.027348875999450684e-02
-5.043736193329095840e-03
-2.344515174627304077e-02
1.141372881829738617e-02
-1.371052488684654236e-02
-5.910299718379974365e-02
-4.583568312227725983e-03
3.571762889623641968e-02
-2.607681788504123688e-02
-3.470890969038009644e-02
-4.396649077534675598e-03
-6.080851331353187561e-02
-9.432831779122352600e-03
-2.367301657795906067e-02
-9.349297732114791870e-03
-8.053524419665336609e-03
-4.050274938344955444e-02
5.413146689534187317e-02
-5.664557591080665588e-02
1.502597630023956299e-01
9.253027290105819702e-02
4.623073339462280273e-02
-6.834425497800111771e-03
-2.869076561182737350e-03
-3.885364904999732971e-02
-9.343892452307045460e-05
-4.870480671525001526e-02
6.501118838787078857e-02
6.353744864463806152e-02
4.555165395140647888e-02
-5.864018574357032776e-02
-2.267393097281455994e-02
-6.958111375570297241e-02
-4.767125099897384644e-02
9.236056357622146606e-02
-1.238531097769737244e-01
-6.384409964084625244e-02
4.869683831930160522e-02
1.485877186059951782e-01
-2.604557760059833527e-02
3.957894816994667053e-02
-4.656095504760742188e-01
3.694988787174224854e-02
-4.081876948475837708e-03
-7.526455447077751160e-04
-3.230520337820053101e-02
-9.010237641632556915e-03
3.074035234749317169e-02
-1.067682355642318726e-01
-9.925106912851333618e-02
-2.547316849231719971e-01
6.359241902828216553e-02
