2.798996925354003906e+00
4.031233787536621094e-01
1.015895652770996094e+01
9.550094604492187500e+00
8.241750717163085938e+00
1.458921551704406738e+00
1.253714680671691895e+00
1.625885367393493652e+00
1.939903140068054199e+00
9.683597564697265625e+00
1.379566073417663574e+00
1.070708751678466797e+00
9.252185821533203125e+00
1.175051927566528320e+00
8.357225656509399414e-01
2.409394502639770508e+00
1.159721374511718750e+00
-9.367258846759796143e-02
1.039891123771667480e+00
9.642984390258789062e+00
6.400749552994966507e-04
-3.802765533328056335e-02
2.171525716781616211e+00
-2.467857599258422852e-01
1.071467518806457520e+00
5.943288803100585938e-01
1.084555149078369141e+01
1.900435209274291992e+00
2.390565395355224609e+00
2.112983465194702148e+00
1.521521091461181641e+00
1.635725259780883789e+00
6.758322715759277344e-01
1.219398260116577148e+00
2.687703132629394531e+00
-1.686584204435348511e-01
4.583811759948730469e-01
7.839382886886596680e-01
2.345890283584594727e+00
1.220941662788391113e+00
1.141202163696289062e+01
1.329566955566406250e+00
2.136810541152954102e+00
1.083764553070068359e+00
1.248572826385498047e+00
9.699622154235839844e+00
1.130878806114196777e+00
1.556275248527526855e+00
1.008828067779541016e+01
1.543439269065856934e+00
1.080674934387207031e+01
6.326305866241455078e-01
1.482564359903335571e-01
7.898143529891967773e-01
1.117706298828125000e+00
-1.764287613332271576e-02
8.230184316635131836e-01
2.926359474658966064e-01
3.389794528484344482e-01
9.688686728477478027e-01
1.024568676948547363e+00
4.566905975341796875e+00
2.827191591262817383e+00
3.813186883926391602e-01
2.387079954147338867e+00
9.295421600341796875e+00
1.329060912132263184e+00
9.129457473754882812e+00
2.030172795057296753e-01
1.801026225090026855e+00
1.133146762847900391e+00
3.175933063030242920e-01
1.202304005622863770e+00
-3.519742190837860107e-02
1.920712351799011230e+00
2.841965198516845703e+00
1.191311359405517578e+00
4.273337364196777344e+00
8.434731364250183105e-01
8.148416280746459961e-01
1.279988527297973633e+00
7.824211716651916504e-01
1.707236647605895996e+00
4.251142144203186035e-01
9.863724708557128906e+00
1.388749957084655762e+00
9.991369247436523438e+00
9.680873870849609375e+00
1.230636000633239746e+00
8.751438140869140625e+00
1.462837338447570801e+00
3.720724821090698242e+00
9.152932167053222656e-01
-1.348293125629425049e-01
1.427050590515136719e+00
8.417485237121582031e+00
8.923690319061279297e-01
9.935355186462402344e+00
8.998846054077148438e+00
-1.061698123812675476e-01
-2.483381628990173340e-01
1.836176753044128418e+00
9.893317818641662598e-01
2.584256231784820557e-01
1.531420946121215820e+00
-2.036004811525344849e-01
1.052011299133300781e+01
-5.703581124544143677e-02
9.832665443420410156e+00
2.577176809310913086e+00
9.372751235961914062e+00
-1.540919393301010132e-01
-6.327269971370697021e-02
2.770152568817138672e+00
-2.605514600872993469e-02
1.317095994949340820e+00
3.367096185684204102e-01
9.333065986633300781e+00
9.747732162475585938e+00
1.360484004020690918e+00
9.462540149688720703e-01
1.765854001045227051e+00
9.091604232788085938e+00
9.243056297302246094e+00
1.109621763229370117e+00
-2.663367986679077148e-01
2.913496017456054688e+00
9.563999176025390625e-01
9.999399781227111816e-01
8.756529808044433594e+00
1.664735436439514160e+00
-2.644940912723541260e-01
9.560585975646972656e+00
1.396110534667968750e+00
3.024610280990600586e-01
1.362659811973571777e+00
1.105372786521911621e+00
1.042012405395507812e+01
5.824022889137268066e-01
7.910847067832946777e-01
1.470861315727233887e+00
1.019979667663574219e+01
1.050745391845703125e+01
1.528777122497558594e+00
7.062336802482604980e-01
1.025996494293212891e+01
1.265898346900939941e+00
1.071646571159362793e+00
1.702192544937133789e+00
1.012661218643188477e+00
8.723387718200683594e+00
9.429457664489746094e+00
1.055564135313034058e-01
9.373596310615539551e-01
7.576436996459960938e-01
2.519260644912719727e+00
1.222922801971435547e+00
3.436316967010498047e+00
1.122268080711364746e+00
2.200494408607482910e-01
3.182434320449829102e+00
1.354834437370300293e+00
9.352424621582031250e+00
9.624984264373779297e-01
9.388702392578125000e+00
2.211473464965820312e+00
-1.205838099122047424e-01
-3.425460159778594971e-01
1.060037517547607422e+01
1.180267557501792908e-01
1.667185664176940918e+00
1.874553680419921875e+00
1.277158141136169434e+00
2.030352115631103516e+00
4.490277767181396484e+00
1.459266901016235352e+00
1.701630055904388428e-01
9.286084175109863281e+00
1.760962963104248047e+00
9.722740173339843750e+00
1.020650196075439453e+01
1.901906490325927734e+00
2.598731517791748047e+00
9.930573463439941406e+00
1.320145487785339355e+00
1.550349116325378418e+00
-5.713137611746788025e-02
3.099167108535766602e+00
1.750511646270751953e+00
4.835719585418701172e+00
6.634909510612487793e-01
1.001170921325683594e+01
1.704322934150695801e+00
2.697278976440429688e+00
1.909666538238525391e+00
1.652933120727539062e+00
1.379268646240234375e+00
5.066781520843505859e+00
-2.333071082830429077e-01
2.559585571289062500e+00
1.030059099197387695e+00
-2.972378432750701904e-01
-9.456119537353515625e+00
-8.576151728630065918e-02
4.025660157203674316e-01
1.243539571762084961e+00
8.442513346672058105e-01
7.086453437805175781e-01
8.567142486572265625e-02
-9.816354751586914062e+00
1.191163182258605957e+00
1.010645389556884766e+00
9.655233025550842285e-01
1.276685237884521484e+00
8.253168463706970215e-01
1.201334476470947266e+00
8.788084983825683594e-01
-4.106700897216796875e+00
2.524766027927398682e-01
9.779936075210571289e-01
-1.043793678283691406e+01
-2.323230981826782227e+00
1.211088299751281738e+00
-1.006931209564208984e+01
1.220055341720581055e+00
1.129003286361694336e+00
-9.770464897155761719e+00
1.367236495018005371e+00
9.903985857963562012e-01
-4.344704627990722656e+00
1.471660375595092773e+00
-2.212108373641967773e+00
8.447981476783752441e-01
-4.388958588242530823e-02
4.791399836540222168e-01
-4.738462448120117188e+00
9.497258812189102173e-02
-3.265986442565917969e+00
9.483177065849304199e-01
1.028272360563278198e-01
-9.861610412597656250e+00
5.778381824493408203e-01
-4.236957073211669922e+00
6.043124794960021973e-01
-4.516699314117431641e-01
-9.356187820434570312e+00
-5.580379962921142578e-01
2.833234369754791260e-01
1.380597352981567383e+00
1.204209446907043457e+00
-9.902008056640625000e+00
-3.065956830978393555e+00
-1.001315402984619141e+01
1.196854233741760254e+00
-9.712736129760742188e+00
-2.980380773544311523e+00
-5.586971759796142578e+00
-2.257888615131378174e-01
5.005092546343803406e-02
-4.829351902008056641e-01
1.338297367095947266e+00
9.379756450653076172e-01
-9.112649917602539062e+00
8.087157011032104492e-01
-2.264474630355834961e-01
-6.459673643112182617e-01
1.278439521789550781e+00
1.384711265563964844e+00
-5.487750172615051270e-01
1.498784422874450684e+00
1.320649147033691406e+00
-3.364648818969726562e+00
-1.395722866058349609e+00
-1.951851963996887207e+00
-4.390986442565917969e+00
1.054151654243469238e+00
1.220451712608337402e+00
-3.597287088632583618e-02
-3.635616898536682129e-01
1.190392732620239258e+00
9.154658317565917969e-01
-3.539675176143646240e-01
-3.181966304779052734e+00
5.244098305702209473e-01
-9.955176353454589844e+00
1.328859090805053711e+00
1.445556163787841797e+00
-9.876023292541503906e+00
1.181460142135620117e+00
1.149865746498107910e+00
-9.207324981689453125e+00
1.216652989387512207e+00
-2.562690258026123047e+00
-2.574380874633789062e+00
1.259446501731872559e+00
1.040078759193420410e+00
1.086731791496276855e+00
9.017457365989685059e-01
1.148819923400878906e+00
-3.344421148300170898e+00
-7.342090129852294922e+00
-3.722646534442901611e-01
1.293899774551391602e+00
-6.462236046791076660e-01
-3.511389493942260742e+00
-8.487996459007263184e-01
1.000675201416015625e+00
-1.038278007507324219e+01
-9.223351478576660156e+00
1.850418895483016968e-01
-1.022771835327148438e+01
-1.986560940742492676e+00
3.094119727611541748e-01
5.511395335197448730e-01
-6.328987598419189453e+00
1.418415546417236328e+00
7.499698400497436523e-01
1.192583680152893066e+00
-1.068177700042724609e+01
3.840408921241760254e-01
-2.459826469421386719e-01
1.502522110939025879e+00
-9.941840171813964844e+00
-1.010758304595947266e+01
1.053030014038085938e+00
-1.374449133872985840e+00
1.565646648406982422e+00
-2.273006588220596313e-01
1.084205746650695801e+00
-9.322670936584472656e+00
-9.922057151794433594e+00
-1.079524326324462891e+01
1.424447059631347656e+00
9.352976083755493164e-01
-1.006832313537597656e+01
1.187448143959045410e+00
8.718146681785583496e-01
-9.735856056213378906e+00
-1.075167274475097656e+01
1.001698851585388184e+00
5.904166102409362793e-01
-9.520848274230957031e+00
-1.000106143951416016e+01
8.969709873199462891e-01
-2.550563812255859375e+00
-1.079852676391601562e+01
1.294963002204895020e+00
-9.812244027853012085e-02
3.419279456138610840e-01
1.036806583404541016e+00
-1.920756995677947998e-01
7.751408815383911133e-01
6.211490631103515625e-01
6.884353756904602051e-01
5.781788844615221024e-03
9.334887266159057617e-01
1.129353404045104980e+00
-9.278748512268066406e+00
8.329252004623413086e-01
4.680309295654296875e-01
1.238448023796081543e+00
7.262787222862243652e-01
1.462345123291015625e+00
4.515480995178222656e-01
-1.031229400634765625e+01
1.015733718872070312e+00
-1.751200914382934570e+00
-5.227303028106689453e+00
-9.818379402160644531e+00
9.541084766387939453e-01
8.767330050468444824e-01
4.290304481983184814e-01
-5.128419399261474609e+00
1.413625478744506836e+00
1.312903523445129395e+00
5.746364593505859375e-01
-2.297221183776855469e+00
-5.271060466766357422e+00
1.108480572700500488e+00
1.125244617462158203e+00
-9.679113388061523438e+00
1.463958263397216797e+00
-2.045860746875405312e-03
-1.110670280456542969e+01
7.452421784400939941e-01
1.052999377250671387e+00
-1.636639475822448730e+00
2.649318277835845947e-01
-9.391509056091308594e+00
-2.420626401901245117e+00
3.801598846912384033e-01
1.534716010093688965e+00
1.511720657348632812e+00
1.163512945175170898e+00
9.609318375587463379e-01
1.226089954376220703e+00
1.107799887657165527e+00
-9.044768333435058594e+00
-1.103256130218505859e+01
7.531152367591857910e-01
-1.824348330497741699e+00
6.551159858703613281e+00
-1.591124832630157471e-01
3.023136854171752930e-01
1.768404804170131683e-02
-1.649890542030334473e+00
3.675390243530273438e+00
1.700779438018798828e+00
-9.375315308570861816e-01
-6.893728673458099365e-02
3.175393581390380859e+00
-7.779845237731933594e+00
1.795442402362823486e-02
-4.068820953369140625e+00
-7.257241725921630859e+00
4.917425155639648438e+00
-4.567300319671630859e+00
-1.250946426391601562e+01
5.173516273498535156e+00
1.134682223200798035e-01
-1.357708644866943359e+01
1.171389102935791016e+01
-1.249545097351074219e+00
-1.248787498474121094e+01
1.932242989540100098e+00
5.119125366210937500e+00
-9.179509431123733521e-02
-1.238641500473022461e+00
4.729643344879150391e+00
5.745867729187011719e+00
2.788939714431762695e+00
-4.928120136260986328e+00
-6.572611331939697266e+00
-3.287548780441284180e+00
5.543605089187622070e-01
1.325304698944091797e+01
-7.458457469940185547e+00
-7.430618286132812500e+00
-3.305512905120849609e+00
4.692204475402832031e+00
-1.707010269165039062e-01
4.529178619384765625e+00
6.263177394866943359e+00
7.009265899658203125e+00
6.385427474975585938e+00
-1.409539487212896347e-02
-1.190500497817993164e+00
1.611546635627746582e+00
-1.188929975032806396e-01
2.094569444656372070e+00
-8.270879089832305908e-02
8.144574165344238281e+00
-1.376294517517089844e+01
-4.761461734771728516e+00
-3.255581617355346680e+00
-1.066444206237792969e+01
9.150275230407714844e+00
7.337562084197998047e+00
-9.363850593566894531e+00
-7.704069137573242188e+00
-3.464419603347778320e+00
-2.164911985397338867e+00
1.374099016189575195e+00
7.940533161163330078e+00
1.280455112457275391e+00
-2.285474091768264771e-01
1.363217234611511230e+00
-1.285801380872726440e-01
-9.471540451049804688e+00
2.074945688247680664e+00
-9.174739122390747070e-01
1.231543159484863281e+01
-4.480339050292968750e+00
1.142396545410156250e+01
5.787848949432373047e+00
-3.613162040710449219e+00
-3.821585178375244141e+00
7.209991812705993652e-01
-4.824227690696716309e-01
-4.900018215179443359e+00
-3.168547451496124268e-01
4.203039646148681641e+00
-9.376487731933593750e-01
-9.366969108581542969e+00
2.517476677894592285e-01
-1.829959154129028320e+00
1.301318705081939697e-01
3.181129992008209229e-01
-3.067695617675781250e+00
1.865223050117492676e-02
-4.567237377166748047e+00
4.264620304107666016e+00
5.571728229522705078e+00
-1.402242183685302734e+01
2.112361907958984375e+00
-6.298615932464599609e-01
-1.752682328224182129e+00
3.489569425582885742e-01
8.918601274490356445e-02
-1.241431140899658203e+01
3.135630416870117188e+01
5.178143501281738281e+00
-2.226467132568359375e+00
1.003330516815185547e+01
6.302283763885498047e+00
-1.521043968200683594e+01
-8.977724611759185791e-02
-2.007801628112792969e+01
-2.219947986304759979e-02
-5.208230763673782349e-02
3.504888713359832764e-01
-1.328817558288574219e+01
-9.137970924377441406e+00
3.397226929664611816e-01
1.540861606597900391e+01
1.775361776351928711e+00
-7.192947387695312500e+00
-8.396417833864688873e-03
-3.038347661495208740e-01
4.849116325378417969e+00
7.993671894073486328e+00
4.480905055999755859e+00
-1.312028318643569946e-01
3.489897251129150391e-01
2.758794069290161133e+00
1.415873718261718750e+01
-2.041183471679687500e+00
-8.651503562927246094e+00
1.612594008445739746e+00
-2.508817911148071289e-01
3.993272781372070312e-01
-1.680292320251464844e+01
-1.942279636859893799e-01
1.129898905754089355e+00
-1.120578861236572266e+01
-6.142017841339111328e-01
2.497106313705444336e+00
1.217166408896446228e-01
-1.519080162048339844e+01
5.003612995147705078e+00
3.151650428771972656e+00
-1.236042156815528870e-01
4.191783368587493896e-01
-4.416664123535156250e+00
-6.885347366333007812e+00
1.461205780506134033e-01
2.567034721374511719e+00
-2.277114868164062500e+00
-2.486546277999877930e+00
4.268358707427978516e+00
-7.361624836921691895e-01
4.976888000965118408e-02
-1.007065963745117188e+01
6.499635219573974609e+00
-5.000019550323486328e+00
-7.335978507995605469e+00
-2.838937997817993164e+00
-1.532103896141052246e+00
6.561796665191650391e-01
8.548418998718261719e+00
-1.848561644554138184e+00
2.494876146316528320e+00
-1.897858262062072754e+00
3.722028493881225586e+00
3.425752222537994385e-01
2.388730525970458984e+00
1.004186630249023438e+01
-1.413768005371093750e+01
-2.831386327743530273e-01
-7.006373405456542969e+00
3.272847890853881836e+00
3.089587390422821045e-01
8.047084808349609375e+00
-1.162960290908813477e+00
1.096108462661504745e-03
-2.192519187927246094e+00
-1.570538902282714844e+01
-7.674577832221984863e-02
6.717662334442138672e+00
3.613406419754028320e-02
-3.129005730152130127e-01
1.213417053222656250e+00
1.689101219177246094e+00
2.149904333055019379e-02
6.719382286071777344e+00
6.380376815795898438e-01
-1.478390693664550781e+01
1.714095950126647949e+00
-4.589201450347900391e+00
-4.456160068511962891e-01
-7.565207958221435547e+00
-9.590409696102142334e-02
-1.953702092170715332e+00
8.531612157821655273e-01
2.168830633163452148e+00
-5.741824150085449219e+00
1.864018797874450684e+00
1.818485021591186523e+00
2.042952728271484375e+01
-8.519504070281982422e-01
