1.222192682325839996e-02
-5.599722499027848244e-04
4.789264500141143799e-02
-5.079184845089912415e-02
-5.437253043055534363e-02
-1.584137207828462124e-03
1.006666850298643112e-02
1.006415486335754395e-02
-1.989316754043102264e-02
4.387226328253746033e-02
1.105046248994767666e-03
4.581448156386613846e-03
4.875345900654792786e-02
-2.074035815894603729e-02
-3.510161535814404488e-03
3.495056182146072388e-03
2.815300133079290390e-03
7.661414798349142075e-03
1.457812916487455368e-02
4.933670535683631897e-02
9.268884547054767609e-03
-2.239074558019638062e-03
3.987323492765426636e-03
-4.060387145727872849e-03
2.285562269389629364e-02
-2.288405084982514381e-03
5.957325175404548645e-02
2.136005461215972900e-02
2.319972409168258309e-04
1.256059203296899796e-02
1.027086190879344940e-02
1.610172167420387268e-02
-8.155642077326774597e-03
9.209947660565376282e-03
4.062510281801223755e-02
1.454626210033893585e-03
-1.218311837874352932e-03
4.523597890511155128e-04
3.087886981666088104e-02
4.074269440025091171e-03
-5.933901295065879822e-02
5.456957966089248657e-03
8.978622034192085266e-03
-6.620492786169052124e-03
1.089303381741046906e-02
4.011307284235954285e-02
8.759223856031894684e-03
8.053287456277757883e-05
5.314975976943969727e-02
4.143670666962862015e-03
6.138440221548080444e-02
2.554730745032429695e-03
7.356322370469570160e-03
1.146522164344787598e-02
5.768769915448501706e-05
1.035809051245450974e-03
-5.082391202449798584e-03
-1.245615421794354916e-03
-4.451508866623044014e-04
-5.001882556825876236e-03
-9.534315206110477448e-03
1.297028939006850123e-04
1.131924800574779510e-02
7.010346162132918835e-04
-2.033748291432857513e-02
4.727908223867416382e-02
-5.955969914793968201e-03
4.908115416765213013e-02
1.400402743456652388e-05
2.185164391994476318e-02
-1.929763704538345337e-02
6.360441446304321289e-03
8.799212984740734100e-03
3.678596578538417816e-03
1.327565964311361313e-02
-1.179596642032265663e-03
-1.774652861058712006e-02
1.203556805849075317e-01
-2.333086170256137848e-02
-1.575069129467010498e-02
7.925877347588539124e-03
3.165184753015637398e-03
-1.704874262213706970e-02
6.336516700685024261e-03
4.389767348766326904e-02
-2.319969050586223602e-02
-4.924005642533302307e-02
-3.721909224987030029e-02
1.635292731225490570e-02
-5.082904547452926636e-02
-4.477079492062330246e-03
6.592291593551635742e-02
1.462091226130723953e-02
7.373846136033535004e-03
9.603505954146385193e-03
-4.049156233668327332e-02
-8.419647812843322754e-03
-3.960713371634483337e-02
4.986792802810668945e-02
5.018680822104215622e-04
-2.344787819311022758e-03
6.833007093518972397e-03
3.889633808284997940e-03
-1.512415939942002296e-03
9.263589046895503998e-03
-1.258091442286968231e-02
-5.050655826926231384e-02
5.499319173395633698e-03
4.013940319418907166e-02
-4.755051806569099426e-02
-4.428494349122047424e-02
1.077630673535168171e-03
4.593378398567438126e-04
3.085637465119361877e-02
1.049672067165374756e-02
4.626225214451551437e-03
-2.375449053943157196e-03
4.266129434108734131e-02
5.109658092260360718e-02
-1.521286554634571075e-03
2.783979848027229309e-02
1.015966571867465973e-02
-3.908317163586616516e-02
-3.138042241334915161e-02
-9.146500378847122192e-03
-7.216060999780893326e-03
1.896165683865547180e-02
-3.675306448712944984e-03
-7.713600993156433105e-03
-2.299951575696468353e-02
3.330799518153071404e-03
-1.089094113558530807e-02
-4.510013014078140259e-02
9.353387169539928436e-03
-5.201913416385650635e-03
6.379453931003808975e-03
2.017602510750293732e-02
-5.034536495804786682e-02
-2.760101575404405594e-03
7.709987461566925049e-03
-8.006534539163112640e-03
-4.841375350952148438e-02
-3.885336965322494507e-02
2.422509156167507172e-02
1.058147568255662918e-02
-4.402432963252067566e-02
7.813696749508380890e-03
-1.372129190713167191e-02
-9.196496568620204926e-03
2.967401640489697456e-03
-1.209392864257097244e-02
4.779068008065223694e-02
-2.682341495528817177e-03
-7.658178452402353287e-03
7.988835684955120087e-03
5.673063546419143677e-02
-3.390802070498466492e-03
-2.151189558207988739e-02
1.879637874662876129e-02
2.486930927261710167e-03
-1.132888137362897396e-03
-2.035889774560928345e-03
4.656568914651870728e-02
4.875733051449060440e-03
4.677171260118484497e-02
1.524819526821374893e-02
5.460712127387523651e-03
1.903200405649840832e-03
-5.186777561902999878e-02
1.812555128708481789e-03
1.146915461868047714e-02
1.412354502826929092e-02
7.617439609020948410e-03
-4.920222330838441849e-03
-2.704019099473953247e-02
1.276785973459482193e-02
4.511806182563304901e-03
4.979182779788970947e-02
1.302934065461158752e-02
-5.844719335436820984e-02
4.926946386694908142e-02
2.660520933568477631e-02
-1.918721199035644531e-02
-4.462511837482452393e-02
1.557269971817731857e-02
-1.032958272844552994e-02
-8.114382624626159668e-03
2.433809079229831696e-02
1.452111639082431793e-02
-2.891928190365433693e-03
5.800268147140741348e-03
4.859983921051025391e-02
-3.194607779732905328e-05
-1.082646846771240234e-02
-1.917130686342716217e-02
1.086709555238485336e-02
-1.641887123696506023e-03
1.616594195365905762e-02
-1.324108056724071503e-02
-6.046141963452100754e-03
1.074182894080877304e-02
-3.000586107373237610e-02
-3.565917909145355225e-02
3.438293933868408203e-02
2.604801207780838013e-03
-2.378765493631362915e-03
1.480281935073435307e-03
-3.672937676310539246e-02
2.526202937588095665e-03
-5.368864536285400391e-02
-3.890988649800419807e-03
-6.217998452484607697e-03
-2.066337270662188530e-03
7.254692260175943375e-03
-1.215175958350300789e-03
1.979773165658116341e-03
-4.527728073298931122e-03
-9.924243204295635223e-03
7.137908134609460831e-03
-2.416652860119938850e-04
4.482569918036460876e-02
-7.086586207151412964e-03
-4.034489858895540237e-03
4.812020808458328247e-02
-9.910088032484054565e-03
-5.021095275878906250e-03
4.738651961088180542e-02
2.282979432493448257e-03
-2.989551750943064690e-03
-1.477086097002029419e-01
-1.125549897551536560e-02
-1.086620092391967773e-01
1.462688553147017956e-03
-9.635293390601873398e-04
2.349455142393708229e-03
2.532923780381679535e-02
7.161245215684175491e-03
-1.370751857757568359e-01
-6.639116443693637848e-03
-1.023283414542675018e-02
-5.916155129671096802e-02
-2.563146641477942467e-03
-1.409236639738082886e-01
-2.162372460588812828e-03
-2.814530581235885620e-02
3.272831439971923828e-02
-4.223360866308212280e-02
-2.668122574687004089e-02
-8.223324402933940291e-05
-2.561647212132811546e-03
4.899951815605163574e-02
-4.388916306197643280e-03
-4.631812497973442078e-02
2.593571785837411880e-03
-3.895757347345352173e-02
-1.921079866588115692e-02
5.979826301336288452e-02
1.054804306477308273e-02
-3.093041013926267624e-03
-1.957957819104194641e-02
-6.948700640350580215e-03
5.493032280355691910e-03
5.055689439177513123e-02
-3.564807120710611343e-03
-3.093641949817538261e-03
-2.182548632845282555e-03
-2.240585628896951675e-03
-8.320229128003120422e-03
-8.371092379093170166e-03
-1.570438384078443050e-03
8.841713424772024155e-04
8.390912786126136780e-03
-9.132223576307296753e-02
-1.838608831167221069e-02
-1.484067142009735107e-01
3.829810302704572678e-03
3.758492646738886833e-03
1.776075921952724457e-02
3.414532169699668884e-02
5.189679795876145363e-04
2.128809923306107521e-03
1.841375790536403656e-02
-5.274408310651779175e-02
7.430463097989559174e-03
4.569819942116737366e-02
-6.664745043963193893e-03
3.403662049095146358e-05
4.254524409770965576e-02
1.078086905181407928e-03
-3.151225158944725990e-03
-3.785577043890953064e-02
-7.052639499306678772e-03
-1.165175735950469971e-01
1.391700375825166702e-02
-1.626157783903181553e-03
1.251515746116638184e-02
-1.282181683927774429e-02
-1.156834512948989868e-02
-2.784619806334376335e-03
-5.267660319805145264e-02
-1.509400550276041031e-02
-6.368508934974670410e-02
5.016987677663564682e-03
2.869025617837905884e-02
-1.459715515375137329e-01
-4.253165423870086670e-02
-7.155208149924874306e-04
-7.580740004777908325e-02
-4.410710930824279785e-02
9.512676857411861420e-03
5.426907539367675781e-02
-6.298046559095382690e-03
1.265176251763477921e-04
-5.665277130901813507e-03
1.369735449552536011e-01
9.387784637510776520e-03
-4.482980351895093918e-03
1.134986378019675612e-04
5.831265449523925781e-02
1.252496708184480667e-02
4.985563457012176514e-03
-2.039307355880737305e-02
4.665926098823547363e-02
4.971475154161453247e-02
6.987644825130701065e-03
1.750600058585405350e-03
6.375821307301521301e-03
-2.376535907387733459e-03
-2.744206925854086876e-03
4.020008817315101624e-02
5.108491703867912292e-02
-4.217753559350967407e-02
-3.230682807043194771e-03
5.765750072896480560e-03
4.283243045210838318e-02
2.785328077152371407e-03
1.641700509935617447e-03
-4.815568402409553528e-02
5.921112000942230225e-02
-6.175477523356676102e-03
-2.297044266015291214e-03
3.660629317164421082e-02
2.919867075979709625e-02
9.411564096808433533e-04
-1.075685545802116394e-01
5.976387485861778259e-02
1.218149671331048012e-03
-4.347622860223054886e-03
8.282925933599472046e-03
-7.103579584509134293e-03
-2.809290587902069092e-02
-1.834477414377033710e-03
-2.215963759226724505e-04
-4.209840670228004456e-02
6.185831967741250992e-03
5.996877327561378479e-03
2.326322952285408974e-03
4.149495437741279602e-02
1.961673144251108170e-03
-1.016006618738174438e-02
5.585743580013513565e-03
-5.544770974665880203e-04
1.731282286345958710e-02
3.829531604424118996e-03
5.960036814212799072e-02
4.430252127349376678e-03
1.083844900131225586e-02
-2.903532609343528748e-02
-4.752841219305992126e-02
4.969068802893161774e-03
-4.625625442713499069e-03
8.278536261059343815e-04
8.704211562871932983e-02
2.892674179747700691e-03
-1.257819822058081627e-03
2.561031433288007975e-04
-1.085188053548336029e-02
-1.536765694618225098e-01
-3.064374625682830811e-02
5.389244761317968369e-03
-4.947945103049278259e-02
-2.899851417168974876e-03
-2.342072688043117523e-02
6.114216893911361694e-02
5.457057151943445206e-03
2.897378988564014435e-03
-1.374704297631978989e-02
2.829377725720405579e-02
-4.744557663798332214e-02
1.398428063839673996e-02
-5.416773259639739990e-02
2.083190483972430229e-03
-4.519066307693719864e-03
1.241494435817003250e-03
8.977539255283772945e-04
-1.056795101612806320e-02
1.030973717570304871e-02
6.098909303545951843e-02
4.223894327878952026e-02
8.620439097285270691e-03
1.880798675119876862e-02
3.869644366204738617e-03
2.529473742470145226e-03
1.152641884982585907e-02
1.743923574686050415e-01
-7.117189932614564896e-03
1.699831569567322731e-03
-7.254657684825360775e-04
8.619632571935653687e-02
1.028392216539941728e-04
-4.076755605638027191e-03
-1.014613546431064606e-02
-1.067195553332567215e-02
9.645317681133747101e-03
2.600864041596651077e-03
-8.298793807625770569e-03
8.541423827409744263e-03
-3.385803848505020142e-02
6.222095340490341187e-03
3.074762877076864243e-03
-1.139780040830373764e-03
-1.585365645587444305e-02
2.193707914557307959e-04
3.378026653081178665e-03
5.301799625158309937e-03
-2.090957248583436012e-03
-9.614996961317956448e-04
-8.779735304415225983e-03
1.494008861482143402e-02
5.129784718155860901e-02
2.619834057986736298e-02
-3.884036839008331299e-02
1.106646563857793808e-02
2.249113982543349266e-03
-1.633966565132141113e-01
1.737879123538732529e-03
8.277426473796367645e-03
-6.244279816746711731e-02
-1.825753226876258850e-02
8.608497679233551025e-03
1.959946705028414726e-03
8.575458195991814137e-04
4.654539376497268677e-02
-7.652924861758947372e-03
1.908067613840103149e-02
6.197097711265087128e-03
-3.825453808531165123e-03
-7.702078437432646751e-04
1.403667265549302101e-03
4.482724238187074661e-03
3.306604921817779541e-03
5.294014234095811844e-03
-4.615788813680410385e-03
-3.189558628946542740e-03
6.102854851633310318e-03
-7.471645716577768326e-03
-3.737012855708599091e-03
-1.190446666441857815e-03
3.483880776911973953e-03
-9.207054972648620605e-03
3.299264470115303993e-03
-8.278282359242439270e-03
-4.626859445124864578e-03
-8.828638819977641106e-04
-3.346032171975821257e-04
4.371133109088987112e-04
4.119111225008964539e-03
1.137995626777410507e-02
4.725693725049495697e-03
2.017336525022983551e-02
2.123873122036457062e-02
1.684990152716636658e-02
-2.240764163434505463e-02
9.324466809630393982e-03
4.256338998675346375e-02
8.536012843251228333e-03
2.248579636216163635e-02
-3.343081176280975342e-01
1.073621585965156555e-02
2.504137158393859863e-02
-2.913919975981116295e-03
-3.186645219102501869e-03
-6.786063895560801029e-04
-1.383723877370357513e-02
2.622838132083415985e-03
1.487851422280073166e-02
-1.760197570547461510e-03
-8.045032620429992676e-03
-9.031537920236587524e-03
1.671216636896133423e-02
-7.839972153306007385e-03
3.605093061923980713e-02
3.567752614617347717e-02
-4.361670929938554764e-03
8.581948466598987579e-03
-2.017581462860107422e-02
6.038115359842777252e-03
-2.540840767323970795e-02
4.139816854149103165e-03
-7.234948221594095230e-03
-2.668092027306556702e-03
2.965155243873596191e-02
1.393517106771469116e-02
4.452493041753768921e-03
6.322973966598510742e-02
-7.129041943699121475e-03
1.503251260146498680e-03
-1.179251167923212051e-02
-1.030883518978953362e-03
1.857409328222274780e-01
2.412433503195643425e-03
-9.336653165519237518e-04
1.923221745528280735e-03
-1.559548974037170410e-01
-1.103647332638502121e-02
-1.348881889134645462e-02
-7.675826782360672951e-04
1.877164700999855995e-03
-3.080022521317005157e-03
5.359272472560405731e-03
3.571957722306251526e-02
3.940620273351669312e-02
4.970346111804246902e-03
-5.768051487393677235e-04
-1.328411232680082321e-02
-1.936878822743892670e-02
-7.117567118257284164e-03
2.240086672827601433e-03
-8.132783696055412292e-03
-6.682011764496564865e-03
7.716148626059293747e-03
4.664905369281768799e-03
6.344881694531068206e-05
-7.494480814784765244e-03
2.212944673374295235e-03
-6.620592437684535980e-03
1.427630148828029633e-02
6.808834616094827652e-03
-1.201233360916376114e-02
8.126567117869853973e-03
-4.985965322703123093e-03
-1.263855304569005966e-02
-2.164307748898863792e-03
-9.046401828527450562e-03
-3.053594753146171570e-02
9.740804089233279228e-04
8.872278966009616852e-03
-9.798409417271614075e-03
-1.319818780757486820e-03
2.439900301396846771e-03
7.056797388941049576e-03
-3.021616721525788307e-03
1.095168758183717728e-02
6.053438782691955566e-02
-1.205464452505111694e-02
-4.549627751111984253e-02
3.023511730134487152e-03
-2.056656479835510254e-01
1.280175335705280304e-02
1.162122841924428940e-02
7.760768756270408630e-03
-9.965186472982168198e-04
-2.077695680782198906e-03
9.535225108265876770e-03
-4.956292454153299332e-03
-9.120687027461826801e-04
1.220068801194429398e-02
-1.149050146341323853e-02
5.944508127868175507e-03
-1.532985549420118332e-02
-1.919361384352669120e-04
-1.316800564527511597e-01
5.454245954751968384e-03
6.100067403167486191e-03
7.659506052732467651e-03
-2.190396888181567192e-03
-5.698428489267826080e-03
3.098859451711177826e-03
4.895762726664543152e-02
-2.054641209542751312e-02
-8.401607046835124493e-04
-2.804371528327465057e-03
3.329430939629673958e-03
-5.873987101949751377e-04
1.052487082779407501e-02
1.978271640837192535e-02
-6.444815080612897873e-03
-5.457387771457433701e-03
-2.150548622012138367e-03
-4.320094287395477295e-01
-3.120272234082221985e-02
-1.471981173381209373e-03
-2.052939031273126602e-03
-2.903489221353083849e-04
-1.024436671286821365e-02
-3.791896998882293701e-02
-9.055826812982559204e-03
-3.714056918397545815e-03
4.866530653089284897e-03
8.243087679147720337e-03
