1.315364334732294083e-02
-5.543406680226325989e-02
-1.076688095927238464e-01
4.301488772034645081e-02
2.431104332208633423e-02
6.100922822952270508e-02
-3.740866482257843018e-02
-2.118880487978458405e-02
4.294644109904766083e-03
1.275731325149536133e-01
-4.034198820590972900e-02
5.135333910584449768e-02
-1.306383684277534485e-02
2.742525003850460052e-02
8.624173700809478760e-02
-1.901217922568321228e-02
5.466683208942413330e-02
1.819525212049484253e-01
-8.042019605636596680e-02
6.099452450871467590e-02
-1.064475849270820618e-01
-1.983305364847183228e-01
-5.287800915539264679e-03
-4.184322059154510498e-02
-5.063807219266891479e-02
-5.604425445199012756e-02
7.198399305343627930e-02
-1.621665433049201965e-02
-2.368433214724063873e-02
-2.302858792245388031e-02
-3.407143801450729370e-02
2.584200352430343628e-02
1.140441074967384338e-01
2.187962085008621216e-02
-9.322332590818405151e-02
-6.668554991483688354e-02
8.325407654047012329e-02
2.655141986906528473e-02
4.650937765836715698e-02
-7.880926132202148438e-03
1.560146063566207886e-01
-1.783250831067562103e-03
-2.847763523459434509e-02
-4.936907067894935608e-02
-3.614253550767898560e-02
1.393902581185102463e-02
4.360421746969223022e-02
2.538737282156944275e-02
-2.434311248362064362e-02
1.758919470012187958e-02
4.096672311425209045e-02
-4.975524544715881348e-02
-3.959597647190093994e-02
7.220219820737838745e-02
-9.350387263111770153e-04
-2.204818464815616608e-02
-2.442864924669265747e-01
-9.740953892469406128e-02
8.380570262670516968e-02
-1.369999442249536514e-02
5.552307888865470886e-02
3.646892309188842773e-02
-6.818769127130508423e-02
-6.390146166086196899e-02
9.090173244476318359e-02
-7.711795717477798462e-02
3.584329411387443542e-02
2.688535489141941071e-03
7.381729781627655029e-02
-1.901930756866931915e-02
4.271053243428468704e-03
1.145424172282218933e-01
6.144617497920989990e-02
-4.979067295789718628e-02
-2.090341784060001373e-02
4.942785948514938354e-02
5.813774466514587402e-02
-7.901662588119506836e-02
-4.566733911633491516e-02
6.866799294948577881e-02
1.289540249854326248e-02
-3.548284992575645447e-02
-9.826657921075820923e-02
6.749541312456130981e-02
-1.224903389811515808e-03
1.644767262041568756e-02
-2.189284004271030426e-02
1.128161326050758362e-02
4.061344265937805176e-02
-6.371469702571630478e-03
-3.203671658411622047e-03
-1.576756127178668976e-02
-2.151353843510150909e-02
5.611758679151535034e-03
1.355765387415885925e-02
-1.653333380818367004e-02
2.805064804852008820e-02
2.077991701662540436e-02
4.126785323023796082e-03
7.527031749486923218e-02
1.400955468416213989e-01
-5.531851574778556824e-02
8.717085234820842743e-03
-3.195273876190185547e-02
-2.884924039244651794e-02
1.894289106130599976e-01
-3.041171096265316010e-02
6.791483610868453979e-02
-7.166963070631027222e-02
-2.191150747239589691e-02
9.938483685255050659e-02
3.662637993693351746e-02
1.212975308299064636e-01
-7.703915983438491821e-02
7.981166243553161621e-02
-1.781637966632843018e-02
1.051330789923667908e-01
-2.853618934750556946e-03
9.917301684617996216e-02
-7.523589581251144409e-02
-3.091407008469104767e-02
-3.651913255453109741e-02
-1.565959304571151733e-01
-3.756241872906684875e-02
-4.200987052172422409e-03
-1.578290164470672607e-01
-3.876527398824691772e-02
3.636753931641578674e-02
-1.487120334059000015e-02
-2.026297524571418762e-02
-5.136041343212127686e-02
9.814137965440750122e-02
5.728979129344224930e-03
-5.008764192461967468e-02
-1.580988019704818726e-01
-1.066415384411811829e-02
3.956296015530824661e-03
-1.044967211782932281e-02
1.683830320835113525e-01
-7.554594427347183228e-02
-1.138831581920385361e-02
-7.942245900630950928e-02
-9.035266190767288208e-02
7.754092663526535034e-02
1.628966256976127625e-02
-8.548769168555736542e-03
-1.771229552105069160e-03
1.448832172900438309e-02
-3.414399176836013794e-02
-4.989673569798469543e-02
-7.776109129190444946e-02
3.449587151408195496e-02
9.420750290155410767e-02
-2.806311473250389099e-02
7.062734104692935944e-03
1.672993600368499756e-02
-3.214643150568008423e-02
-5.051263049244880676e-02
-1.939755864441394806e-02
-2.154905535280704498e-02
2.117849141359329224e-02
-5.071038380265235901e-03
-8.014231920242309570e-03
-2.631139755249023438e-02
-1.416331231594085693e-01
-5.481912568211555481e-02
-1.225721910595893860e-01
1.350416690111160278e-01
-5.542945489287376404e-02
1.713918894529342651e-02
-8.604547381401062012e-02
1.035504564642906189e-01
3.515062481164932251e-02
-5.102659761905670166e-02
7.290809298865497112e-04
-4.773947293870151043e-04
3.141475319862365723e-01
-7.484760880470275879e-02
-2.990830875933170319e-02
2.093656174838542938e-02
-8.124627918004989624e-02
-1.681775599718093872e-02
-7.757136970758438110e-02
7.649359758943319321e-03
-4.016735777258872986e-02
-1.719153858721256256e-02
1.318110376596450806e-01
-1.187312975525856018e-01
-3.221070021390914917e-02
-8.979129604995250702e-03
5.753531306982040405e-02
-1.213817577809095383e-02
1.361694373190402985e-02
-1.116365101188421249e-02
-1.291415654122829437e-02
3.201523050665855408e-02
8.087560534477233887e-03
1.217138618230819702e-01
-9.342273324728012085e-02
-1.694341748952865601e-02
