5.392824485898017883e-02
1.078091785311698914e-01
-1.059677228331565857e-01
2.203516513109207153e-01
1.372811198234558105e-01
-4.499892145395278931e-02
1.646147072315216064e-01
-8.083453029394149780e-02
3.245026571676135063e-03
1.233103051781654358e-01
-1.591413915157318115e-01
8.179590851068496704e-02
-5.167134851217269897e-02
5.548044573515653610e-03
-5.811331048607826233e-02
1.939579844474792480e-01
1.008932814002037048e-01
5.903565883636474609e-02
-1.038855165243148804e-01
6.119496747851371765e-02
1.518129408359527588e-01
5.458873137831687927e-02
1.782825440168380737e-01
1.697954535484313965e-01
1.911136358976364136e-01
1.245199069380760193e-01
1.105077415704727173e-01
-2.809552848339080811e-02
3.339952230453491211e-02
-6.495320051908493042e-02
5.396065860986709595e-02
7.407947629690170288e-02
-1.699844934046268463e-02
-1.012126654386520386e-01
2.151622176170349121e-01
2.118249684572219849e-01
1.585683040320873260e-02
-9.130405634641647339e-02
8.628581464290618896e-02
-6.049880757927894592e-02
2.900863066315650940e-02
6.991763412952423096e-02
4.028545692563056946e-02
-4.124709218740463257e-02
1.287596821784973145e-01
6.130942329764366150e-02
2.059520632028579712e-01
7.784485816955566406e-02
3.030653893947601318e-01
1.614966988563537598e-01
-1.041610762476921082e-01
-3.696639835834503174e-02
-6.861758232116699219e-02
8.354324847459793091e-02
-1.972660608589649200e-02
1.843748390674591064e-01
-5.801399820484220982e-04
2.386479526758193970e-01
7.663618773221969604e-02
3.060905933380126953e-01
-9.253630042076110840e-02
1.603524237871170044e-01
4.045308008790016174e-02
2.492301762104034424e-01
-1.266873925924301147e-01
1.278390288352966309e-01
1.017140969634056091e-01
4.121471568942070007e-02
1.647057533264160156e-01
-9.062507748603820801e-02
-4.249272868037223816e-02
-1.368796918541193008e-02
1.540725231170654297e-01
-6.019968166947364807e-02
1.544628385454416275e-02
-6.294647604227066040e-02
-9.488721191883087158e-02
1.180517114698886871e-02
1.246272623538970947e-01
-8.259935677051544189e-02
7.145691663026809692e-02
9.390950435772538185e-04
6.731242686510086060e-02
4.364310577511787415e-02
-1.900830864906311035e-01
1.937161087989807129e-01
3.212030529975891113e-01
1.390998065471649170e-01
2.288683503866195679e-01
2.165558040142059326e-01
4.184926673769950867e-02
9.806843101978302002e-02
6.354736536741256714e-02
-9.155461192131042480e-02
5.757444724440574646e-02
4.279710352420806885e-02
6.232530251145362854e-02
-1.428186148405075073e-01
8.798222988843917847e-02
6.159559637308120728e-02
8.233787119388580322e-02
-1.183627024292945862e-01
5.520580336451530457e-02
7.084331661462783813e-02
-1.098585873842239380e-01
-4.476143792271614075e-02
9.846852719783782959e-02
-9.673080593347549438e-02
1.204449087381362915e-01
-1.437908690422773361e-02
5.899113416671752930e-02
-1.880067735910415649e-01
1.717089265584945679e-01
-7.566605508327484131e-02
8.026327937841415405e-02
-1.014568656682968140e-01
1.832192689180374146e-01
-2.610141970217227936e-02
9.110754728317260742e-02
-2.347125262022018433e-01
1.476271003484725952e-01
4.009173437952995300e-02
5.323695391416549683e-02
8.764282613992691040e-02
-1.100926175713539124e-01
1.742402464151382446e-01
1.310546994209289551e-01
1.071635782718658447e-01
-3.415649756789207458e-02
1.494102180004119873e-01
2.041737139225006104e-01
1.203190013766288757e-01
3.236448764801025391e-01
1.781104952096939087e-01
2.078243941068649292e-01
1.964945197105407715e-01
2.460228353738784790e-01
9.245799481868743896e-02
1.493640989065170288e-01
1.473788768053054810e-01
-1.064987108111381531e-01
1.427650451660156250e-01
1.763341575860977173e-01
1.517077442258596420e-02
1.388844698667526245e-01
8.737219125032424927e-02
-1.037917472422122955e-02
1.127547696232795715e-01
2.730821669101715088e-01
-5.077525973320007324e-02
3.556587547063827515e-02
-6.296303123235702515e-02
-3.910153359174728394e-02
1.012253239750862122e-01
1.244485452771186829e-01
1.548648625612258911e-01
1.144137531518936157e-01
2.725082635879516602e-01
1.033098176121711731e-01
-1.086380928754806519e-01
1.446657930500805378e-03
2.815013527870178223e-01
1.315589845180511475e-01
1.574623584747314453e-01
1.825786530971527100e-01
1.237322688102722168e-01
-1.026320457458496094e-02
-7.170198485255241394e-03
6.487165391445159912e-02
1.181355938315391541e-01
2.522442862391471863e-02
3.026809990406036377e-01
-3.655545786023139954e-02
1.195904016494750977e-01
-2.628720924258232117e-02
1.379687339067459106e-01
2.011286914348602295e-01
1.476718485355377197e-01
1.719304174184799194e-02
1.380694657564163208e-01
4.993807896971702576e-02
-2.097795344889163971e-02
-7.450661063194274902e-02
-2.427284568548202515e-01
2.406159639358520508e-01
6.207834929227828979e-02
2.046264261007308960e-01
1.075371503829956055e-01
1.112439483404159546e-01
2.744920179247856140e-02
2.030418068170547485e-01
7.493568956851959229e-02
1.808377951383590698e-01
6.469618529081344604e-02
1.423749625682830811e-01
6.573374569416046143e-02
2.314870804548263550e-01
2.647633552551269531e-01
5.653782188892364502e-02
1.631588935852050781e-01
1.232062503695487976e-01
1.195545941591262817e-01
7.083942741155624390e-02
-2.914885990321636200e-02
8.126194030046463013e-02
1.895149499177932739e-01
2.075776606798171997e-01
2.346873432397842407e-01
1.690728068351745605e-01
2.689278125762939453e-01
4.610881581902503967e-02
4.667690023779869080e-02
8.785294368863105774e-03
2.026013731956481934e-01
1.559996455907821655e-01
1.845262497663497925e-01
-1.522821784019470215e-01
4.440410807728767395e-02
1.064073070883750916e-01
1.364463847130537033e-02
1.829568147659301758e-01
4.376812651753425598e-02
6.890860944986343384e-02
2.377366721630096436e-01
2.133918404579162598e-01
7.052122801542282104e-02
8.250200003385543823e-02
3.015972375869750977e-01
1.579352766275405884e-01
2.678413093090057373e-01
-7.042714208364486694e-02
3.773771971464157104e-02
1.719026640057563782e-02
3.902145847678184509e-02
1.582159996032714844e-01
1.560369133949279785e-01
6.441435962915420532e-02
-8.453491330146789551e-02
5.618488416075706482e-02
4.344910979270935059e-01
1.000278443098068237e-01
1.429398357868194580e-01
9.938634932041168213e-02
1.258386522531509399e-01
1.610231995582580566e-01
3.412022814154624939e-02
1.211325600743293762e-01
2.222740352153778076e-01
1.129745393991470337e-01
2.369019687175750732e-01
2.281155586242675781e-01
5.800271779298782349e-02
1.824110746383666992e-01
-1.210503503680229187e-01
-4.121858999133110046e-02
1.173552125692367554e-01
-1.259455382823944092e-01
7.184058427810668945e-02
1.022291183471679688e-02
-6.900623440742492676e-02
-1.966551393270492554e-01
-1.621791124343872070e-01
1.499602943658828735e-01
1.194060295820236206e-01
-9.332820773124694824e-02
-8.596977591514587402e-02
3.990281745791435242e-02
-1.173099651932716370e-01
-1.236889809370040894e-01
1.804473400115966797e-01
-8.076811209321022034e-03
-6.188589707016944885e-02
-1.437368104234337807e-03
-9.842406213283538818e-02
9.950543940067291260e-02
-2.266547642648220062e-02
2.872113585472106934e-01
-5.318560451269149780e-02
1.510818209499120712e-02
-4.801137000322341919e-02
1.718493849039077759e-01
1.268378198146820068e-01
9.620299190282821655e-02
1.207262054085731506e-01
1.576163247227668762e-02
7.390170358121395111e-03
2.327550202608108521e-02
1.544876992702484131e-01
-3.505717031657695770e-03
-5.642084777355194092e-02
1.602632701396942139e-01
1.802718192338943481e-01
1.111490279436111450e-01
-1.118256524205207825e-01
1.837253570556640625e-01
-5.668186396360397339e-02
8.691819757223129272e-02
1.786339282989501953e-01
-2.638598904013633728e-03
-9.611479938030242920e-02
-1.416246592998504639e-01
4.631354287266731262e-02
3.045269055292010307e-03
1.483960915356874466e-02
8.629447221755981445e-02
-1.661163121461868286e-01
-1.659256219863891602e-02
2.507508695125579834e-01
-5.096479319036006927e-03
1.410897076129913330e-01
8.992016315460205078e-02
-4.401973262429237366e-02
8.613933622837066650e-02
-4.616364464163780212e-02
-7.373084127902984619e-02
-2.025713026523590088e-01
-7.267657667398452759e-02
7.027436792850494385e-02
-1.261226087808609009e-01
-8.144261687994003296e-02
-4.320091754198074341e-02
7.473438233137130737e-02
-1.015290021896362305e-01
-1.424360368400812149e-02
-2.416687458753585815e-01
1.020332127809524536e-01
1.313282102346420288e-01
-9.793611615896224976e-02
1.512124240398406982e-01
-2.033502794802188873e-02
-1.646351069211959839e-01
3.995264321565628052e-02
6.368594616651535034e-02
-9.941224008798599243e-02
-1.121229454874992371e-01
9.630008786916732788e-02
-6.433638185262680054e-02
6.535748392343521118e-02
9.218021482229232788e-02
9.145589172840118408e-02
3.536145389080047607e-02
6.426039338111877441e-02
2.321329154074192047e-02
-9.169131517410278320e-02
-4.630273953080177307e-02
1.995761878788471222e-03
-1.441210359334945679e-01
-6.360005587339401245e-02
5.208755284547805786e-02
-5.725873261690139771e-02
-5.601591989398002625e-02
-2.656862437725067139e-01
-1.002833098173141479e-01
-1.471114810556173325e-02
1.675287932157516479e-01
1.242698803544044495e-01
9.319805353879928589e-02
-1.129803210496902466e-01
1.059436947107315063e-01
-8.364410698413848877e-02
2.121197059750556946e-02
7.351678609848022461e-02
1.155032888054847717e-01
-9.900704771280288696e-02
1.952086389064788818e-01
-5.280215293169021606e-02
1.001577749848365784e-01
-4.992315545678138733e-02
-6.652338895946741104e-03
1.196722015738487244e-01
7.684261351823806763e-02
-1.902393810451030731e-02
7.276179641485214233e-02
2.499931119382381439e-02
1.832786053419113159e-01
-6.679367274045944214e-02
-4.621351882815361023e-02
7.477965205907821655e-02
-1.168356835842132568e-01
-2.391036972403526306e-02
1.475011557340621948e-01
3.542418777942657471e-02
-1.794607341289520264e-01
1.440302282571792603e-02
3.648224174976348877e-01
2.132136821746826172e-01
2.012876421213150024e-01
1.139881908893585205e-01
1.673937588930130005e-01
9.909874200820922852e-02
1.561565995216369629e-01
2.921720743179321289e-01
1.830409467220306396e-01
2.287059873342514038e-01
8.390729874372482300e-02
1.243910044431686401e-01
-1.059130653738975525e-01
8.023315668106079102e-02
7.636212976649403572e-04
2.117367982864379883e-01
4.295841231942176819e-02
1.029246225953102112e-01
7.919535785913467407e-02
9.125566482543945312e-02
2.381209731101989746e-01
2.175166308879852295e-01
2.478067427873611450e-01
5.536758154630661011e-02
2.120565623044967651e-01
3.735468089580535889e-01
2.720903754234313965e-01
8.427756279706954956e-02
4.657733067870140076e-02
1.983032971620559692e-01
1.315788924694061279e-01
9.115412831306457520e-03
5.753684090450406075e-04
2.397104911506175995e-02
2.221299707889556885e-01
2.860794663429260254e-01
6.625027954578399658e-02
1.551249772310256958e-01
2.100045680999755859e-01
2.820668220520019531e-01
1.671494543552398682e-01
1.260920763015747070e-01
1.390428096055984497e-01
8.041639626026153564e-02
1.772545874118804932e-01
1.047786623239517212e-01
-8.386126160621643066e-02
2.277708649635314941e-01
3.053106367588043213e-01
7.056979089975357056e-02
1.032423749566078186e-01
3.109151124954223633e-01
1.329333633184432983e-01
7.967706769704818726e-02
1.060080155730247498e-01
1.200113445520401001e-01
3.287716209888458252e-01
8.890011906623840332e-02
2.069755941629409790e-01
3.760119378566741943e-01
6.825175136327743530e-02
2.869851887226104736e-01
5.484264716506004333e-02
1.212888658046722412e-01
1.191453412175178528e-01
1.567498892545700073e-01
6.957733631134033203e-02
1.026820093393325806e-01
1.678304076194763184e-01
2.604415267705917358e-02
8.401562273502349854e-02
1.460438966751098633e-01
2.941175699234008789e-01
9.476178884506225586e-02
1.056339517235755920e-01
1.312077045440673828e-01
-3.287702053785324097e-02
2.299035042524337769e-01
1.405259221792221069e-01
2.873210422694683075e-02
8.676116168498992920e-02
1.839494407176971436e-01
1.474285572767257690e-01
2.067527472972869873e-01
2.932379841804504395e-01
3.163212835788726807e-01
7.815822958946228027e-02
3.212177008390426636e-02
2.336007207632064819e-01
1.057052165269851685e-01
3.691311776638031006e-01
1.090664565563201904e-01
2.337067723274230957e-01
4.086519777774810791e-02
-2.763622440397739410e-02
2.694480419158935547e-01
7.223810255527496338e-02
-1.478914357721805573e-02
5.062690749764442444e-02
1.973626762628555298e-01
2.877082526683807373e-01
2.416779398918151855e-01
2.216404080390930176e-01
1.530997753143310547e-01
2.530193924903869629e-01
1.234645918011665344e-01
4.947962705045938492e-03
1.429492384195327759e-01
6.809812784194946289e-02
1.326388567686080933e-01
6.090923026204109192e-02
2.281414717435836792e-01
2.944597899913787842e-01
5.238955095410346985e-02
2.364415079355239868e-01
1.077463626861572266e-01
2.704683840274810791e-01
7.716078311204910278e-02
1.626523286104202271e-01
-1.263882964849472046e-01
8.663889020681381226e-02
1.867780983448028564e-01
1.371218711137771606e-01
-7.730673998594284058e-02
-4.589215666055679321e-02
1.696737706661224365e-01
8.938435465097427368e-02
2.361285686492919922e-01
