6.065910682082176208e-02
3.154354169964790344e-02
-9.385342895984649658e-02
2.467060685157775879e-01
1.379853039979934692e-01
3.743554279208183289e-02
2.601364254951477051e-01
-9.451953321695327759e-02
-2.488433616235852242e-03
2.923360466957092285e-01
-1.625462621450424194e-01
4.848843440413475037e-02
-1.853513414971530437e-03
6.198820471763610840e-02
-1.617119312286376953e-01
1.417253464460372925e-01
8.255033753812313080e-03
5.376770347356796265e-02
-5.822954326868057251e-02
2.413380146026611328e-02
1.021899282932281494e-02
1.825762838125228882e-01
2.663160264492034912e-01
1.043707653880119324e-01
1.238628476858139038e-01
1.922700405120849609e-01
5.515334755182266235e-02
1.848998107016086578e-02
-6.357893347740173340e-02
-1.763791032135486603e-02
1.886248588562011719e-01
7.968761771917343140e-02
4.332028329372406006e-02
-8.624376356601715088e-02
1.373289674520492554e-01
1.967384964227676392e-01
6.634658202528953552e-03
2.027797326445579529e-02
1.594343930482864380e-01
-2.689543180167675018e-02
5.486431717872619629e-02
-5.237634759396314621e-03
4.775471240282058716e-02
-5.564612802118062973e-03
1.233713626861572266e-01
8.128267526626586914e-02
2.243563830852508545e-01
-5.452070757746696472e-02
2.412461787462234497e-01
2.129330337047576904e-01
3.318470716476440430e-02
-3.121370449662208557e-02
-9.503968060016632080e-02
2.266708947718143463e-02
1.329196896404027939e-02
1.879137754440307617e-01
-6.672280281782150269e-02
2.260082513093948364e-01
5.350827425718307495e-02
3.492030501365661621e-01
-4.846950620412826538e-02
1.068656668066978455e-01
-4.226280376315116882e-02
1.629097908735275269e-01
-9.238538891077041626e-02
1.726957559585571289e-01
7.845713943243026733e-02
4.315192252397537231e-02
2.048655301332473755e-01
-1.531289964914321899e-01
3.105007857084274292e-02
6.939090322703123093e-03
2.434184849262237549e-01
-1.790240705013275146e-01
1.806992664933204651e-02
1.087246276438236237e-02
-1.242975797504186630e-02
-6.407003849744796753e-03
1.127211600542068481e-01
-4.183228686451911926e-02
-5.879736691713333130e-02
-5.782031640410423279e-02
1.476934403181076050e-01
1.416305154561996460e-01
-1.309096813201904297e-01
6.128807365894317627e-02
4.416941404342651367e-01
8.496794849634170532e-02
2.505280971527099609e-01
2.140963822603225708e-01
1.036160364747047424e-01
-1.986281713470816612e-03
-5.229110829532146454e-03
-8.302676677703857422e-02
-1.897213421761989594e-02
1.400965005159378052e-01
2.244104631245136261e-02
-9.606578946113586426e-02
-1.011548750102519989e-02
1.297802031040191650e-01
8.988090604543685913e-02
-6.138044223189353943e-02
6.573483347892761230e-02
1.325525194406509399e-01
-7.058106362819671631e-02
-1.006015539169311523e-01
1.043661758303642273e-01
-6.925711035728454590e-02
1.021011173725128174e-02
-6.920839846134185791e-02
-5.972661823034286499e-02
-1.723785698413848877e-01
2.023609727621078491e-01
-1.862963475286960602e-02
1.372488290071487427e-01
-2.488130237907171249e-03
1.770523041486740112e-01
-1.250830362550914288e-03
3.011773899197578430e-02
-2.070807963609695435e-01
2.089842259883880615e-01
6.484911590814590454e-02
-5.930471047759056091e-02
1.504862755537033081e-01
-7.520566880702972412e-02
9.687438607215881348e-02
9.020710736513137817e-02
-1.593983173370361328e-02
-2.770799025893211365e-02
1.742419451475143433e-01
1.830278337001800537e-01
1.338057816028594971e-01
3.344387114048004150e-01
1.681573390960693359e-01
8.502031862735748291e-02
8.290651440620422363e-02
1.908356398344039917e-01
6.800916045904159546e-02
3.192910254001617432e-01
2.346637099981307983e-01
2.715074457228183746e-02
2.086387723684310913e-01
5.328775569796562195e-02
1.649901457130908966e-02
1.330790817737579346e-01
1.691571474075317383e-01
8.701412379741668701e-02
-5.544098559767007828e-03
2.783619761466979980e-01
-1.537053585052490234e-01
1.711163967847824097e-01
1.019008681178092957e-01
-1.838074810802936554e-02
2.298399806022644043e-01
1.192838624119758606e-01
1.583965718746185303e-01
1.635621339082717896e-01
1.915228962898254395e-01
4.330719634890556335e-02
-9.747368842363357544e-02
2.361556142568588257e-02
2.365346699953079224e-01
-2.449646219611167908e-02
2.027744650840759277e-01
1.099096313118934631e-01
1.426133662462234497e-01
3.625570563599467278e-03
-1.339810551144182682e-03
1.808564662933349609e-01
1.843043714761734009e-01
-4.748395830392837524e-02
2.517506480216979980e-01
-5.696163699030876160e-02
4.006828367710113525e-02
-1.889005750417709351e-01
7.156084477901458740e-02
1.864856630563735962e-01
7.859917730093002319e-02
1.072131097316741943e-01
2.259387373924255371e-01
1.437361836433410645e-01
-6.580522656440734863e-02
7.624918967485427856e-02
-2.123485207557678223e-01
2.540666460990905762e-01
7.684644311666488647e-02
2.033899873495101929e-01
8.664043247699737549e-02
1.713000088930130005e-01
1.411128789186477661e-03
1.456031352281570435e-01
1.541229188442230225e-01
2.108705341815948486e-01
7.206257432699203491e-02
2.193625122308731079e-01
4.583134129643440247e-02
2.136307954788208008e-01
2.507554292678833008e-01
3.273443877696990967e-02
1.500368416309356689e-01
2.074505388736724854e-01
2.227861881256103516e-01
1.027357578277587891e-01
-7.757820934057235718e-02
1.205073297023773193e-01
2.214736640453338623e-01
1.202527061104774475e-01
2.435481846332550049e-01
8.570048213005065918e-02
3.143723309040069580e-01
1.060986816883087158e-01
1.320253759622573853e-01
4.624612629413604736e-02
1.738474518060684204e-01
1.327774077653884888e-01
2.121712267398834229e-01
-5.651195347309112549e-02
7.993879169225692749e-02
1.059302687644958496e-01
8.149737119674682617e-02
1.798155605792999268e-01
4.438304156064987183e-02
7.559381425380706787e-02
1.383672058582305908e-01
1.278031468391418457e-01
-1.084756013005971909e-02
4.793943837285041809e-02
1.429364532232284546e-01
1.695030480623245239e-01
2.212888449430465698e-01
-1.150756049901247025e-02
1.847307533025741577e-01
4.967933893203735352e-02
1.503989100456237793e-01
1.642897129058837891e-01
4.055669158697128296e-02
-6.868929415941238403e-02
-6.450137495994567871e-02
-2.357492409646511078e-02
3.350528180599212646e-01
5.559268593788146973e-02
1.725999265909194946e-01
1.544799357652664185e-01
1.767429113388061523e-01
1.411855369806289673e-01
8.190479129552841187e-03
6.734554469585418701e-02
1.987956017255783081e-01
4.477485269308090210e-02
2.371438294649124146e-01
1.672689169645309448e-01
1.485840976238250732e-01
1.538757085800170898e-01
-7.043417543172836304e-02
-1.130846589803695679e-01
1.127925142645835876e-01
-1.314485222101211548e-01
1.739794313907623291e-01
4.533771425485610962e-02
-2.845123782753944397e-02
-5.894803628325462341e-02
-5.711489915847778320e-02
2.213938534259796143e-02
1.525336056947708130e-01
-1.330277696251869202e-02
-8.620977401733398438e-02
-1.877231523394584656e-02
-8.289948850870132446e-02
-1.174129694700241089e-01
1.880010217428207397e-01
-6.467748433351516724e-02
-1.496731936931610107e-01
-1.707271933555603027e-01
-9.466263651847839355e-02
-1.286204531788825989e-02
-5.877225194126367569e-03
2.229253500699996948e-01
-2.134464308619499207e-02
-5.909442901611328125e-02
2.004739642143249512e-02
1.384413987398147583e-01
-3.836571052670478821e-02
4.485338181257247925e-02
1.562435626983642578e-01
7.328671962022781372e-02
-2.733942680060863495e-02
6.211028085090219975e-04
2.040767520666122437e-01
9.372223913669586182e-02
-1.131805777549743652e-01
2.719201892614364624e-02
2.429801821708679199e-01
-3.134926781058311462e-02
-8.036928623914718628e-02
1.829470247030258179e-01
7.021781802177429199e-02
1.499242931604385376e-01
1.409199237823486328e-01
-1.155464053153991699e-01
3.524917736649513245e-02
-8.347844332456588745e-02
2.678481116890907288e-02
3.038740542251616716e-04
-5.805456638336181641e-02
1.003356799483299255e-01
-1.232478842139244080e-01
-3.541063889861106873e-02
1.796679347753524780e-01
3.650176152586936951e-02
2.614386193454265594e-02
1.513171941041946411e-02
-6.471406668424606323e-02
-1.785503933206200600e-03
-6.685266643762588501e-02
-1.447327882051467896e-01
-2.917611598968505859e-01
6.618513911962509155e-02
3.482620418071746826e-02
-1.825733929872512817e-01
-2.408032715320587158e-01
-5.356851592659950256e-02
5.825132876634597778e-02
-1.597964614629745483e-01
3.898620605468750000e-02
-1.712984293699264526e-01
3.275292366743087769e-02
1.329414099454879761e-01
-1.313836276531219482e-01
2.265025079250335693e-01
-5.480290949344635010e-02
-1.192185953259468079e-01
8.552835881710052490e-02
-4.423633962869644165e-02
-1.717961579561233521e-01
-7.953536510467529297e-02
-4.980757087469100952e-02
-9.441195428371429443e-02
3.205947950482368469e-02
4.904360393993556499e-04
1.493259239941835403e-02
8.088684827089309692e-02
1.218148842453956604e-01
1.934479689225554466e-03
-1.193224042654037476e-01
-6.994038820266723633e-02
1.779606752097606659e-02
-2.260591536760330200e-01
-1.034236103296279907e-01
-4.580476321280002594e-03
4.218672588467597961e-02
6.164821330457925797e-03
-2.848210930824279785e-01
-6.493177264928817749e-02
2.195824123919010162e-02
2.418833523988723755e-01
1.198309510946273804e-01
-5.384773481637239456e-03
-3.851782064884901047e-03
9.035427868366241455e-02
-1.688083857297897339e-01
-1.378373894840478897e-02
-1.553020067512989044e-02
6.379472464323043823e-02
-8.749230951070785522e-02
1.337723731994628906e-01
8.149313181638717651e-02
2.433889657258987427e-01
-1.070175319910049438e-01
5.614507198333740234e-02
1.676333695650100708e-01
-1.908246800303459167e-02
7.356373220682144165e-02
4.767629504203796387e-02
-2.892454341053962708e-02
5.079504102468490601e-02
-4.801403358578681946e-02
-4.159259796142578125e-02
1.626967489719390869e-01
-1.806908100843429565e-01
-1.388247590512037277e-02
4.060234501957893372e-02
-3.323664888739585876e-02
-1.599696874618530273e-01
-4.453151486814022064e-03
2.412220984697341919e-01
8.830919861793518066e-02
2.356984168291091919e-01
1.806335598230361938e-01
1.183944121003150940e-01
2.231773138046264648e-01
1.984668821096420288e-01
2.268067896366119385e-01
2.261977046728134155e-01
1.455625593662261963e-01
3.642093390226364136e-02
7.592561841011047363e-02
-9.699154645204544067e-02
8.735774457454681396e-02
4.459895938634872437e-02
7.320661842823028564e-02
2.231600135564804077e-02
1.034063249826431274e-01
8.305326104164123535e-02
2.659990638494491577e-02
2.269401550292968750e-01
2.309205830097198486e-01
4.165257215499877930e-01
3.997340425848960876e-02
2.201004624366760254e-01
2.340805381536483765e-01
2.698377668857574463e-01
6.935131549835205078e-02
9.425354748964309692e-02
1.075320765376091003e-01
1.715583205223083496e-01
6.884582340717315674e-02
2.380229905247688293e-02
1.332488656044006348e-01
1.710320413112640381e-01
2.513587176799774170e-01
1.442497372627258301e-01
6.074652448296546936e-02
1.819184869527816772e-01
1.874787509441375732e-01
1.152084916830062866e-01
5.155278369784355164e-02
1.465960890054702759e-01
1.003548428416252136e-01
2.537492513656616211e-01
6.678262352943420410e-02
2.466465719044208527e-02
2.761892080307006836e-01
3.280368149280548096e-01
1.474179476499557495e-01
9.818930178880691528e-02
2.532261013984680176e-01
5.418528988957405090e-02
1.957989484071731567e-01
8.022020757198333740e-02
1.472248286008834839e-01
2.170967906713485718e-01
1.188532859086990356e-01
2.517625391483306885e-01
3.889856040477752686e-01
1.120842173695564270e-01
4.278051555156707764e-01
8.106910437345504761e-02
2.568832635879516602e-01
4.470901563763618469e-02
7.344729453325271606e-02
1.455726623535156250e-01
2.132564783096313477e-01
1.619143933057785034e-01
1.105634123086929321e-01
1.302973926067352295e-01
1.554923951625823975e-01
2.945281565189361572e-01
7.104538381099700928e-02
2.440068498253822327e-02
1.983888745307922363e-01
-3.417193517088890076e-02
1.411196142435073853e-01
3.655967116355895996e-02
6.310930848121643066e-02
1.689057499170303345e-01
2.441761642694473267e-01
1.471007913351058960e-01
1.349414139986038208e-01
2.299952954053878784e-01
3.717535734176635742e-01
1.493341773748397827e-01
2.599156089127063751e-02
2.136671990156173706e-01
2.730760276317596436e-01
3.035055398941040039e-01
1.226949319243431091e-01
2.752443552017211914e-01
5.526777729392051697e-02
1.026084870100021362e-01
3.154900968074798584e-01
5.519929155707359314e-02
1.475497484207153320e-01
1.839007437229156494e-01
1.029527112841606140e-01
2.561326324939727783e-01
2.703840732574462891e-01
1.662339419126510620e-01
5.508420243859291077e-02
1.149479001760482788e-01
1.549724042415618896e-01
-4.988031834363937378e-02
1.447746008634567261e-01
7.032235711812973022e-02
2.130017429590225220e-01
8.818764984607696533e-02
2.910538613796234131e-01
3.274085521697998047e-01
1.025677546858787537e-01
1.861401647329330444e-01
4.972733557224273682e-02
3.653725981712341309e-01
6.000017002224922180e-02
1.353434920310974121e-01
-1.721922121942043304e-02
5.189519003033638000e-02
1.868173629045486450e-01
1.731613129377365112e-01
-5.734087899327278137e-02
4.781176149845123291e-02
2.639580667018890381e-01
1.916819214820861816e-01
3.363077342510223389e-01
