-1.806301064789295197e-03
-6.055675819516181946e-02
2.860317565500736237e-02
1.282446831464767456e-01
7.558850944042205811e-02
7.611120492219924927e-02
1.501290202140808105e-01
2.120295763015747070e-01
1.642121672630310059e-01
-2.348240464925765991e-02
3.429612517356872559e-02
2.249944955110549927e-01
1.163359805941581726e-01
3.254361450672149658e-02
1.192216295748949051e-02
2.143938243389129639e-01
1.104354634881019592e-01
-6.343984603881835938e-02
4.479337483644485474e-02
1.906338002299889922e-04
-3.737618029117584229e-02
5.225584656000137329e-02
1.150777712464332581e-01
1.121870577335357666e-01
7.829373702406883240e-03
-4.898405075073242188e-02
1.567008793354034424e-01
1.846054494380950928e-01
1.093644425272941589e-01
9.147439152002334595e-02
1.861305348575115204e-02
7.299572974443435669e-02
-6.440801173448562622e-02
-7.085117977112531662e-03
3.663318753242492676e-01
2.714451849460601807e-01
9.671142697334289551e-02
6.180246174335479736e-02
-1.422343403100967407e-01
8.671267330646514893e-02
4.797617718577384949e-02
4.926019161939620972e-02
3.246204257011413574e-01
2.846134006977081299e-01
-2.151738293468952179e-02
3.016615509986877441e-01
9.449148178100585938e-02
1.738558262586593628e-01
-7.016956806182861328e-02
2.054300308227539062e-01
3.279132395982742310e-02
9.276062250137329102e-02
-4.670969210565090179e-03
-1.183002255856990814e-02
1.742084622383117676e-01
-1.377436816692352295e-01
1.089583113789558411e-01
2.121555060148239136e-01
1.490014195442199707e-01
9.828612953424453735e-02
-3.882111981511116028e-02
1.473834067583084106e-01
9.939118474721908569e-02
-4.374070093035697937e-02
1.308927685022354126e-02
9.940048767020925879e-05
-2.139569958671927452e-03
1.801080405712127686e-01
6.789869815111160278e-02
1.952649205923080444e-01
8.178780227899551392e-02
8.390497416257858276e-02
-6.196720898151397705e-02
1.071539223194122314e-01
-5.471472814679145813e-02
1.709176003932952881e-01
4.597387611865997314e-01
1.742529869079589844e-01
1.195077598094940186e-01
5.100265890359878540e-02
1.321589294821023941e-02
4.802199080586433411e-02
2.974153459072113037e-01
8.784120529890060425e-02
7.604604959487915039e-02
3.405513763427734375e-01
-8.900412917137145996e-02
-2.044699713587760925e-02
1.656619831919670105e-02
8.040133118629455566e-02
3.226292729377746582e-01
1.526212096214294434e-01
3.143965266644954681e-03
3.693433478474617004e-02
2.348695099353790283e-01
8.400788647122681141e-04
6.986068934202194214e-02
7.149303704500198364e-02
1.824756562709808350e-01
-8.881742507219314575e-02
2.275267392396926880e-01
-2.884332463145256042e-02
3.947023302316665649e-02
6.857063621282577515e-02
1.524278521537780762e-01
-1.152353584766387939e-01
6.275886297225952148e-02
2.784761190414428711e-01
-1.366626620292663574e-01
4.315191134810447693e-02
6.128546316176652908e-03
-4.212277755141258240e-02
3.661500513553619385e-01
1.572947055101394653e-01
1.771683692932128906e-01
6.623210757970809937e-02
1.307439059019088745e-01
1.234148219227790833e-01
4.912022948265075684e-01
2.809099256992340088e-01
8.650100976228713989e-02
7.426656782627105713e-02
1.190784294158220291e-02
1.735693812370300293e-01
6.530217826366424561e-02
5.464360490441322327e-02
8.841122500598430634e-03
1.701968461275100708e-01
5.175776779651641846e-02
-1.211137473583221436e-01
1.898855566978454590e-01
-3.898407518863677979e-02
2.231728732585906982e-01
-7.067273557186126709e-02
3.072679042816162109e-02
-7.871708832681179047e-03
-8.732309192419052124e-02
9.272313863039016724e-02
9.516789019107818604e-02
8.410015702247619629e-02
-6.211693864315748215e-03
1.052602976560592651e-01
-6.436184514313936234e-03
-2.016546204686164856e-02
2.149647660553455353e-02
-5.412130150943994522e-03
1.599093079566955566e-01
6.860227882862091064e-02
2.139262408018112183e-01
1.794803328812122345e-02
2.196084409952163696e-01
1.735083907842636108e-01
1.368105560541152954e-01
-2.510797679424285889e-01
1.967837214469909668e-01
2.068387269973754883e-01
2.044009044766426086e-02
1.132753863930702209e-01
5.366165190935134888e-02
7.551454752683639526e-02
4.476037025451660156e-01
-8.168601989746093750e-01
4.163863956928253174e-01
3.433856368064880371e-01
2.752237617969512939e-01
1.520241498947143555e-01
1.312765479087829590e-01
3.744013607501983643e-01
3.534488379955291748e-01
4.779793322086334229e-02
1.895580142736434937e-01
1.533197462558746338e-01
-3.161174058914184570e-02
3.313341438770294189e-01
-2.005419433116912842e-01
3.111077249050140381e-01
1.828395724296569824e-01
3.123240470886230469e-01
3.537464141845703125e-01
3.058599829673767090e-01
1.164736449718475342e-01
4.370885714888572693e-02
1.137132719159126282e-01
-3.277522325515747070e-02
-1.077867895364761353e-01
-1.630062907934188843e-01
1.627103090286254883e-01
1.912661790847778320e-01
1.883026584982872009e-02
3.128538429737091064e-01
4.111485183238983154e-01
-2.629062235355377197e-01
1.263464093208312988e-01
1.349354684352874756e-01
-6.908807158470153809e-02
2.127589136362075806e-01
2.227080911397933960e-01
-1.794241666793823242e-01
4.074514508247375488e-01
5.184560641646385193e-02
6.658458709716796875e-02
1.210469156503677368e-01
2.028377652168273926e-01
1.935693621635437012e-01
3.872240781784057617e-01
4.403434097766876221e-01
5.599677562713623047e-01
1.275770366191864014e-02
8.203790336847305298e-02
3.715061247348785400e-01
1.144657850265502930e+00
-1.368716806173324585e-01
-5.550875663757324219e-01
-4.490735591389238834e-04
1.622730046510696411e-01
9.634159505367279053e-02
2.266895323991775513e-01
5.012069940567016602e-01
-6.086855009198188782e-02
8.933571167290210724e-03
3.417862951755523682e-01
1.219648569822311401e-01
-1.357076019048690796e-01
4.227506518363952637e-01
8.269675076007843018e-02
2.680952548980712891e-01
-4.329811632633209229e-01
-3.373517096042633057e-02
4.334075450897216797e-01
1.341139227151870728e-01
3.068409264087677002e-01
2.777550816535949707e-01
-3.901343047618865967e-01
-1.404027361422777176e-02
-5.974096804857254028e-02
-2.068641185760498047e-01
2.920231223106384277e-01
-2.379054203629493713e-02
4.124816879630088806e-02
2.013998329639434814e-01
-2.598671913146972656e-01
-2.792779803276062012e-01
4.263700544834136963e-01
8.243019133806228638e-02
-3.661976456642150879e-01
8.800363168120384216e-03
1.972510516643524170e-01
3.219148516654968262e-01
2.291731685400009155e-01
7.025180757045745850e-02
2.099201828241348267e-01
1.208123713731765747e-01
4.153768122196197510e-01
1.665883883833885193e-02
6.713207960128784180e-01
4.265207946300506592e-01
4.720301628112792969e-01
4.554717801511287689e-03
3.147890567779541016e-01
9.592838585376739502e-02
3.017742633819580078e-01
-6.788460910320281982e-02
-1.385829597711563110e-01
4.430613815784454346e-01
1.533814221620559692e-01
2.565670311450958252e-01
1.796481311321258545e-01
2.407166659832000732e-01
3.241567313671112061e-01
1.256593968719244003e-02
-5.470069870352745056e-02
3.400670289993286133e-01
4.294908940792083740e-01
1.348462104797363281e-01
5.490506440401077271e-02
1.121098101139068604e-01
3.156434893608093262e-01
-2.298260480165481567e-01
3.815347552299499512e-01
1.819863021373748779e-01
-1.795829981565475464e-01
4.529704749584197998e-01
-4.796085953712463379e-01
-1.353553831577301025e-01
2.096741348505020142e-01
5.313383936882019043e-01
-2.742156386375427246e-01
2.270790040493011475e-01
3.976834416389465332e-01
-3.826050087809562683e-02
-4.077597856521606445e-01
2.646422982215881348e-01
4.767026007175445557e-01
-1.049678921699523926e-01
2.879495918750762939e-01
3.330934047698974609e-01
3.994005024433135986e-01
-4.358558356761932373e-01
4.837687686085700989e-02
2.443628907203674316e-01
-2.134295366704463959e-02
8.777872473001480103e-02
7.056938111782073975e-02
1.343388203531503677e-02
-9.263107180595397949e-02
-9.419209510087966919e-02
7.907743752002716064e-02
2.025468498468399048e-01
1.305243521928787231e-01
5.882746726274490356e-02
1.749432981014251709e-01
-5.424840450286865234e-01
7.704028487205505371e-02
1.465874165296554565e-01
1.292179375886917114e-01
-1.387660652399063110e-01
1.007651537656784058e-01
-1.486130338162183762e-02
-1.324523687362670898e-01
4.545890912413597107e-02
-3.231373429298400879e-02
-1.638941117562353611e-03
-1.733391359448432922e-02
5.908125638961791992e-02
-7.550072669982910156e-02
-1.389315277338027954e-01
1.073634922504425049e-01
5.068485066294670105e-02
-5.460762605071067810e-02
-9.786073863506317139e-02
1.279227137565612793e-01
-8.901062607765197754e-02
-8.212309330701828003e-02
1.249312981963157654e-01
1.089890971779823303e-01
2.218014895915985107e-01
1.240806803107261658e-01
9.929542988538742065e-02
1.564651131629943848e-01
-2.287186980247497559e-01
6.127390079200267792e-03
-1.412477046251296997e-01
5.753649398684501648e-03
-2.293699830770492554e-01
-5.285016819834709167e-02
2.607230246067047119e-01
-6.078796833753585815e-02
2.791606122627854347e-03
-1.500698179006576538e-01
-2.834842801094055176e-01
2.535988390445709229e-01
-1.045832037925720215e-01
1.082403361797332764e-01
4.175655171275138855e-02
-3.840772807598114014e-02
-9.950996935367584229e-02
-2.934988029301166534e-02
-2.806410789489746094e-01
9.898820519447326660e-02
3.203866183757781982e-01
3.005642443895339966e-02
-2.782633900642395020e-01
-1.257826089859008789e-01
-2.558225095272064209e-01
-1.922093778848648071e-01
-8.767683804035186768e-02
-4.174092784523963928e-02
5.057169124484062195e-02
-2.896801009774208069e-02
-3.702073693275451660e-01
1.141365021467208862e-01
-2.090862840414047241e-01
1.051337495446205139e-01
-9.705584496259689331e-02
-1.300016641616821289e-01
1.192270666360855103e-01
1.427941471338272095e-01
3.533173352479934692e-02
4.190364480018615723e-02
-2.677191048860549927e-02
1.042514368891716003e-01
-6.204582005739212036e-02
-1.835606992244720459e-01
3.341606259346008301e-02
-1.035036370158195496e-01
-3.885831236839294434e-01
-4.645098000764846802e-02
-7.093399018049240112e-02
1.361723616719245911e-02
-2.758253514766693115e-01
1.038642879575490952e-02
-3.558819591999053955e-01
-4.130185116082429886e-03
-1.252646557986736298e-02
1.408488601446151733e-01
1.994587182998657227e-01
-6.691788136959075928e-02
6.206005439162254333e-02
2.668047845363616943e-01
1.061556488275527954e-01
2.145122885704040527e-01
-2.898530103266239166e-02
-4.483253508806228638e-02
1.891557723283767700e-01
-1.040826216340065002e-01
-5.347793549299240112e-02
1.760964244604110718e-01
-1.835217624902725220e-01
-8.481946587562561035e-02
2.177908644080162048e-02
4.717354476451873779e-02
2.295584678649902344e-01
3.118302524089813232e-01
8.406149595975875854e-02
-1.521715223789215088e-01
-2.228197269141674042e-02
1.446842402219772339e-01
-5.508964508771896362e-02
-1.045950502157211304e-01
-5.129253491759300232e-02
1.580424457788467407e-01
-1.401166338473558426e-02
8.388981968164443970e-02
-2.591926157474517822e-01
2.204007655382156372e-01
3.493677824735641479e-02
1.035785377025604248e-01
5.130458474159240723e-01
4.177964106202125549e-02
-3.397816093638539314e-03
8.404076099395751953e-02
-4.236964508891105652e-02
1.140682399272918701e-01
2.738246619701385498e-01
-6.123516708612442017e-02
-7.531948387622833252e-02
5.688729286193847656e-01
-1.051205769181251526e-01
-1.273046713322401047e-02
2.474946342408657074e-02
-1.614689230918884277e-01
-8.917563408613204956e-02
2.734026499092578888e-02
-5.315032601356506348e-02
-2.039338052272796631e-01
-2.059248238801956177e-01
2.304342202842235565e-02
4.729733988642692566e-02
6.579653024673461914e-01
-4.975946620106697083e-02
