-3.066432476043701172e-02
1.035353261977434158e-02
-5.303480103611946106e-02
1.275104582309722900e-01
5.911101773381233215e-02
3.602119907736778259e-02
1.710359603166580200e-01
2.209472507238388062e-01
1.549473255872726440e-01
-3.204337507486343384e-02
3.955825045704841614e-02
2.692666649818420410e-01
4.047428444027900696e-02
1.354400664567947388e-01
2.125574089586734772e-02
1.831248700618743896e-01
-1.004079449921846390e-02
-1.021390184760093689e-01
1.090031042695045471e-01
8.465033024549484253e-02
5.199221521615982056e-02
1.163191720843315125e-01
1.373952180147171021e-01
8.614389598369598389e-02
4.120433703064918518e-03
-6.994827091693878174e-02
1.156231984496116638e-01
2.275148332118988037e-01
1.019899174571037292e-01
9.397307783365249634e-02
-6.175330840051174164e-03
1.260773651301860809e-02
-1.124904528260231018e-01
8.544575423002243042e-02
2.520136833190917969e-01
2.040671855211257935e-01
5.175613611936569214e-02
2.397165261209011078e-02
-1.742792129516601562e-02
8.032182604074478149e-02
3.447718918323516846e-02
5.366791784763336182e-02
2.082767784595489502e-01
2.821187973022460938e-01
5.254006013274192810e-02
2.479968816041946411e-01
4.870899487286806107e-03
1.909429579973220825e-01
-2.473212033510208130e-02
1.772488802671432495e-01
4.615509137511253357e-02
2.894203737378120422e-02
6.858218461275100708e-02
1.366609781980514526e-01
1.505832225084304810e-01
-2.607002556324005127e-01
7.628897577524185181e-02
2.732546627521514893e-01
3.261458128690719604e-02
1.683608144521713257e-01
1.340780407190322876e-02
1.731513887643814087e-01
9.320280700922012329e-02
1.670153066515922546e-02
1.510913483798503876e-02
5.784986913204193115e-02
-1.455128379166126251e-02
1.060772538185119629e-01
9.928248822689056396e-02
2.913144230842590332e-01
1.726537346839904785e-01
1.181912422180175781e-01
1.296934112906455994e-02
5.148123204708099365e-02
1.709559373557567596e-02
6.803851574659347534e-02
4.381788372993469238e-01
1.527649015188217163e-01
4.252715036273002625e-02
-4.455370828509330750e-02
-8.493091166019439697e-02
9.888847917318344116e-02
3.337772786617279053e-01
1.367041766643524170e-01
1.556810438632965088e-01
1.985183656215667725e-01
2.449660561978816986e-02
-2.596417069435119629e-02
8.520785719156265259e-02
6.371709704399108887e-02
3.817292749881744385e-01
2.069861292839050293e-01
-1.426427718251943588e-02
1.038470119237899780e-02
1.789196133613586426e-01
6.366962566971778870e-03
-5.827947054058313370e-03
9.226880967617034912e-02
1.002343520522117615e-01
-8.711577206850051880e-02
2.541590929031372070e-01
-3.817367833107709885e-03
1.395574659109115601e-01
1.524132490158081055e-01
7.875155657529830933e-02
-7.030643522739410400e-02
1.615598201751708984e-01
2.290089130401611328e-01
-1.377664413303136826e-02
9.444366395473480225e-02
4.249450191855430603e-02
-7.910615205764770508e-02
2.927758395671844482e-01
2.290102243423461914e-01
2.113993614912033081e-01
-1.892576692625880241e-03
-8.278498426079750061e-03
2.846136875450611115e-02
4.093256592750549316e-01
2.693345546722412109e-01
3.165421634912490845e-02
2.419408783316612244e-02
-2.601417340338230133e-02
1.464994400739669800e-01
-3.035031445324420929e-02
9.788747131824493408e-02
-2.592169120907783508e-02
1.553848534822463989e-01
7.592000067234039307e-02
-6.733040511608123779e-02
1.751042008399963379e-01
-1.002771481871604919e-01
1.218084990978240967e-01
-2.968837879598140717e-02
-7.912874221801757812e-02
1.394351273775100708e-01
2.822093665599822998e-02
1.143242791295051575e-01
3.969400748610496521e-02
1.755567938089370728e-01
-4.359716176986694336e-02
1.049917489290237427e-01
7.705074269324541092e-03
-5.977048352360725403e-02
8.377207815647125244e-02
1.309966947883367538e-02
7.586871087551116943e-02
1.337747424840927124e-01
1.947358101606369019e-01
7.860463112592697144e-02
2.620555460453033447e-01
1.463055461645126343e-01
1.520926505327224731e-01
-2.912565469741821289e-01
2.630755305290222168e-01
5.634762346744537354e-02
2.680052770301699638e-03
2.577943205833435059e-01
8.991716057062149048e-02
2.355865836143493652e-01
3.501136004924774170e-01
-8.540926575660705566e-01
3.369878232479095459e-01
2.572586238384246826e-01
3.976598083972930908e-01
1.571926325559616089e-01
1.398718655109405518e-01
3.470411598682403564e-01
4.433836936950683594e-01
1.470895409584045410e-01
1.583306640386581421e-01
2.331108152866363525e-01
-8.604881167411804199e-02
2.773793637752532959e-01
-1.061531007289886475e-01
3.542689383029937744e-01
1.279999166727066040e-01
3.272314369678497314e-01
2.530906796455383301e-01
2.150711566209793091e-01
1.964033991098403931e-01
1.070388033986091614e-01
2.106806933879852295e-01
7.394006103277206421e-02
-1.731146126985549927e-01
-1.269677374511957169e-02
2.446486055850982666e-01
3.433800637722015381e-01
3.908637911081314087e-02
3.663419485092163086e-01
4.781925380229949951e-01
-3.616074323654174805e-01
8.939626067876815796e-02
1.612427681684494019e-01
-2.801608294248580933e-02
2.974004149436950684e-01
1.992894113063812256e-01
-1.512207835912704468e-01
4.180496931076049805e-01
6.701879948377609253e-02
8.161801099777221680e-02
2.241721600294113159e-01
2.030308395624160767e-01
2.174197882413864136e-01
3.742997944355010986e-01
4.057800769805908203e-01
6.459134221076965332e-01
5.096189677715301514e-02
7.863112539052963257e-02
3.864665627479553223e-01
1.081261157989501953e+00
-2.300097793340682983e-01
-4.930414855480194092e-01
-6.315500289201736450e-02
2.072025984525680542e-01
1.207332685589790344e-01
2.464218437671661377e-01
5.085449218750000000e-01
-1.058145835995674133e-01
3.212446114048361778e-03
3.437063097953796387e-01
2.389632761478424072e-01
-8.951678872108459473e-02
4.681199193000793457e-01
1.220557540655136108e-01
2.340997606515884399e-01
-3.669818937778472900e-01
-3.653966996353119612e-04
3.641032576560974121e-01
3.073693625628948212e-02
2.556411325931549072e-01
2.039293199777603149e-01
-3.920105397701263428e-01
-6.582616269588470459e-02
-1.641609370708465576e-01
-2.095920294523239136e-01
2.998740971088409424e-01
-1.048193406313657761e-02
3.005440521519631147e-04
1.628046631813049316e-01
-3.454570472240447998e-01
-2.756707668304443359e-01
4.273819923400878906e-01
1.748597174882888794e-01
-4.795120954513549805e-01
1.381538901478052139e-02
1.653825193643569946e-01
3.568600416183471680e-01
2.605277597904205322e-01
1.781512200832366943e-01
2.201276719570159912e-01
1.231401041150093079e-01
3.096172213554382324e-01
1.425675749778747559e-01
5.878961086273193359e-01
5.747944116592407227e-01
5.179826617240905762e-01
8.161910623311996460e-02
3.599591553211212158e-01
1.297682672739028931e-01
2.395933121442794800e-01
-9.524417668581008911e-02
-1.827273815870285034e-01
4.543142318725585938e-01
4.924884065985679626e-02
2.515245079994201660e-01
1.645570844411849976e-01
2.162403911352157593e-01
2.337602376937866211e-01
-1.699439715594053268e-03
-1.226600483059883118e-01
3.005750775337219238e-01
4.117206335067749023e-01
4.205246921628713608e-03
8.446290343999862671e-02
1.856202632188796997e-01
2.754175066947937012e-01
-2.728164494037628174e-01
3.223014175891876221e-01
2.131301313638687134e-01
-2.599207758903503418e-01
5.178315639495849609e-01
-4.416502714157104492e-01
-1.068760454654693604e-01
3.141422569751739502e-01
5.414288640022277832e-01
-3.718138039112091064e-01
3.466899991035461426e-01
2.798951566219329834e-01
-1.680457592010498047e-02
-5.286999344825744629e-01
2.792048454284667969e-01
4.501367509365081787e-01
-5.835245177149772644e-02
3.079074919223785400e-01
3.332984447479248047e-01
4.004113674163818359e-01
-3.799417912960052490e-01
-1.989193260669708252e-02
3.858637809753417969e-01
2.780787348747253418e-01
5.507407337427139282e-02
2.129340469837188721e-01
4.751210212707519531e-01
5.064055323600769043e-02
-1.678021624684333801e-03
-1.615982055664062500e-01
7.231584191322326660e-02
8.419402688741683960e-02
2.032136321067810059e-01
2.145749479532241821e-01
-9.019578099250793457e-01
-2.277469038963317871e-01
1.375750005245208740e-01
-2.595245279371738434e-02
-1.461851224303245544e-02
3.018977642059326172e-01
-1.780607365071773529e-02
-1.252990812063217163e-01
1.219093680381774902e+00
-7.024624198675155640e-02
-1.315374523401260376e-01
-4.070846736431121826e-01
-2.451464980840682983e-01
2.229832559823989868e-01
8.285079151391983032e-03
-9.462777525186538696e-02
8.776772767305374146e-03
8.214183896780014038e-02
8.877906203269958496e-02
2.470469176769256592e-01
2.203898578882217407e-01
-1.617475897073745728e-01
5.879689455032348633e-01
1.531682610511779785e-01
-9.725963324308395386e-02
-3.261949717998504639e-01
-3.598035126924514771e-02
-2.157309651374816895e-02
4.105826616287231445e-01
1.845282875001430511e-02
-2.535159885883331299e-01
3.246011734008789062e-01
2.708741426467895508e-01
-2.467204034328460693e-01
-6.923710554838180542e-02
-1.326302587985992432e-01
1.518978327512741089e-01
-6.127998977899551392e-02
-4.819932579994201660e-02
4.817897677421569824e-01
2.919207140803337097e-02
1.865317672491073608e-01
1.366929709911346436e-01
2.481462210416793823e-01
-1.429906636476516724e-01
2.088926881551742554e-01
-4.864165559411048889e-02
4.823494255542755127e-01
2.614956200122833252e-01
-1.034668385982513428e-01
5.204107984900474548e-02
3.001161813735961914e-01
-6.407308578491210938e-01
9.849955886602401733e-02
-2.131753861904144287e-01
-1.090502366423606873e-01
1.910496354103088379e-01
-3.034625649452209473e-01
-5.492829680442810059e-01
1.789627969264984131e-01
-1.474072784185409546e-01
-1.035665646195411682e-01
-1.213486790657043457e-01
1.175327077507972717e-01
-1.546056848019361496e-02
-3.659255057573318481e-02
3.770945221185684204e-02
-8.006747066974639893e-02
-7.934018969535827637e-02
-5.345737561583518982e-02
-1.748154312372207642e-01
-1.757593303918838501e-01
-3.109797835350036621e-01
6.687235087156295776e-02
-3.150290250778198242e-01
-5.961460247635841370e-02
4.296555742621421814e-02
6.405049562454223633e-02
-1.361448969691991806e-02
2.935244143009185791e-01
2.278900146484375000e-01
-5.144491419196128845e-02
1.064716950058937073e-01
2.826746404170989990e-01
1.408275663852691650e-01
-5.328790098428726196e-02
-1.407024567015469074e-03
2.986386977136135101e-02
1.873856931924819946e-01
5.194713920354843140e-02
-1.168920621275901794e-01
7.450418919324874878e-02
1.939049214124679565e-01
2.472957074642181396e-01
1.016707122325897217e-01
6.668671220541000366e-02
6.477818638086318970e-02
-1.403414160013198853e-01
2.239707671105861664e-02
9.825789369642734528e-03
6.220655441284179688e-01
4.962344840168952942e-02
2.330886945128440857e-02
5.132479965686798096e-02
-3.097829520702362061e-01
4.118448495864868164e-02
1.623482555150985718e-01
3.361014127731323242e-01
1.552145779132843018e-01
6.125020608305931091e-02
4.655630886554718018e-02
1.763651520013809204e-01
-7.054982334375381470e-02
1.757374405860900879e-01
-1.808732300996780396e-01
-9.284402243793010712e-03
9.801243990659713745e-02
-1.315468996763229370e-01
-1.372974216938018799e-01
-7.939491420984268188e-02
5.456431582570075989e-02
3.021880388259887695e-01
6.317489147186279297e-01
-2.630716562271118164e-01
-2.725711762905120850e-01
9.901146292686462402e-01
5.489181354641914368e-02
-1.256773024797439575e-01
2.038183957338333130e-01
-4.610420465469360352e-01
-1.824186295270919800e-01
2.348912181332707405e-03
-3.034216463565826416e-01
-1.196167394518852234e-01
-1.135051622986793518e-01
-6.369990110397338867e-02
2.700310200452804565e-02
-5.324071049690246582e-01
-4.919457715004682541e-03
