-6.427700817584991455e-02
1.161809777840971947e-03
1.477196961641311646e-01
1.887852400541305542e-01
-6.784983724355697632e-02
1.346006244421005249e-01
-1.901852153241634369e-02
1.476701200008392334e-01
2.669266611337661743e-02
-4.345649853348731995e-02
9.458369016647338867e-02
2.281025499105453491e-01
8.988595008850097656e-02
2.763933502137660980e-03
5.743019655346870422e-02
8.005315810441970825e-02
1.064353585243225098e-01
1.066472381353378296e-01
-2.131739072501659393e-02
-3.635059669613838196e-02
2.024184763431549072e-01
-8.770345151424407959e-02
9.819095581769943237e-02
1.121558770537376404e-01
-5.797714367508888245e-02
9.353961050510406494e-02
4.719832539558410645e-02
-6.519122421741485596e-02
-1.913838833570480347e-02
1.073945984244346619e-01
6.887314468622207642e-02
2.354454994201660156e-02
-1.830700668506324291e-03
1.252511888742446899e-01
1.927237808704376221e-01
4.234118387103080750e-02
9.861225634813308716e-02
-3.150487318634986877e-02
1.824916005134582520e-01
1.010762676596641541e-01
-4.929235205054283142e-02
1.810997277498245239e-01
5.643928423523902893e-02
-5.437474697828292847e-02
3.264207765460014343e-02
1.829035580158233643e-01
4.072084277868270874e-02
-1.830752193927764893e-02
6.404220312833786011e-02
1.023039668798446655e-01
1.076531931757926941e-01
8.789306879043579102e-02
1.552019268274307251e-01
2.901620464399456978e-03
-3.002759814262390137e-02
6.921741180121898651e-03
2.488294243812561035e-02
1.251985281705856323e-01
-2.092553302645683289e-02
2.388473041355609894e-02
1.526259481906890869e-01
-4.134596884250640869e-02
1.059414446353912354e-02
5.552782863378524780e-02
1.741231828927993774e-01
9.445015341043472290e-02
1.215424314141273499e-01
2.836420200765132904e-02
1.391853205859661102e-03
-2.820395166054368019e-03
-8.684964850544929504e-03
1.965335905551910400e-01
-4.916790872812271118e-03
-4.749949648976325989e-02
3.048395551741123199e-02
1.459388136863708496e-01
4.298675060272216797e-02
2.193658053874969482e-02
-4.691817238926887512e-02
1.702957898378372192e-01
-9.123376011848449707e-02
8.114963769912719727e-02
1.482627727091312408e-02
-1.464528217911720276e-02
1.015877276659011841e-01
1.361918002367019653e-01
1.442382484674453735e-01
-1.436545234173536301e-02
-2.198478765785694122e-02
2.256716340780258179e-01
3.363882005214691162e-02
-8.917107246816158295e-03
6.866434961557388306e-02
6.551335752010345459e-02
7.224314659833908081e-02
1.761941239237785339e-02
1.864065974950790405e-02
2.012259140610694885e-02
5.222811177372932434e-02
1.166865527629852295e-01
-9.504335373640060425e-02
2.153672277927398682e-01
3.415231034159660339e-02
7.576487213373184204e-02
-8.572082966566085815e-03
7.555856555700302124e-02
6.484702229499816895e-02
2.373868785798549652e-02
6.780517846345901489e-02
1.728439927101135254e-01
7.620775699615478516e-02
1.906983107328414917e-01
4.184256494045257568e-02
-2.405222039669752121e-03
2.376929223537445068e-01
9.285014122724533081e-02
1.056980192661285400e-01
7.630623877048492432e-02
2.255602478981018066e-01
4.735546186566352844e-02
1.171750724315643311e-01
-1.645752973854541779e-02
1.596584171056747437e-02
8.430127799510955811e-02
9.650321304798126221e-02
1.025892514735460281e-02
4.162954911589622498e-02
3.110213950276374817e-02
8.010569214820861816e-02
9.817486256361007690e-02
4.540719464421272278e-02
-3.323411941528320312e-02
1.925946325063705444e-01
7.114425301551818848e-02
8.602961897850036621e-02
1.662534475326538086e-02
-1.283349096775054932e-02
1.030719876289367676e-01
-5.425837822258472443e-03
6.885649263858795166e-02
3.082434274256229401e-02
4.408589750528335571e-02
9.211410582065582275e-02
1.204627975821495056e-01
-2.887393161654472351e-02
9.998396784067153931e-02
3.661971539258956909e-02
1.361619681119918823e-01
1.504326164722442627e-01
8.021920174360275269e-02
-2.647460401058197021e-01
-1.977409124374389648e-01
-1.522006392478942871e-01
-4.661380052566528320e-01
-6.569447368383407593e-02
-1.948312520980834961e-01
9.710294753313064575e-02
-1.567005552351474762e-02
-2.275523841381072998e-01
3.253605961799621582e-02
4.209715500473976135e-02
-2.835404574871063232e-01
-6.802017986774444580e-02
-8.875854313373565674e-02
6.298856437206268311e-02
-6.087300553917884827e-02
-3.005106449127197266e-01
-2.522973716259002686e-02
8.202875964343547821e-03
-1.617278903722763062e-01
-1.118733212351799011e-01
-1.797533482313156128e-01
-2.293201982975006104e-01
-2.174466550350189209e-01
-8.951036632061004639e-02
-5.058767274022102356e-02
-5.034094676375389099e-02
1.426695585250854492e-01
3.117412142455577850e-02
3.995001688599586487e-02
1.663367450237274170e-02
-7.022893987596035004e-03
-1.213162243366241455e-01
-5.935199856758117676e-01
-3.574448451399803162e-02
4.385680425912141800e-03
1.290086358785629272e-01
-2.793241739273071289e-01
1.045840755105018616e-01
-9.386981278657913208e-02
5.210668221116065979e-02
4.167396947741508484e-02
1.611870341002941132e-02
-6.755285710096359253e-02
-3.316160291433334351e-02
9.858918190002441406e-02
-3.596629947423934937e-02
-4.142934978008270264e-01
8.643636101623997092e-05
-1.684063076972961426e-01
-1.192227452993392944e-01
-1.842984231188893318e-03
6.947638094425201416e-02
-8.266060054302215576e-02
-1.117542013525962830e-01
-1.290426850318908691e-01
3.053443133831024170e-02
-2.301909923553466797e-01
1.330867037177085876e-02
-1.499863564968109131e-01
-2.607489228248596191e-01
1.363631635904312134e-01
-1.258988166227936745e-03
-1.568636745214462280e-01
-1.299958080053329468e-01
2.673327550292015076e-02
-3.593122363090515137e-01
-7.230100035667419434e-02
-4.434534907341003418e-01
-1.891022026538848877e-01
-1.536198258399963379e-01
-8.449498564004898071e-02
-1.603293120861053467e-01
-3.326223492622375488e-01
8.973436057567596436e-02
-3.137360513210296631e-01
-6.938210874795913696e-02
-1.560398340225219727e-01
-1.527816653251647949e-01
-1.446491777896881104e-01
-8.414812386035919189e-02
-2.914603352546691895e-01
-2.976788207888603210e-02
-3.585103154182434082e-01
-2.381598390638828278e-02
-2.208180353045463562e-02
-2.821559607982635498e-01
-2.575390934944152832e-01
1.164978146553039551e-01
5.980562046170234680e-02
-4.449103772640228271e-02
-1.312128901481628418e-01
-2.259095758199691772e-02
-1.055027097463607788e-01
2.521857433021068573e-02
7.686951430514454842e-04
-3.268465399742126465e-01
2.105000428855419159e-03
-1.056829169392585754e-01
-2.819293141365051270e-01
-9.424313157796859741e-02
-4.763841629028320312e-01
7.395619899034500122e-02
-1.121189296245574951e-01
3.514983505010604858e-02
-6.661777198314666748e-02
7.079970836639404297e-02
-1.222044005990028381e-01
-1.482721120119094849e-01
-3.239473104476928711e-01
-1.584427654743194580e-01
-4.037865996360778809e-01
1.381105780601501465e-01
3.213908523321151733e-02
-5.742272138595581055e-01
-2.983379960060119629e-01
-3.064185380935668945e-01
-2.891797944903373718e-02
-1.198510155081748962e-01
7.190100848674774170e-02
-2.306905239820480347e-01
4.778455477207899094e-03
-2.193073034286499023e-01
4.153457656502723694e-02
8.942601084709167480e-02
1.439805626869201660e-01
-1.970518380403518677e-02
-1.134937331080436707e-01
1.350748986005783081e-01
-4.931689798831939697e-02
4.718572273850440979e-02
-8.375673741102218628e-02
9.410859644412994385e-02
-4.353390540927648544e-03
1.039596926420927048e-02
-1.150993555784225464e-01
-6.025740876793861389e-02
1.875575929880142212e-01
7.086236029863357544e-02
-4.953947663307189941e-02
-1.027175784111022949e-02
-1.371317356824874878e-01
-1.089884862303733826e-01
-3.169926106929779053e-01
-1.549733057618141174e-02
4.945480450987815857e-02
1.179944798350334167e-01
9.374167770147323608e-02
7.355669885873794556e-02
-1.580214500427246094e-02
3.221901953220367432e-01
-5.885227583348751068e-03
8.941468782722949982e-03
4.880305007100105286e-02
-6.430335342884063721e-02
-1.372190117835998535e-01
1.704241037368774414e-01
-2.346142008900642395e-02
-1.755056679248809814e-01
2.058594115078449249e-02
1.058779433369636536e-01
-4.505240544676780701e-02
-5.877030640840530396e-02
9.814993292093276978e-02
-6.837949622422456741e-03
5.938232876360416412e-03
1.415963172912597656e-01
2.407100051641464233e-02
-1.062969863414764404e-01
1.054813116788864136e-01
6.970247626304626465e-02
-2.064042836427688599e-01
1.012455672025680542e-01
2.792777121067047119e-02
-8.761803805828094482e-02
-3.352453559637069702e-02
1.435587406158447266e-01
-9.647705405950546265e-02
4.354358464479446411e-02
5.122639611363410950e-02
4.116177186369895935e-02
5.592616274952888489e-02
2.336558252573013306e-01
-1.322412341833114624e-01
1.051843389868736267e-01
5.729556083679199219e-02
6.096884608268737793e-02
1.206712424755096436e-01
6.429404020309448242e-02
-1.484566554427146912e-02
1.611414551734924316e-01
-1.439116895198822021e-01
5.459459871053695679e-02
6.110897660255432129e-02
1.077418625354766846e-01
-2.250055409967899323e-02
-1.265642642974853516e-01
1.484201252460479736e-01
-1.031096465885639191e-02
7.396148890256881714e-02
-1.240547597408294678e-01
-1.158914342522621155e-01
-3.190082684159278870e-02
1.657164096832275391e-02
4.511031135916709900e-02
5.350673198699951172e-02
-3.753910586237907410e-02
1.367852687835693359e-01
1.721478998661041260e-01
1.045287819579243660e-03
1.658903807401657104e-01
1.956880465149879456e-02
8.054947480559349060e-03
-6.588026881217956543e-02
-7.272185385227203369e-02
-7.292684912681579590e-02
-4.067803174257278442e-02
-2.842670492827892303e-02
-6.289178133010864258e-02
5.238574743270874023e-02
3.031801804900169373e-02
1.495098974555730820e-02
-1.142541989684104919e-01
5.692528933286666870e-02
-4.029184952378273010e-02
2.530385553836822510e-01
4.591598734259605408e-02
1.017100960016250610e-01
-7.749871164560317993e-02
-2.430378692224621773e-03
9.602449834346771240e-02
1.480263024568557739e-01
-1.219539809972047806e-02
1.867874860763549805e-01
7.108590751886367798e-02
-4.053016193211078644e-03
-2.325885295867919922e-01
2.180854044854640961e-02
-1.955448463559150696e-02
3.724335506558418274e-02
-9.175471961498260498e-02
1.417530775070190430e-01
4.905493929982185364e-02
2.663848921656608582e-02
-8.038285374641418457e-02
3.927688300609588623e-02
-4.676951467990875244e-01
4.671243205666542053e-02
1.592236459255218506e-01
8.813773840665817261e-02
-6.130738183856010437e-02
2.676915377378463745e-02
6.789267063140869141e-02
-1.001104712486267090e-01
-7.459243759512901306e-03
7.012797519564628601e-03
1.150063127279281616e-01
-3.327373042702674866e-02
-1.203569844365119934e-01
6.337919086217880249e-02
-2.007502317428588867e-02
3.133699595928192139e-01
-8.300963044166564941e-02
-7.621022313833236694e-02
2.291762083768844604e-02
-1.900023967027664185e-01
3.548520430922508240e-02
-5.619544163346290588e-02
-1.113809794187545776e-01
-2.518538385629653931e-02
-1.168779060244560242e-01
1.016485020518302917e-01
2.700208313763141632e-02
2.489038370549678802e-02
-5.115309730172157288e-02
4.427379462867975235e-03
-8.085749298334121704e-02
-4.913764819502830505e-02
3.347169235348701477e-02
-1.238469630479812622e-01
-9.206379950046539307e-02
-5.536488816142082214e-02
-2.184156775474548340e-01
3.625534474849700928e-02
-6.110966205596923828e-02
-1.609443873167037964e-02
-1.294485777616500854e-01
-2.520922571420669556e-02
1.042195130139589310e-02
-6.443304475396871567e-03
2.542437799274921417e-02
7.783346623182296753e-02
-8.385607041418552399e-03
-1.442581508308649063e-02
2.089432328939437866e-01
-2.105296701192855835e-01
5.693717300891876221e-02
3.085840679705142975e-02
-1.257755141705274582e-02
1.239919811487197876e-01
