-1.692117452621459961e-01
-6.004489213228225708e-02
-6.021211147308349609e-01
-3.634249269962310791e-01
-3.168762326240539551e-01
1.116906628012657166e-01
-4.444992840290069580e-01
-3.579346537590026855e-01
-3.681876659393310547e-01
-3.535292744636535645e-01
3.923731669783592224e-02
-5.050249819760210812e-05
-1.436612457036972046e-01
1.618241542018949986e-03
-4.888736307621002197e-01
-1.745498031377792358e-01
-2.444284781813621521e-02
-3.923018276691436768e-01
5.672773718833923340e-01
-2.640389204025268555e-01
-2.787172198295593262e-01
-2.593236565589904785e-01
-2.371004968881607056e-01
-2.643234729766845703e-01
-2.496183812618255615e-01
-4.126442074775695801e-01
-2.204137593507766724e-01
-4.761052429676055908e-01
-8.182182163000106812e-02
2.131579071283340454e-02
3.247293233871459961e-01
-2.144745588302612305e-01
3.062829375267028809e-01
-3.868152946233749390e-02
-5.013819336891174316e-01
-6.325328350067138672e-02
-1.915366500616073608e-01
-7.898025512695312500e-01
-2.977690994739532471e-01
-4.078575968742370605e-01
-2.568365931510925293e-01
-4.172174036502838135e-01
-7.932292670011520386e-02
-3.664437532424926758e-01
1.052280813455581665e-01
-9.944961220026016235e-02
2.906423807144165039e-01
-3.397691249847412109e-01
4.757720977067947388e-03
-5.930851101875305176e-01
3.364896476268768311e-01
-5.243799686431884766e-01
5.399696901440620422e-02
-9.041345119476318359e-02
-2.633029222488403320e-01
-1.469994038343429565e-01
9.821816533803939819e-02
-1.861825287342071533e-01
-3.987215757369995117e-01
-2.921843901276588440e-02
-4.348769485950469971e-01
-2.292522788047790527e-01
-8.397866040468215942e-02
-4.927440360188484192e-02
-3.794943541288375854e-02
-4.246726036071777344e-01
-1.903761774301528931e-01
1.702548116445541382e-01
-9.806988388299942017e-02
-3.378747403621673584e-01
-2.499447315931320190e-01
-1.556101292371749878e-01
-3.068830966949462891e-01
1.769676506519317627e-01
3.144777417182922363e-01
-2.373052015900611877e-02
-3.950627744197845459e-01
-3.991783410310745239e-02
-3.005726039409637451e-01
-2.450211346149444580e-01
-6.175809502601623535e-01
1.069201707839965820e+00
-4.255984127521514893e-01
1.024382933974266052e-01
-4.654700160026550293e-01
-1.272234469652175903e-01
-2.582509219646453857e-01
1.179084181785583496e-01
-6.732397675514221191e-01
-3.002368509769439697e-01
-2.459169328212738037e-01
-3.441842198371887207e-01
-5.147722959518432617e-01
-8.194936066865921021e-02
-2.922118902206420898e-01
-3.856952488422393799e-01
-1.914110183715820312e-01
-2.707109786570072174e-02
-6.876636147499084473e-01
6.980746239423751831e-02
-3.242266178131103516e-01
3.461351618170738220e-02
-1.007286906242370605e-01
-8.767149597406387329e-02
-1.687858626246452332e-02
-3.437961339950561523e-01
-4.894937276840209961e-01
-3.495900332927703857e-01
-4.206639826297760010e-01
-3.039264380931854248e-01
-1.456919312477111816e-01
-4.277201294898986816e-01
-6.010331586003303528e-02
-2.202161103487014771e-01
-2.453156262636184692e-01
-1.444183140993118286e-01
-3.360747694969177246e-01
-4.102937281131744385e-01
1.139862313866615295e-01
-4.619669020175933838e-01
-3.473206460475921631e-01
-3.149689435958862305e-01
-2.043506950139999390e-01
-2.463876754045486450e-01
-1.126783192157745361e-01
-3.966338932514190674e-01
2.903485596179962158e-01
-1.627246886491775513e-01
2.673452496528625488e-01
3.483983278274536133e-01
3.944749832153320312e-01
6.593235731124877930e-01
-1.187097206711769104e-01
1.572698801755905151e-01
2.702962607145309448e-02
3.243998587131500244e-01
1.037360653281211853e-01
-6.236078962683677673e-02
2.241119295358657837e-01
9.817615151405334473e-02
-7.682626694440841675e-02
1.840778887271881104e-01
-3.945805132389068604e-02
-2.488560788333415985e-02
-1.611565649509429932e-01
4.950360953807830811e-01
-1.778158396482467651e-01
2.623186707496643066e-01
-3.598018288612365723e-01
-6.323598325252532959e-02
2.741480469703674316e-01
7.926815003156661987e-02
1.078608632087707520e-01
3.136008083820343018e-01
8.160787820816040039e-02
8.280921727418899536e-02
3.584020435810089111e-01
2.406871467828750610e-01
2.364335805177688599e-01
-3.043090403079986572e-01
4.290335252881050110e-02
3.091008216142654419e-02
-8.308393508195877075e-02
-1.285962015390396118e-01
1.469777971506118774e-01
-2.996512353420257568e-01
-1.899946853518486023e-02
9.802468866109848022e-02
1.088213995099067688e-01
4.185147285461425781e-01
2.923013269901275635e-01
2.382802367210388184e-01
5.923399329185485840e-02
1.270334422588348389e-01
9.449054300785064697e-02
2.908214628696441650e-01
4.245347976684570312e-01
1.536482572555541992e-01
1.634436696767807007e-01
4.477572739124298096e-01
1.517515182495117188e-01
-1.016110107302665710e-01
-4.470866322517395020e-01
3.961812257766723633e-01
1.265226900577545166e-01
2.692315578460693359e-01
6.459136307239532471e-02
-1.075515374541282654e-01
-7.657750695943832397e-02
-5.054285377264022827e-02
-1.047397851943969727e-01
1.477508097887039185e-01
1.694136708974838257e-01
-1.090350523591041565e-01
4.743566215038299561e-01
2.161294519901275635e-01
-5.867892503738403320e-02
6.992577761411666870e-02
1.340731140226125717e-02
-2.354576289653778076e-01
5.068968236446380615e-02
1.149519011378288269e-01
3.897685557603836060e-02
-1.157683581113815308e-01
2.626250088214874268e-01
-1.328969150781631470e-01
2.288464456796646118e-01
2.311249971389770508e-01
-6.536448746919631958e-02
-3.527895808219909668e-01
1.835697889328002930e-01
2.839461155235767365e-02
7.988104224205017090e-02
1.175767481327056885e-01
2.275092899799346924e-01
-3.983337432146072388e-02
1.979854702949523926e-01
-3.144544064998626709e-01
7.956542968750000000e-01
2.572480738162994385e-01
-1.608468964695930481e-02
-1.130710169672966003e-01
5.470711737871170044e-02
2.326115071773529053e-01
1.569563299417495728e-01
-2.836554348468780518e-01
2.556013315916061401e-02
-2.574305236339569092e-01
-8.710142225027084351e-02
3.010194189846515656e-02
9.026971459388732910e-02
1.909457147121429443e-01
1.322455704212188721e-01
3.207841813564300537e-01
-4.335441812872886658e-02
1.187948882579803467e-01
2.942662835121154785e-01
9.993098676204681396e-02
4.569550752639770508e-01
-3.209378803148865700e-03
2.588510811328887939e-01
3.203049898147583008e-01
2.299515753984451294e-01
1.934131681919097900e-01
-2.487125992774963379e-02
1.500568389892578125e-01
2.411276400089263916e-01
2.921336703002452850e-02
3.419993445277214050e-02
2.320594638586044312e-01
1.534956395626068115e-01
-4.095650464296340942e-02
1.948875784873962402e-01
-2.288843691349029541e-02
5.643105506896972656e-01
-6.325283646583557129e-02
1.088348478078842163e-01
1.965151280164718628e-01
1.673634052276611328e-01
-4.476096108555793762e-02
1.621956825256347656e-01
-4.986075758934020996e-01
8.684851229190826416e-02
-2.128202095627784729e-02
4.660387989133596420e-03
-8.110444247722625732e-02
6.302867829799652100e-02
-1.861213892698287964e-01
-1.658115088939666748e-01
-1.093870624899864197e-01
2.213886380195617676e-01
-2.326744347810745239e-01
4.803476929664611816e-01
-1.297176629304885864e-01
1.413872689008712769e-01
-1.978781819343566895e-01
3.836770951747894287e-01
-2.500002682209014893e-01
-3.782206028699874878e-02
-1.571111381053924561e-01
-1.970717124640941620e-02
-8.703766763210296631e-02
-2.987331897020339966e-02
3.878724202513694763e-02
3.478822410106658936e-01
-6.593884527683258057e-02
-3.563315868377685547e-01
-9.489535540342330933e-02
1.643909811973571777e-01
-2.118383049964904785e-01
1.362284719944000244e-01
-8.790460228919982910e-02
-2.548959255218505859e-01
-2.640176713466644287e-01
2.919788062572479248e-01
1.012325882911682129e-01
-1.435557939112186432e-02
-1.314358711242675781e-01
-2.495074272155761719e-01
-1.009752005338668823e-01
-3.215855360031127930e-01
-1.247397288680076599e-01
-7.864564657211303711e-02
1.648604869842529297e-01
2.298748642206192017e-01
3.395826369524002075e-02
1.603665053844451904e-01
1.227815300226211548e-01
1.240916103124618530e-01
-2.072260081768035889e-01
-8.147587627172470093e-02
1.977987773716449738e-02
1.496898680925369263e-01
-4.938612505793571472e-02
6.134190130978822708e-03
-1.016239076852798462e-01
6.381241977214813232e-02
-2.302648313343524933e-02
2.488416135311126709e-01
-1.676323115825653076e-01
7.810674287611618638e-05
3.636189401149749756e-01
-3.223638609051704407e-02
-1.256358325481414795e-01
5.494679510593414307e-02
-2.192195057868957520e-01
1.699727475643157959e-01
-1.160186231136322021e-01
2.830107808113098145e-01
6.217979192733764648e-01
-9.142211079597473145e-02
-2.734831161797046661e-02
7.332478463649749756e-02
-1.729635149240493774e-01
4.992790147662162781e-02
-1.008340269327163696e-01
-1.642336398363113403e-01
1.183637902140617371e-01
4.523685202002525330e-02
-2.626938223838806152e-01
1.924848407506942749e-01
1.097358167171478271e-01
-7.184661459177732468e-03
8.334784954786300659e-02
3.357426449656486511e-02
1.898510456085205078e-01
1.944435015320777893e-02
-1.891166716814041138e-01
1.261657383292913437e-02
-1.005299836397171021e-01
-1.130385249853134155e-01
-2.773603200912475586e-01
-8.039919286966323853e-02
4.397798478603363037e-01
-8.129964023828506470e-02
-7.781395316123962402e-02
-1.023569405078887939e-01
1.844992339611053467e-01
-3.151324391365051270e-01
3.664981126785278320e-01
8.408243209123611450e-02
-1.553311944007873535e-01
1.588816493749618530e-01
-3.817586302757263184e-01
1.389070786535739899e-02
2.596731483936309814e-01
-1.065655276179313660e-01
-4.537756741046905518e-02
-1.463228464126586914e-01
2.820764482021331787e-01
2.771295374259352684e-03
4.053705558180809021e-02
-4.732493311166763306e-02
-2.311434447765350342e-01
8.299038559198379517e-02
1.689252555370330811e-01
-6.116782501339912415e-02
-9.606659412384033203e-02
-5.003157630562782288e-02
-6.645345687866210938e-02
1.481123417615890503e-01
6.040772050619125366e-02
1.392097771167755127e-01
1.697147637605667114e-01
5.542507767677307129e-01
1.741727292537689209e-01
-1.711470037698745728e-01
2.003861069679260254e-01
-1.124676391482353210e-01
-7.799877226352691650e-02
-1.127804219722747803e-01
8.308629691600799561e-02
3.188351690769195557e-01
2.391281574964523315e-01
-1.280647963285446167e-01
1.106880828738212585e-01
-2.528663277626037598e-01
2.425910532474517822e-01
4.116463661193847656e-01
4.366866052150726318e-01
6.780077815055847168e-01
1.082296390086412430e-02
8.257756382226943970e-02
-6.268389523029327393e-02
-1.129980534315109253e-01
-1.571625284850597382e-02
-7.154457853175699711e-04
1.480939090251922607e-01
1.524199396371841431e-01
3.355842828750610352e-01
1.108889132738113403e-01
-1.450223028659820557e-01
-9.768871963024139404e-02
1.881746798753738403e-01
3.500807583332061768e-01
4.466798603534698486e-01
2.519485950469970703e-01
1.083033755421638489e-01
-8.168326616287231445e-01
-5.109551921486854553e-02
4.013682305812835693e-01
-1.284607499837875366e-01
9.017769247293472290e-02
-2.385799586772918701e-01
-1.749225147068500519e-02
-6.524997949600219727e-02
-1.372432857751846313e-01
-3.298587203025817871e-01
4.531410038471221924e-01
2.566531002521514893e-01
1.601575165987014771e-01
8.433873951435089111e-02
5.258482694625854492e-01
-4.019988775253295898e-01
3.425174057483673096e-01
1.634135991334915161e-01
-2.471420913934707642e-01
8.488249033689498901e-02
1.705648750066757202e-01
1.328285932540893555e-01
1.179409697651863098e-01
-1.232977584004402161e-01
1.756201684474945068e-01
-1.266866773366928101e-01
-2.823902852833271027e-02
-1.833375245332717896e-01
2.465552389621734619e-01
1.439091265201568604e-01
2.812840044498443604e-01
5.729037523269653320e-02
3.936319351196289062e-01
1.746334582567214966e-01
-2.917827293276786804e-02
-1.961982846260070801e-01
-3.767430782318115234e-02
-1.680461615324020386e-01
-2.711818218231201172e-01
-2.210814952850341797e-01
1.162299960851669312e-01
1.834119111299514771e-01
3.450376093387603760e-01
3.301305770874023438e-01
3.531324565410614014e-01
4.334319829940795898e-01
-4.930924177169799805e-01
5.133000016212463379e-01
1.048546805977821350e-01
3.461815714836120605e-01
-9.490297734737396240e-02
-1.417072564363479614e-01
-1.387153752148151398e-02
3.200547695159912109e-01
-3.719459176063537598e-01
1.586099267005920410e-01
4.950392246246337891e-01
2.273332774639129639e-01
-5.128449797630310059e-01
1.092864125967025757e-01
-1.817464530467987061e-01
4.832527935504913330e-01
1.600429229438304901e-02
1.433460861444473267e-01
9.227190911769866943e-02
2.605198025703430176e-01
2.716057598590850830e-01
9.921578690409660339e-03
2.013653963804244995e-01
3.005011677742004395e-01
4.478259086608886719e-01
-1.038998365402221680e-01
-1.180943250656127930e-01
8.595008403062820435e-02
-1.489862985908985138e-02
1.365531533956527710e-01
1.790810376405715942e-01
-3.303583860397338867e-01
-2.681703679263591766e-02
5.891074240207672119e-02
5.945833399891853333e-02
2.597801685333251953e-01
7.368794083595275879e-02
-2.581665217876434326e-01
3.627134263515472412e-01
-2.181426584720611572e-01
3.324540704488754272e-02
-3.129186928272247314e-01
-3.997419029474258423e-02
-2.088622422888875008e-03
5.644911900162696838e-02
-3.768685758113861084e-01
3.892728090286254883e-01
2.590330541133880615e-01
