5.173252895474433899e-03
-2.381917685270309448e-01
-1.092040017247200012e-01
-1.533490978181362152e-02
-8.483121544122695923e-02
-5.832516029477119446e-02
3.112765960395336151e-02
1.849551498889923096e-01
2.930519878864288330e-01
5.586940795183181763e-02
4.782468676567077637e-01
4.921217262744903564e-01
3.017774596810340881e-02
1.394580453634262085e-01
-1.320415288209915161e-01
3.705488145351409912e-02
1.494645029306411743e-01
4.458437860012054443e-01
-5.664486088789999485e-04
7.013582944637164474e-05
4.895969107747077942e-02
-1.929387799464166164e-04
-6.253068568184971809e-04
-3.239421918988227844e-02
-1.079790219664573669e-01
1.480246037244796753e-01
8.037731796503067017e-02
1.248442530632019043e-01
7.592272758483886719e-02
1.686766371130943298e-02
