-2.999056505359476432e-07
-2.355834425316061242e-07
6.261424232434364967e-07
1.516733902917621890e-07
2.351599164285289589e-07
-1.005967760647763498e-06
-3.679336941786459647e-07
-9.545364036966930144e-07
-2.837589363480219617e-08
-1.453470446222127066e-07
1.551144919176294934e-07
-1.737493988684946089e-07
-8.696999316271103453e-07
7.416907692459062673e-07
-2.467008641815482406e-08
1.069125303843065922e-07
1.100518829844077118e-06
-1.985253739178460819e-08
2.914881918059109012e-07
-8.716057777746755164e-07
-6.997622108428913634e-07
1.425412108346790774e-07
-4.783931899510207586e-07
-5.670182190442574210e-07
5.825528432978899218e-07
-1.553686047373048496e-06
2.488184520643699216e-07
3.609985412822425133e-07
5.687354587280424312e-07
-1.244621756768538035e-07
4.823637027584481984e-07
-5.225188033364247531e-07
-6.264931471378076822e-07
-1.175799638986063655e-06
-9.535041272101807408e-07
-6.778450369893107563e-07
-1.249703927896916866e-06
1.852374111876997631e-07
8.356064995496126357e-07
-3.516546200899028918e-07
1.017191038954479154e-06
1.326149458691361360e-06
1.648554643907118589e-07
1.117565489039407112e-07
-2.636416809309594100e-07
-6.250637625271338038e-07
2.532654264086886542e-07
-2.910646514919790206e-07
4.828137178947145003e-08
-1.853962316999968607e-07
-7.126795935619156808e-07
5.169865175957966130e-07
-9.605980721971718594e-08
1.280303308703878429e-06
4.951487539983645547e-07
-4.263795574388495879e-07
3.038761633433750831e-07
-8.571002041435349383e-08
-6.723392402818717528e-07
3.416753884266654495e-07
3.513104900321195601e-07
3.106524957274814369e-07
-6.111140464781783521e-07
-4.903312174064922146e-07
3.254757245940709254e-07
6.278960427152924240e-07
3.419401082283002324e-07
-4.356440683750406606e-07
4.189679430055548437e-07
3.292874168892012676e-07
-3.041408547233004356e-07
-3.139347768410516437e-07
-4.890606533081154339e-07
-2.325129173641471425e-07
1.173407677561044693e-02
1.249121623914106749e-06
-2.175705731133348309e-07
-3.247345716772542801e-07
6.523279125758563168e-07
-7.890457141002116259e-07
4.425792354822988273e-08
-8.544532192900078371e-08
-2.235130978078814223e-07
-9.973914671945749433e-08
-2.576594511083385441e-07
3.812216391452238895e-07
-1.127941800405096728e-06
-8.846025707498483825e-07
-5.142601366969756782e-07
3.896391120861153468e-08
-3.927361262867634650e-07
-1.861373846168135060e-07
-7.786164815115625970e-07
2.432068129110120935e-07
-4.669316808758594561e-07
4.045682260311878053e-07
7.012974947429029271e-07
6.543131689795700368e-07
1.115765485337760765e-06
2.780413979053264484e-07
4.984839847566036042e-07
-4.219325830945308553e-07
8.615471642769989558e-07
-6.197167863319918979e-07
-6.130463248155137990e-08
-1.554321329422236886e-07
-5.836645868839696050e-07
8.466776080240379088e-07
7.064326723593694624e-07
4.348499658135551726e-07
-2.386539676990651060e-07
-6.776332384106353857e-07
6.786920891954650870e-08
-8.301536809085519053e-07
-1.337266866130448761e-07
4.373910940103087341e-07
6.066935611670487560e-07
-1.288879616367921699e-06
1.927019610548086348e-08
2.080810617144379648e-07
-6.635511908825719729e-07
3.218757882450518082e-08
6.022465868227300234e-07
4.377510776976123452e-06
-3.365666714216786204e-07
-2.186426151240539184e-08
-5.730236125600640662e-07
1.365854540580357934e-08
-5.849880935215878708e-08
2.477596616756727599e-08
2.347893399701206363e-07
3.193346742591529619e-07
3.485046704554406460e-07
-6.750656780241115484e-07
-2.618681946842116304e-07
5.457065412883821409e-07
-3.235698784465057543e-07
-7.195088755906908773e-07
-2.863529857677349355e-07
-8.842055194691056386e-07
-3.259521861309622182e-07
-3.500399259337427793e-07
3.251845441809564363e-07
-7.512199999837321229e-07
-1.911666913656517863e-07
-1.728758860508605721e-07
1.347854947653104318e-07
6.072758651498588733e-07
-2.288600455813138979e-07
-3.519987217259767931e-07
-1.687050051987171173e-02
1.138148456811904907e-02
1.531345333205536008e-06
3.898508964539360022e-07
-1.325129624456167221e-02
6.652452952948806342e-07
2.513741329312324524e-02
1.156899998022709042e-06
3.425224406328197801e-07
6.256626546382904053e-02
-1.939725251531854155e-07
-6.739353993907570839e-04
-2.920705242104304489e-07
2.079487018136205734e-07
5.301421310832665768e-07
-5.770470767885171881e-09
-5.042654462158679962e-03
7.530199468419596087e-07
4.140944220125675201e-03
-4.827129188925027847e-03
-3.259250894188880920e-03
1.793376170098781586e-02
1.768174767494201660e-02
-1.414961926639080048e-02
-1.809299364686012268e-02
7.496318232824705774e-08
-1.587882637977600098e-02
2.479057759046554565e-02
-5.206129571888595819e-07
1.808789372444152832e-02
-2.342069933547463734e-07
-2.064663817691325676e-08
-7.317398209124803543e-03
-1.308996843363274820e-06
2.059453353285789490e-02
4.166385849657672225e-07
4.857241292484104633e-04
1.063471194356679916e-02
1.058801935016617790e-09
8.675366640090942383e-03
4.946193712385138497e-07
3.255723742768168449e-03
3.855854272842407227e-02
-6.465044748438231181e-07
1.626891456544399261e-02
6.314165830190177076e-07
-6.393613759428262711e-03
6.351223760248103645e-07
-1.057002009474672377e-06
2.784913988307380350e-07
7.813958404767618049e-07
-5.578827426688803826e-07
1.077648676073295064e-06
-5.442602094262838364e-03
5.162221565842628479e-02
-5.393007995735388249e-07
1.092300750315189362e-02
-1.203193608671426773e-02
6.063776835799217224e-02
1.759728860406539752e-07
1.498098868069064338e-06
-5.289185047149658203e-02
-1.222994551062583923e-02
8.662058803565741982e-07
2.908137068152427673e-02
-1.189961054137711471e-07
6.521690920635592192e-07
4.433204026099701878e-07
1.013802872762425977e-07
-1.531172543764114380e-01
-1.132071020037983544e-06
-6.793273428229440469e-07
-3.100073896348476410e-03
3.139735385775566101e-02
2.716897753998637199e-03
3.773365542292594910e-02
4.059298895299434662e-03
-6.462927331085666083e-07
-1.747107319533824921e-02
-4.279594123363494873e-02
-3.736142441630363464e-02
1.219150703400373459e-02
-3.923920246506895637e-07
-6.369543261826038361e-03
-6.307812583372651716e-08
2.219904400408267975e-02
-4.227796353006851859e-07
-2.879941405353747541e-07
-1.714200408287069877e-07
-3.362755194302735617e-07
-2.745473466347903013e-07
-1.234986598319665063e-06
1.910971291363239288e-02
1.900005713105201721e-02
-1.989488964682095684e-07
2.386981807649135590e-02
-4.744613915681838989e-02
1.000567895204085289e-08
-1.194328689280155231e-07
1.209572143852710724e-02
8.742707967758178711e-02
-1.177016925066709518e-02
6.497835274785757065e-03
2.407378889620304108e-02
-6.027830764651298523e-03
1.733562350273132324e-02
-5.667766913575178478e-07
2.120780351333451108e-07
-1.603026191787648713e-07
1.173521857708692551e-03
4.531672459506808082e-07
1.775527559220790863e-02
4.664022696942993207e-07
-4.701345517332811141e-07
1.716577261686325073e-02
-1.074429415166378021e-02
-3.572397986317810137e-07
-4.280736334294488188e-07
2.767446823418140411e-02
1.267327577807009220e-03
-7.907662507022905629e-07
1.109690629164106213e-06
-7.029386210888333153e-07
-7.494200531255046371e-07
5.092215724289417267e-03
-4.410969154378108215e-07
3.143583171549835242e-07
-1.290159532800316811e-03
-5.571416181737731677e-07
-2.534771965656545945e-07
-1.045775879174470901e-02
-3.521310816267941846e-07
1.037918776273727417e-02
-7.426701813528779894e-07
-6.591571946046315134e-07
2.065507462248206139e-03
1.709321700036525726e-02
-1.459029164152525482e-07
-2.222843095660209656e-02
-8.470415764350036625e-07
-1.606626142347522546e-06
5.570357188844354823e-07
2.150226198136806488e-02
-4.588502645492553711e-02
2.234761370345950127e-03
-7.422264665365219116e-02
-5.353302867661113851e-07
-1.639025413169292733e-07
4.182267900887381984e-07
3.075621277093887329e-02
-8.703268319368362427e-02
-6.214156001806259155e-02
-7.586087565869092941e-03
1.115164011716842651e-01
7.684861123561859131e-02
1.263138186186552048e-02
3.728273138403892517e-02
-8.913101255893707275e-02
3.474633675068616867e-03
6.700794398784637451e-02
-1.056233234703540802e-02
1.039892807602882385e-01
-4.589092358946800232e-02
-1.202628985047340393e-01
3.147280961275100708e-02
1.394119858741760254e-01
-6.670079380273818970e-02
1.068867221474647522e-01
-6.018599122762680054e-02
-2.916096150875091553e-02
-1.419278085231781006e-01
-6.307717412710189819e-02
5.267830099910497665e-03
-6.595289707183837891e-02
9.769561141729354858e-02
-6.128070130944252014e-02
-5.117122456431388855e-02
-1.026206389069557190e-01
-7.199054211378097534e-02
-1.055884361267089844e-01
9.344395250082015991e-03
-1.967789046466350555e-02
-1.566702686250209808e-02
-1.213355734944343567e-01
8.668108284473419189e-02
-9.738572686910629272e-02
6.211731210350990295e-02
-3.068852052092552185e-02
5.807638168334960938e-02
5.643016844987869263e-02
-5.362096428871154785e-02
-4.520875215530395508e-02
2.897243760526180267e-02
-3.155085444450378418e-02
4.810124263167381287e-02
-1.666232645511627197e-01
8.226794004440307617e-02
-4.239584133028984070e-02
9.326218813657760620e-02
1.570512950420379639e-01
2.584801986813545227e-02
5.461714696139097214e-03
-5.072650313377380371e-02
-1.574530005455017090e-01
8.889969438314437866e-02
-9.071002132259309292e-04
2.674392424523830414e-02
-9.584117680788040161e-02
1.030777916312217712e-01
-1.000204533338546753e-01
-1.970111280679702759e-01
-1.191304624080657959e-01
6.753516942262649536e-02
4.856233671307563782e-02
-3.674856387078762054e-03
-9.596274048089981079e-02
-5.721599236130714417e-02
-3.228532522916793823e-02
-1.457743495702743530e-01
-1.348324865102767944e-01
-4.690340161323547363e-02
4.292779788374900818e-02
3.807115554809570312e-02
-9.320333600044250488e-02
5.933165922760963440e-02
8.381880819797515869e-02
1.033911928534507751e-01
-5.241410434246063232e-02
2.836221829056739807e-02
-1.349032949656248093e-02
-3.912761807441711426e-02
2.745033055543899536e-02
-1.186836045235395432e-03
1.081391051411628723e-02
8.944571763277053833e-02
1.348524838685989380e-01
3.744146227836608887e-02
-1.801893115043640137e-01
5.118384212255477905e-02
3.429556265473365784e-03
8.709213137626647949e-02
-3.857323527336120605e-02
1.698526553809642792e-02
1.652303338050842285e-02
2.831684984266757965e-02
-7.690522074699401855e-02
1.134117040783166885e-02
-3.234745934605598450e-02
-2.687010169029235840e-02
-1.286919265985488892e-01
-4.494952037930488586e-02
-1.096526309847831726e-01
8.997375518083572388e-02
5.975754931569099426e-02
1.438417136669158936e-01
3.506384044885635376e-02
-6.555782258510589600e-02
5.818034708499908447e-02
3.965144231915473938e-02
-4.298538342118263245e-02
2.548610977828502655e-02
1.360846608877182007e-01
-6.829649955034255981e-02
6.073196604847908020e-02
3.395997360348701477e-02
-1.285258680582046509e-02
1.283768564462661743e-01
-9.809800982475280762e-02
-1.477161888033151627e-02
-3.582453727722167969e-02
-1.409918349236249924e-02
1.674327105283737183e-01
-9.800166822969913483e-03
-4.685215826611965895e-04
1.352751627564430237e-02
4.571091011166572571e-02
-6.507217884063720703e-02
1.599085330963134766e-02
1.570284552872180939e-02
-9.571019327268004417e-04
1.829065941274166107e-02
5.968032032251358032e-02
-3.801091015338897705e-02
6.649650633335113525e-02
6.536566466093063354e-02
8.224514313042163849e-03
-1.034720316529273987e-01
4.712102562189102173e-02
1.844989657402038574e-01
7.553831487894058228e-02
-4.283839464187622070e-02
1.165717095136642456e-01
-1.624381542205810547e-02
-1.678152680397033691e-01
1.639611423015594482e-01
-5.933402851223945618e-02
2.435734961181879044e-03
-4.995430260896682739e-02
9.325626306235790253e-03
8.242464810609817505e-02
