8.539321899414062500e+00
8.438916206359863281e+00
8.526500701904296875e+00
8.566734313964843750e+00
8.570936203002929688e+00
8.534630775451660156e+00
8.539728164672851562e+00
8.507999420166015625e+00
8.550697326660156250e+00
8.462286949157714844e+00
8.562688827514648438e+00
8.426301002502441406e+00
8.547148704528808594e+00
8.543112754821777344e+00
8.463600158691406250e+00
8.506254196166992188e+00
8.542453765869140625e+00
8.587298393249511719e+00
8.476087570190429688e+00
8.504556655883789062e+00
8.505853652954101562e+00
8.545030593872070312e+00
8.446654319763183594e+00
8.533670425415039062e+00
8.488065719604492188e+00
8.578133583068847656e+00
8.493860244750976562e+00
8.566905975341796875e+00
8.550097465515136719e+00
8.524796485900878906e+00
8.610904693603515625e+00
8.561342239379882812e+00
8.513591766357421875e+00
8.509043693542480469e+00
8.475458145141601562e+00
8.475358963012695312e+00
8.517652511596679688e+00
8.467772483825683594e+00
8.556844711303710938e+00
8.449245452880859375e+00
8.490419387817382812e+00
8.521951675415039062e+00
8.492508888244628906e+00
8.483378410339355469e+00
8.490519523620605469e+00
8.411602973937988281e+00
8.527853012084960938e+00
8.557538986206054688e+00
8.555286407470703125e+00
8.492416381835937500e+00
8.547315597534179688e+00
8.514123916625976562e+00
8.463624954223632812e+00
8.456851005554199219e+00
8.498099327087402344e+00
8.456731796264648438e+00
8.494102478027343750e+00
8.539302825927734375e+00
8.520932197570800781e+00
8.440387725830078125e+00
8.483798027038574219e+00
8.479993820190429688e+00
8.463778495788574219e+00
8.563306808471679688e+00
8.537775039672851562e+00
8.534609794616699219e+00
8.488720893859863281e+00
8.528993606567382812e+00
8.456269264221191406e+00
8.488286018371582031e+00
8.542588233947753906e+00
8.489408493041992188e+00
8.565258026123046875e+00
8.522134780883789062e+00
2.548634767532348633e+00
8.550142288208007812e+00
8.577368736267089844e+00
8.490935325622558594e+00
8.568811416625976562e+00
8.431719779968261719e+00
8.477053642272949219e+00
8.462700843811035156e+00
8.532122611999511719e+00
8.530903816223144531e+00
8.487093925476074219e+00
8.502143859863281250e+00
8.522476196289062500e+00
8.509073257446289062e+00
8.507544517517089844e+00
8.470093727111816406e+00
8.504164695739746094e+00
8.493023872375488281e+00
8.432452201843261719e+00
8.484966278076171875e+00
8.558014869689941406e+00
8.440070152282714844e+00
8.460529327392578125e+00
8.526875495910644531e+00
8.489608764648437500e+00
8.523856163024902344e+00
8.533188819885253906e+00
8.504761695861816406e+00
8.495440483093261719e+00
8.572954177856445312e+00
8.504829406738281250e+00
8.451885223388671875e+00
8.560994148254394531e+00
8.509926795959472656e+00
8.528935432434082031e+00
8.560018539428710938e+00
8.516203880310058594e+00
8.507722854614257812e+00
8.516977310180664062e+00
8.521409988403320312e+00
8.559569358825683594e+00
8.551095962524414062e+00
8.646077156066894531e+00
8.545739173889160156e+00
8.529047966003417969e+00
8.534042358398437500e+00
8.537440299987792969e+00
8.581481933593750000e+00
8.508550643920898438e+00
8.550746917724609375e+00
8.515541076660156250e+00
8.551000595092773438e+00
8.467332839965820312e+00
8.561363220214843750e+00
8.548731803894042969e+00
8.454238891601562500e+00
8.541504859924316406e+00
8.623772621154785156e+00
8.541106224060058594e+00
8.523876190185546875e+00
8.476169586181640625e+00
8.451731681823730469e+00
8.568556785583496094e+00
8.479970932006835938e+00
8.525719642639160156e+00
8.490418434143066406e+00
8.480132102966308594e+00
8.564525604248046875e+00
8.442782402038574219e+00
8.404739379882812500e+00
8.543439865112304688e+00
8.519646644592285156e+00
8.568909645080566406e+00
8.514425277709960938e+00
8.538759231567382812e+00
8.506795883178710938e+00
1.177487969398498535e+00
1.070524215698242188e+00
-1.019657039642333984e+01
-1.033863449096679688e+01
7.956993579864501953e-01
-1.020750236511230469e+01
1.159582614898681641e+00
-9.704653739929199219e+00
-1.044894886016845703e+01
1.546362400054931641e+00
-1.017253017425537109e+01
1.256243228912353516e+00
-1.028714466094970703e+01
-1.027845573425292969e+01
-1.011233806610107422e+01
-1.063082504272460938e+01
6.935973763465881348e-01
-1.007445907592773438e+01
1.242996573448181152e+00
1.410613298416137695e+00
1.165084242820739746e+00
1.247112035751342773e+00
1.279471755027770996e+00
1.165920138359069824e+00
1.137627720832824707e+00
-1.036360740661621094e+01
1.105944514274597168e+00
7.930640578269958496e-01
-9.558979988098144531e+00
1.088558793067932129e+00
-9.736697196960449219e+00
-1.025174713134765625e+01
1.045290112495422363e+00
-1.053619098663330078e+01
1.042797565460205078e+00
-1.046220397949218750e+01
1.332968950271606445e+00
1.131983876228332520e+00
-1.020614337921142578e+01
1.022760033607482910e+00
-9.404961585998535156e+00
1.310961961746215820e+00
1.246449351310729980e+00
-9.825124740600585938e+00
1.174667000770568848e+00
-9.832257270812988281e+00
1.242684721946716309e+00
-9.675400733947753906e+00
-1.049360466003417969e+01
-1.059254360198974609e+01
-1.049131488800048828e+01
-1.028523731231689453e+01
-1.010163116455078125e+01
1.048635244369506836e+00
1.055694818496704102e+00
-1.021322822570800781e+01
1.146916508674621582e+00
1.260943889617919922e+00
1.101719021797180176e+00
-9.512953758239746094e+00
-1.044238948822021484e+01
1.040354132652282715e+00
1.356908798217773438e+00
-1.012798500061035156e+01
1.385094165802001953e+00
-1.039632129669189453e+01
-9.524508476257324219e+00
-1.033156204223632812e+01
-1.053629875183105469e+01
1.244018554687500000e+00
-1.025270938873291016e+01
-8.673071861267089844e+00
1.140904664993286133e+00
1.241431236267089844e+00
1.258527517318725586e+00
9.789026379585266113e-01
1.091843962669372559e+00
-1.023754787445068359e+01
1.346397757530212402e+00
1.159245371818542480e+00
1.264919042587280273e+00
1.107298612594604492e+00
-1.025440788269042969e+01
1.032194375991821289e+00
-9.921380043029785156e+00
1.001897096633911133e+00
-9.599680900573730469e+00
-1.036753749847412109e+01
-1.056174278259277344e+01
-9.608312606811523438e+00
-9.862661361694335938e+00
-9.962951660156250000e+00
1.206289768218994141e+00
1.240252614021301270e+00
-9.660243034362792969e+00
1.132017731666564941e+00
1.305302023887634277e+00
-1.024244499206542969e+01
-1.031067371368408203e+01
1.095927476882934570e+00
1.007040500640869141e+00
1.204726696014404297e+00
9.929687380790710449e-01
1.197689056396484375e+00
1.045000672340393066e+00
1.296728372573852539e+00
-1.035406112670898438e+01
-9.066052436828613281e+00
-1.028324317932128906e+01
1.033269047737121582e+00
-9.655499458312988281e+00
1.111494779586791992e+00
-1.037560081481933594e+01
-9.607378959655761719e+00
1.192741513252258301e+00
1.434965968132019043e+00
-1.052211856842041016e+01
-9.801878929138183594e+00
1.274753570556640625e+00
8.600710630416870117e-01
-1.024586009979248047e+01
-1.065900325775146484e+01
-9.208713531494140625e+00
-1.016339397430419922e+01
8.321722745895385742e-01
-1.011176395416259766e+01
-1.005004119873046875e+01
3.076093830168247223e-02
-9.081892013549804688e+00
-9.991621017456054688e+00
1.036594510078430176e+00
-1.023219013214111328e+01
1.199670433998107910e+00
-9.984707832336425781e+00
-9.580204010009765625e+00
1.213852405548095703e+00
1.106518149375915527e+00
-9.695880889892578125e+00
8.612563610076904297e-01
-1.037145900726318359e+01
-1.027894020080566406e+01
-9.911307334899902344e+00
1.282861232757568359e+00
1.259432315826416016e+00
1.135719299316406250e+00
9.508091211318969727e-01
-9.614011764526367188e+00
-1.014070606231689453e+01
-9.248736381530761719e+00
5.047337412834167480e-01
-8.492383174598217010e-03
3.250109851360321045e-01
1.714570969343185425e-01
6.914485991001129150e-02
3.394398838281631470e-02
-2.658214233815670013e-02
3.690586984157562256e-02
2.725882828235626221e-01
1.678038239479064941e-01
5.051526427268981934e-01
4.987180531024932861e-01
4.440518096089363098e-02
-5.157826840877532959e-02
-6.666722893714904785e-02
-1.013885531574487686e-02
-1.055995076894760132e-01
1.335724145174026489e-01
-7.853674888610839844e-02
-2.375529892742633820e-02
-4.174074530601501465e-01
-3.306019119918346405e-03
-1.093604341149330139e-01
-9.387862868607044220e-03
-1.648901402950286865e-02
-2.904469072818756104e-01
1.155409663915634155e-01
9.826748818159103394e-02
-7.989457249641418457e-02
4.149694927036762238e-03
-3.079795837402343750e-02
-2.121945321559906006e-01
-2.145053893327713013e-01
3.201756998896598816e-02
-9.450954198837280273e-02
-7.634865492582321167e-02
-1.365000288933515549e-02
-5.619719997048377991e-02
1.650900393724441528e-01
2.530511319637298584e-01
-1.711190305650234222e-02
-1.899782121181488037e-01
-2.415311709046363831e-02
1.170055568218231201e-01
1.332473475486040115e-02
1.006759181618690491e-01
-1.586720906198024750e-02
2.486092224717140198e-02
1.458022445440292358e-01
4.975657910108566284e-02
5.179926753044128418e-02
-1.930469274520874023e-01
-2.046253234148025513e-01
6.074640899896621704e-02
-3.915900830179452896e-03
-6.953337788581848145e-02
-1.817480176687240601e-01
1.868692934513092041e-01
1.830484569072723389e-01
2.004112452268600464e-01
9.303394705057144165e-02
3.572906926274299622e-02
4.744361713528633118e-02
8.644884079694747925e-02
2.097112126648426056e-02
1.821507513523101807e-01
2.821079827845096588e-02
-3.195966780185699463e-01
-7.420480716973543167e-03
-2.997794374823570251e-02
4.244342148303985596e-01
-2.853379771113395691e-02
1.569349169731140137e-01
-4.374260902404785156e-01
2.154539227485656738e-01
6.565074920654296875e-01
8.524692803621292114e-02
-2.912205271422863007e-02
-2.197602763772010803e-02
-2.820484936237335205e-01
5.386742204427719116e-02
4.487701952457427979e-01
-2.856592275202274323e-02
3.040823386982083321e-03
-6.548253004439175129e-04
3.946637362241744995e-02
7.012160867452621460e-02
4.460385143756866455e-01
-2.684069983661174774e-02
2.277014106512069702e-01
-1.621346324682235718e-01
-2.930071055889129639e-01
-4.759334772825241089e-02
2.006430774927139282e-01
-4.528509825468063354e-02
-1.335983909666538239e-02
6.237891688942909241e-02
1.034346446394920349e-01
9.341973066329956055e-02
-7.832943648099899292e-02
-9.932778030633926392e-02
-1.356782764196395874e-01
6.919784098863601685e-02
-2.161850780248641968e-02
4.882173240184783936e-02
-5.768960341811180115e-02
-2.913539409637451172e-01
-8.971702307462692261e-02
2.908359169960021973e-01
-1.069279089570045471e-01
1.299747228622436523e-01
-1.138003841042518616e-01
-3.950529173016548157e-02
-1.714928299188613892e-01
-7.188259810209274292e-02
-1.465899199247360229e-01
3.739300072193145752e-01
8.743400871753692627e-02
-9.417008608579635620e-02
-1.212769374251365662e-01
-5.052393674850463867e-02
6.598181277513504028e-02
-8.232726901769638062e-02
-1.140738427639007568e-01
5.065854638814926147e-02
-1.358145624399185181e-01
6.194072309881448746e-03
2.366455644369125366e-01
1.740121692419052124e-01
4.418815374374389648e-01
-3.964232653379440308e-02
9.524232894182205200e-02
1.917381957173347473e-02
-1.886786371469497681e-01
1.578349620103836060e-01
-2.583470046520233154e-01
-2.125830203294754028e-01
-7.423172146081924438e-02
-1.778156124055385590e-02
1.062705367803573608e-02
1.728085801005363464e-02
-1.813939362764358521e-01
2.487690895795822144e-01
2.665805816650390625e-01
1.585223227739334106e-01
3.614447638392448425e-02
2.866755723953247070e-01
2.354518026113510132e-01
-4.967439547181129456e-02
2.225351892411708832e-02
3.902646899223327637e-02
