8.484529495239257812e+00
8.480859756469726562e+00
8.542451858520507812e+00
8.514798164367675781e+00
8.516658782958984375e+00
8.537005424499511719e+00
8.468420028686523438e+00
8.540544509887695312e+00
8.540472984313964844e+00
8.462381362915039062e+00
8.511263847351074219e+00
8.434982299804687500e+00
8.543696403503417969e+00
8.532700538635253906e+00
8.586010932922363281e+00
8.610451698303222656e+00
8.472307205200195312e+00
8.441073417663574219e+00
8.530667304992675781e+00
8.499934196472167969e+00
8.531436920166015625e+00
8.431061744689941406e+00
8.537469863891601562e+00
8.497410774230957031e+00
8.537649154663085938e+00
8.508394241333007812e+00
8.497058868408203125e+00
8.470407485961914062e+00
8.436086654663085938e+00
8.541136741638183594e+00
8.472670555114746094e+00
8.542226791381835938e+00
8.483940124511718750e+00
8.545077323913574219e+00
8.504316329956054688e+00
8.567756652832031250e+00
8.505005836486816406e+00
8.576881408691406250e+00
8.467988014221191406e+00
8.526900291442871094e+00
8.555170059204101562e+00
8.485071182250976562e+00
8.505555152893066406e+00
8.434326171875000000e+00
8.488220214843750000e+00
8.433718681335449219e+00
8.474496841430664062e+00
8.543226242065429688e+00
8.541404724121093750e+00
8.557861328125000000e+00
8.539629936218261719e+00
8.573525428771972656e+00
8.560748100280761719e+00
8.547224044799804688e+00
8.538763046264648438e+00
8.594470024108886719e+00
8.518734931945800781e+00
8.493988990783691406e+00
8.499794006347656250e+00
8.501766204833984375e+00
8.560983657836914062e+00
8.535765647888183594e+00
8.536785125732421875e+00
8.517683982849121094e+00
8.455926895141601562e+00
8.517493247985839844e+00
8.533470153808593750e+00
8.538672447204589844e+00
8.490106582641601562e+00
8.510203361511230469e+00
8.533677101135253906e+00
8.500151634216308594e+00
8.443163871765136719e+00
8.483769416809082031e+00
2.683824539184570312e+00
8.464149475097656250e+00
8.473103523254394531e+00
8.568410873413085938e+00
8.435789108276367188e+00
8.541200637817382812e+00
8.558374404907226562e+00
8.518762588500976562e+00
8.527153968811035156e+00
8.490775108337402344e+00
8.396379470825195312e+00
8.545262336730957031e+00
8.504254341125488281e+00
8.518483161926269531e+00
8.596716880798339844e+00
8.551498413085937500e+00
8.489893913269042969e+00
8.566046714782714844e+00
8.434085845947265625e+00
8.499429702758789062e+00
8.518081665039062500e+00
8.579441070556640625e+00
8.440841674804687500e+00
8.520080566406250000e+00
8.576781272888183594e+00
8.550781250000000000e+00
8.467481613159179688e+00
8.494604110717773438e+00
8.496065139770507812e+00
8.503028869628906250e+00
8.553498268127441406e+00
8.540311813354492188e+00
8.491374969482421875e+00
8.544827461242675781e+00
8.557995796203613281e+00
8.497074127197265625e+00
8.540283203125000000e+00
8.448722839355468750e+00
8.540287971496582031e+00
8.535429000854492188e+00
8.482031822204589844e+00
8.444090843200683594e+00
8.509595870971679688e+00
8.493116378784179688e+00
8.462021827697753906e+00
8.555027961730957031e+00
8.431225776672363281e+00
8.554519653320312500e+00
8.523649215698242188e+00
8.631026268005371094e+00
8.524427413940429688e+00
8.498040199279785156e+00
8.528135299682617188e+00
8.566047668457031250e+00
8.455965995788574219e+00
8.606233596801757812e+00
8.457961082458496094e+00
8.498105049133300781e+00
8.480669975280761719e+00
8.537985801696777344e+00
8.478031158447265625e+00
8.557019233703613281e+00
8.472858428955078125e+00
8.581010818481445312e+00
8.494445800781250000e+00
8.568775177001953125e+00
8.543582916259765625e+00
8.519817352294921875e+00
8.557978630065917969e+00
8.423429489135742188e+00
8.491423606872558594e+00
8.462647438049316406e+00
8.475041389465332031e+00
8.574773788452148438e+00
8.506010055541992188e+00
8.565568923950195312e+00
1.037477135658264160e+00
1.159903168678283691e+00
-1.018278503417968750e+01
-1.030083656311035156e+01
7.774758338928222656e-01
-1.032046794891357422e+01
1.141501069068908691e+00
-9.713212966918945312e+00
-1.038927936553955078e+01
1.392086625099182129e+00
-1.008686256408691406e+01
1.320087552070617676e+00
-1.034348773956298828e+01
-1.015242099761962891e+01
-1.005005931854248047e+01
-1.062807559967041016e+01
7.501667737960815430e-01
-1.006137371063232422e+01
1.254324078559875488e+00
1.392190933227539062e+00
1.183424711227416992e+00
1.313125729560852051e+00
1.258135437965393066e+00
1.250136733055114746e+00
1.176584720611572266e+00
-1.044912338256835938e+01
1.025915145874023438e+00
6.951047778129577637e-01
-9.612499237060546875e+00
1.124619245529174805e+00
-9.641925811767578125e+00
-1.020390319824218750e+01
1.145129442214965820e+00
-1.047680950164794922e+01
1.131524205207824707e+00
-1.046809959411621094e+01
1.338773965835571289e+00
1.078094363212585449e+00
-1.025257015228271484e+01
1.082985639572143555e+00
-9.378172874450683594e+00
1.276068806648254395e+00
1.350868344306945801e+00
-9.831037521362304688e+00
1.070981383323669434e+00
-9.834223747253417969e+00
1.244118213653564453e+00
-9.674213409423828125e+00
-1.038097095489501953e+01
-1.064057922363281250e+01
-1.054176616668701172e+01
-1.014126777648925781e+01
-1.011348247528076172e+01
1.165014863014221191e+00
1.062736511230468750e+00
-1.022759819030761719e+01
1.150421500205993652e+00
1.328114271163940430e+00
1.209362983703613281e+00
-9.390233039855957031e+00
-1.040649700164794922e+01
1.045680165290832520e+00
1.249701261520385742e+00
-1.014319229125976562e+01
1.439862132072448730e+00
-1.036813640594482422e+01
-9.631279945373535156e+00
-1.027033710479736328e+01
-1.056231403350830078e+01
1.126984238624572754e+00
-1.014325714111328125e+01
-8.680635452270507812e+00
1.030400633811950684e+00
1.241534352302551270e+00
1.376726984977722168e+00
9.852614998817443848e-01
1.138999938964843750e+00
-1.031320095062255859e+01
1.352708578109741211e+00
1.204677700996398926e+00
1.251141905784606934e+00
1.165827512741088867e+00
-1.032705307006835938e+01
1.152556061744689941e+00
-9.958796501159667969e+00
1.019683003425598145e+00
-9.535119056701660156e+00
-1.033900928497314453e+01
-1.054619693756103516e+01
-9.705131530761718750e+00
-9.899694442749023438e+00
-1.000683307647705078e+01
1.199871420860290527e+00
1.207523941993713379e+00
-9.754961013793945312e+00
1.237534165382385254e+00
1.380807042121887207e+00
-1.016638946533203125e+01
-1.024957275390625000e+01
1.192939519882202148e+00
1.049564838409423828e+00
1.219261765480041504e+00
1.029773235321044922e+00
1.158887386322021484e+00
9.241510033607482910e-01
1.320782542228698730e+00
-1.031427478790283203e+01
-9.171442985534667969e+00
-1.019547176361083984e+01
9.770621061325073242e-01
-9.638586997985839844e+00
9.979310035705566406e-01
-1.031583499908447266e+01
-9.626461982727050781e+00
1.204177379608154297e+00
1.434273362159729004e+00
-1.052689075469970703e+01
-9.848469734191894531e+00
1.222443580627441406e+00
9.017359018325805664e-01
-1.023515319824218750e+01
-1.073614311218261719e+01
-9.177163124084472656e+00
-1.019451713562011719e+01
9.650358557701110840e-01
-1.010411739349365234e+01
-1.004143714904785156e+01
9.043359011411666870e-02
-9.042974472045898438e+00
-9.891898155212402344e+00
1.149000883102416992e+00
-1.030175781250000000e+01
1.222932577133178711e+00
-1.010023975372314453e+01
-9.634841918945312500e+00
1.081451177597045898e+00
1.139229655265808105e+00
-9.667599678039550781e+00
8.223275542259216309e-01
-1.031253242492675781e+01
-1.032360744476318359e+01
-1.002351951599121094e+01
1.318792223930358887e+00
1.121439576148986816e+00
1.153088688850402832e+00
1.021211028099060059e+00
-9.615180015563964844e+00
-1.026535224914550781e+01
-9.344563484191894531e+00
4.891521930694580078e-01
-1.777642755769193172e-03
2.513567507266998291e-01
2.003029286861419678e-01
3.556791692972183228e-02
9.186113625764846802e-02
-8.680544048547744751e-02
7.089646905660629272e-02
2.437914013862609863e-01
1.512277126312255859e-01
4.945752918720245361e-01
3.735620081424713135e-01
-6.015805527567863464e-02
-1.742665655910968781e-02
-1.088216826319694519e-01
-9.851273149251937866e-03
-1.307930946350097656e-01
7.880619168281555176e-02
-9.133270382881164551e-02
-4.884497821331024170e-02
-3.746708035469055176e-01
-5.767505615949630737e-02
-7.863642275333404541e-02
-5.519364401698112488e-02
-3.646291419863700867e-02
-2.862694859504699707e-01
1.294477097690105438e-02
1.698399931192398071e-01
-3.984403982758522034e-02
-3.310298919677734375e-02
-2.740362100303173065e-02
-2.678240835666656494e-01
-1.970947682857513428e-01
2.308933250606060028e-02
-2.030195854604244232e-02
-1.288563907146453857e-01
-7.065427489578723907e-04
5.229167640209197998e-02
9.487377852201461792e-02
2.715701758861541748e-01
-8.411580324172973633e-02
-1.554712504148483276e-01
9.242457151412963867e-02
9.920122474431991577e-02
1.332819908857345581e-01
1.033307015895843506e-01
6.368768215179443359e-02
-2.653104811906814575e-02
1.074256598949432373e-01
2.462309785187244415e-02
1.012704968452453613e-01
-2.929165214300155640e-02
-1.169089972972869873e-01
1.624136269092559814e-01
-2.365704998373985291e-02
-8.694458007812500000e-02
-2.264125645160675049e-01
2.065115123987197876e-01
8.570344746112823486e-02
1.409382671117782593e-01
9.639140218496322632e-02
-2.450966089963912964e-02
4.406743869185447693e-02
1.235039085149765015e-01
1.280374079942703247e-01
2.949736714363098145e-01
1.046039834618568420e-01
-2.101391106843948364e-01
-1.615329384803771973e-01
6.811136752367019653e-02
3.022202849388122559e-01
1.693446747958660126e-02
1.836306750774383545e-01
-4.336029887199401855e-01
1.030016094446182251e-01
-1.102030754089355469e+00
5.290532112121582031e-02
1.463420502841472626e-02
2.560983411967754364e-02
-2.751557230949401855e-01
4.801069200038909912e-02
4.666963815689086914e-01
2.108435146510601044e-03
-3.877590643242001534e-03
-2.230441384017467499e-02
2.140604890882968903e-02
7.850521802902221680e-02
3.463203310966491699e-01
7.700712978839874268e-02
3.126798868179321289e-01
-2.665958106517791748e-01
-1.207465305924415588e-01
8.125328458845615387e-03
1.063652485609054565e-01
-5.691519379615783691e-02
1.073209568858146667e-01
1.410175710916519165e-01
7.979173958301544189e-02
3.712417185306549072e-02
3.766926750540733337e-02
-1.230051554739475250e-02
-6.507708132266998291e-02
2.953834086656570435e-02
-1.108754873275756836e-01
1.211489364504814148e-02
6.351465731859207153e-02
-1.856629699468612671e-01
-1.614626795053482056e-01
2.298444956541061401e-01
-2.408021595329046249e-03
9.289684146642684937e-02
-2.214596569538116455e-01
2.494691172614693642e-03
-5.315283313393592834e-02
3.166140615940093994e-02
-1.799712181091308594e-01
3.768938481807708740e-01
1.266911393031477928e-03
-1.391670256853103638e-01
-4.832323640584945679e-03
-5.890411511063575745e-02
-2.379943989217281342e-02
3.438152745366096497e-02
-1.709293574094772339e-01
-8.713392168283462524e-02
-9.075913578271865845e-02
-2.107453346252441406e-02
2.009510844945907593e-01
4.445827007293701172e-02
3.436296582221984863e-01
-8.408512920141220093e-03
-2.011710219085216522e-02
5.279990658164024353e-02
-5.422856658697128296e-02
2.373324930667877197e-01
-2.582553625106811523e-01
-1.137687191367149353e-01
-1.527875512838363647e-01
-4.182211309671401978e-02
7.623851299285888672e-02
1.219354942440986633e-01
-1.376477032899856567e-01
1.260561645030975342e-01
2.851278483867645264e-01
-4.472158383578062057e-03
-3.655924648046493530e-02
3.206030130386352539e-01
1.707397848367691040e-01
3.344091027975082397e-02
2.277173101902008057e-02
7.515061646699905396e-02
