-7.311082631349563599e-02
2.799436822533607483e-02
-9.943665564060211182e-02
1.561370491981506348e-01
2.030523493885993958e-02
-1.229756921529769897e-01
-3.996831923723220825e-02
-7.593819499015808105e-02
-1.019995287060737610e-01
1.011152192950248718e-01
1.533062458038330078e-01
8.146999776363372803e-02
-4.120977222919464111e-02
1.474650055170059204e-01
1.243888810276985168e-01
2.224599942564964294e-02
-4.028486460447311401e-02
-1.677470505237579346e-01
9.861503727734088898e-03
-7.451720535755157471e-02
1.535776816308498383e-02
1.464783772826194763e-02
-6.842780858278274536e-02
6.911152601242065430e-02
-8.498757332563400269e-02
-5.501156300306320190e-02
8.772265166044235229e-02
-1.941832341253757477e-02
2.872754819691181183e-02
-1.164669767022132874e-01
1.269742995500564575e-01
4.296813905239105225e-02
-1.110576316714286804e-01
-3.725044801831245422e-02
1.167964003980159760e-02
-7.192701101303100586e-02
-7.544822245836257935e-02
-2.482451312243938446e-02
-6.118897348642349243e-03
-1.019918546080589294e-01
-6.002575159072875977e-02
-1.532590482383966446e-02
-3.049100004136562347e-02
5.894923955202102661e-02
8.517839014530181885e-03
3.570583090186119080e-02
9.999793954193592072e-03
-1.290001571178436279e-01
-3.525792853906750679e-03
-1.921629160642623901e-01
-2.249904209747910500e-03
-1.046450510621070862e-01
-1.025243476033210754e-01
-5.915640294551849365e-02
-7.008749246597290039e-02
7.300689816474914551e-02
4.679344221949577332e-02
-1.688698120415210724e-02
-4.896348342299461365e-02
1.067923158407211304e-01
2.723682858049869537e-02
-3.626502305269241333e-02
2.801497466862201691e-02
-8.503219485282897949e-02
-2.049722336232662201e-02
2.915254794061183929e-02
4.609591886401176453e-02
-7.924914360046386719e-02
-2.870411612093448639e-02
4.172603040933609009e-02
9.873805940151214600e-02
3.424204513430595398e-02
-9.760984778404235840e-02
1.161654293537139893e-02
-3.097639791667461395e-02
-1.206675916910171509e-02
1.163454055786132812e-01
-1.893644630908966064e-01
-9.038817882537841797e-02
2.632526680827140808e-02
-9.632369130849838257e-02
-7.063481211662292480e-02
-6.932202726602554321e-02
2.931062504649162292e-02
5.014711990952491760e-02
6.937700510025024414e-02
7.248028367757797241e-02
9.432416409254074097e-02
2.231784760951995850e-01
-9.529159218072891235e-02
-7.118629291653633118e-03
-3.497842326760292053e-02
4.682654980570077896e-03
-5.813108012080192566e-02
-1.160920336842536926e-01
1.277315989136695862e-02
1.128472667187452316e-02
-2.873752824962139130e-02
-1.561374813318252563e-01
-8.754720538854598999e-02
-1.006632596254348755e-01
-3.693303093314170837e-02
-7.630915939807891846e-02
-4.043100774288177490e-02
7.346743345260620117e-02
-2.708912640810012817e-02
1.655991524457931519e-01
8.120761066675186157e-02
1.539390720427036285e-02
3.167121484875679016e-02
7.111344486474990845e-02
2.357755973935127258e-02
-8.671156316995620728e-02
5.320730805397033691e-02
-5.879150703549385071e-02
-4.827757924795150757e-02
-1.226517278701066971e-02
-4.741346836090087891e-02
6.497223395854234695e-03
-1.078528538346290588e-01
9.883478283882141113e-02
-1.555485725402832031e-01
4.130051285028457642e-02
-2.802114374935626984e-02
-3.139599412679672241e-02
2.665291167795658112e-02
-1.027910858392715454e-01
-1.563669592142105103e-01
1.279633957892656326e-02
1.644217222929000854e-01
-6.449815630912780762e-02
-2.038702368736267090e-01
4.197015985846519470e-02
3.179363533854484558e-02
-3.329734504222869873e-02
3.943705186247825623e-02
-9.095399081707000732e-02
1.047800853848457336e-01
-4.280294477939605713e-02
5.012372508645057678e-02
6.581526249647140503e-02
-1.933394372463226318e-02
6.778606027364730835e-02
-6.118346750736236572e-02
3.605518117547035217e-02
8.253427594900131226e-02
1.693973988294601440e-01
5.773022398352622986e-02
-1.366998404264450073e-01
5.438309907913208008e-02
