2.303014695644378662e-01
-7.808932065963745117e-01
-2.875452339649200439e-01
-7.041811347007751465e-01
-6.296442151069641113e-01
6.322148442268371582e-02
-4.227278530597686768e-01
-7.554858326911926270e-01
-5.916703939437866211e-01
-4.808239340782165527e-01
-4.461579918861389160e-01
-3.109514527022838593e-02
-2.529661059379577637e-01
-3.803398311138153076e-01
-3.408523797988891602e-01
-2.501056492328643799e-01
-5.046158656477928162e-02
-1.212607249617576599e-01
2.944708429276943207e-02
-7.999017834663391113e-01
-1.319131851196289062e-01
1.163683906197547913e-01
-5.155740976333618164e-01
-7.004328966140747070e-01
-5.028170347213745117e-01
-3.593341410160064697e-01
-1.755689084529876709e-01
-3.643462955951690674e-01
-1.777635067701339722e-01
6.022907495498657227e-01
-1.550317704677581787e-01
-9.247959256172180176e-01
-3.737966716289520264e-01
1.620762944221496582e-01
-4.862315356731414795e-01
-6.319527029991149902e-01
-4.118032753467559814e-01
-3.983511328697204590e-01
-3.558180034160614014e-01
-5.603316426277160645e-01
1.161197870969772339e-01
2.102343738079071045e-02
1.352195888757705688e-01
-6.645257472991943359e-01
-6.154223084449768066e-01
4.863341152667999268e-01
-4.489584565162658691e-01
-2.555738687515258789e-01
-5.630325675010681152e-01
-4.925544559955596924e-01
-2.451908290386199951e-01
-3.357780575752258301e-01
-3.700350597500801086e-02
-4.881311058998107910e-01
-7.334530949592590332e-01
-9.545390307903289795e-02
-1.877694576978683472e-01
-4.984883964061737061e-01
5.520409718155860901e-02
1.443117260932922363e-01
6.499562859535217285e-01
-1.417245715856552124e-01
-5.542470812797546387e-01
-9.506823122501373291e-02
-4.368353784084320068e-01
-6.095823049545288086e-01
-2.781677246093750000e-01
5.518375635147094727e-01
-4.088425040245056152e-01
-6.967659574002027512e-03
-4.476688206195831299e-01
-3.116114437580108643e-01
-5.855584740638732910e-01
4.358320310711860657e-02
-3.230590224266052246e-01
-9.158899635076522827e-02
3.826843202114105225e-01
9.042990952730178833e-02
-3.666242361068725586e-01
-2.123864889144897461e-01
2.267441004514694214e-01
-3.571780622005462646e-01
-1.313830316066741943e-01
1.003680676221847534e-01
-5.428169369697570801e-01
3.543185293674468994e-01
-4.100292623043060303e-01
-6.634112596511840820e-01
-4.961686730384826660e-01
-5.516780614852905273e-01
-2.879644036293029785e-01
-2.210742533206939697e-01
-4.239090979099273682e-01
-5.172441601753234863e-01
-9.106241166591644287e-02
-1.508001685142517090e-01
-8.056690543889999390e-02
-2.169728726148605347e-01
4.800688922405242920e-01
-3.234446048736572266e-01
7.497414946556091309e-02
-3.736882209777832031e-01
-1.965484023094177246e-01
-2.336662113666534424e-01
-2.081894129514694214e-01
-1.812614649534225464e-01
-7.744359970092773438e-01
-4.235627651214599609e-01
3.291157782077789307e-01
-1.175835579633712769e-01
2.389594465494155884e-01
-1.980142742395401001e-01
-5.178948640823364258e-01
-1.310486067086458206e-02
-3.445405364036560059e-01
-6.074367761611938477e-01
-6.426832079887390137e-01
-3.068797290325164795e-01
-8.170080780982971191e-01
-6.769927144050598145e-01
-2.545410990715026855e-01
-2.027981728315353394e-01
-2.648637890815734863e-01
-7.705006748437881470e-02
-1.834194064140319824e-01
-5.865948200225830078e-01
-4.960265755653381348e-01
2.812297940254211426e-01
3.896339535713195801e-01
5.298598408699035645e-01
-1.479579508304595947e-01
2.456605881452560425e-01
5.536364912986755371e-01
-4.552252963185310364e-02
2.557270526885986328e-01
7.144116759300231934e-01
-1.780188232660293579e-01
3.318398594856262207e-01
6.765605509281158447e-02
-6.530225276947021484e-02
3.393727242946624756e-01
3.364669978618621826e-01
2.059312462806701660e-01
-8.338865637779235840e-02
5.947555601596832275e-02
4.867105931043624878e-02
-9.470206499099731445e-02
-7.233412563800811768e-02
-2.971263825893402100e-01
2.580675780773162842e-01
2.973828837275505066e-02
5.569426417350769043e-01
4.900996983051300049e-01
4.976081848144531250e-01
2.756665050983428955e-01
-4.598504900932312012e-01
2.272656708955764771e-01
7.091242354363203049e-03
4.042408615350723267e-02
8.192252516746520996e-01
2.300959080457687378e-01
-7.275349497795104980e-01
8.046140521764755249e-02
5.166279673576354980e-01
4.524623230099678040e-02
4.784298241138458252e-01
-1.779226399958133698e-02
3.225043714046478271e-01
2.824027836322784424e-01
-2.662703990936279297e-01
6.039791107177734375e-01
2.784560024738311768e-01
2.660537362098693848e-01
3.277288973331451416e-01
3.074318170547485352e-01
4.548262953758239746e-01
1.416127532720565796e-01
6.425402760505676270e-01
3.122422993183135986e-01
1.900223828852176666e-02
1.515582352876663208e-01
-2.278040796518325806e-01
5.202248096466064453e-01
-2.751390337944030762e-01
1.309029161930084229e-01
2.109076976776123047e-01
1.389280110597610474e-01
-1.527008116245269775e-01
-2.085320800542831421e-01
2.044703811407089233e-01
2.752950601279735565e-02
2.007009834051132202e-01
-1.318171471357345581e-01
4.925739169120788574e-01
4.603103175759315491e-02
-9.286259412765502930e-01
3.417479097843170166e-01
-1.432656794786453247e-01
3.849831223487854004e-01
2.681399285793304443e-01
3.517083525657653809e-01
-3.410914838314056396e-01
4.043741524219512939e-01
1.654032617807388306e-01
-1.627539694309234619e-01
-4.317437410354614258e-01
3.075202405452728271e-01
3.678347170352935791e-01
-2.911996468901634216e-02
4.611570239067077637e-01
2.837510406970977783e-01
4.040929973125457764e-01
4.245731234550476074e-01
-7.381650060415267944e-02
9.224186092615127563e-02
2.871478199958801270e-01
2.592549026012420654e-01
1.864176243543624878e-01
1.700926199555397034e-02
-3.495447337627410889e-01
1.215141862630844116e-01
5.284766554832458496e-01
-7.293546944856643677e-02
3.611713349819183350e-01
-7.785896304994821548e-03
1.797594130039215088e-01
-6.039873957633972168e-01
1.366688758134841919e-01
-1.408107113093137741e-02
5.355458259582519531e-01
3.765369579195976257e-02
2.144795656204223633e-01
2.729046642780303955e-01
1.226655542850494385e-01
4.616581201553344727e-01
-1.523937880992889404e-01
5.271138548851013184e-01
2.825899720191955566e-01
4.007706418633460999e-02
2.778656184673309326e-01
-1.774487793445587158e-01
4.309637248516082764e-01
-1.568232625722885132e-01
3.603005409240722656e-01
4.603194892406463623e-01
1.592302471399307251e-01
4.027977287769317627e-01
7.309558987617492676e-01
1.196350157260894775e-01
3.716045320034027100e-01
-2.548368573188781738e-01
3.183553740382194519e-02
2.684616446495056152e-01
3.818982243537902832e-01
7.685136795043945312e-02
-5.721105337142944336e-01
6.789542734622955322e-02
4.986996576189994812e-02
-2.204553335905075073e-01
-5.589187890291213989e-02
1.092699617147445679e-01
1.376986205577850342e-01
4.011293500661849976e-02
-1.364121437072753906e-01
-7.496345043182373047e-02
-4.796338081359863281e-01
-9.812424331903457642e-02
-3.650911897420883179e-02
2.081120153889060020e-03
1.893448382616043091e-01
4.011214897036552429e-02
-1.994307637214660645e-01
-3.675801157951354980e-01
-3.089537322521209717e-01
-1.617230772972106934e-01
-9.344210475683212280e-02
-2.102229744195938110e-01
-2.819422483444213867e-01
-3.033147752285003662e-02
2.084559388458728790e-02
-1.701524108648300171e-01
2.620485424995422363e-01
2.218011766672134399e-01
2.245085239410400391e-01
-6.069291383028030396e-03
-1.207365468144416809e-01
-3.078421950340270996e-01
1.072735264897346497e-01
-1.764137744903564453e-01
-2.248393744230270386e-02
-2.165930867195129395e-01
9.383659809827804565e-02
1.814675778150558472e-01
-1.783791631460189819e-01
5.177572835236787796e-03
-1.401346474885940552e-01
-5.406233295798301697e-02
-3.579860627651214600e-01
-5.429111719131469727e-01
-5.989749729633331299e-02
-6.011212989687919617e-02
-5.653611570596694946e-02
2.806125394999980927e-02
-2.838652133941650391e-01
2.409010529518127441e-01
2.325771749019622803e-01
-1.658323109149932861e-01
9.938611835241317749e-02
-1.620360612869262695e-01
-2.306046932935714722e-01
3.601734936237335205e-01
1.256921887397766113e-01
3.805687129497528076e-01
-3.863418847322463989e-02
7.721239328384399414e-02
3.849255144596099854e-01
4.751097783446311951e-02
5.347199738025665283e-02
1.040068939328193665e-01
-6.982203572988510132e-02
2.199224829673767090e-01
-1.838561519980430603e-02
-1.715883463621139526e-01
1.497596502304077148e-02
2.289213687181472778e-01
-1.016277223825454712e-01
8.925120532512664795e-02
-2.840592563152313232e-01
-9.700559824705123901e-02
1.623961627483367920e-01
-4.342432916164398193e-01
-2.196754366159439087e-01
-9.522973746061325073e-02
3.108547627925872803e-01
-1.566026657819747925e-01
9.423335641622543335e-02
4.379047751426696777e-01
-7.232701033353805542e-02
2.262941002845764160e-01
4.664106667041778564e-01
3.202260285615921021e-02
-4.612731635570526123e-01
-2.144165486097335815e-01
-2.770943343639373779e-01
-1.122036203742027283e-01
-2.205705791711807251e-01
-5.865580961108207703e-02
7.511839270591735840e-02
-1.554883271455764771e-01
-1.803798079490661621e-01
-2.591735720634460449e-01
-1.621532887220382690e-01
-8.462207764387130737e-02
5.307822227478027344e-01
-2.004510313272476196e-01
2.252637892961502075e-01
1.843481361865997314e-01
-2.991229891777038574e-01
-2.046303264796733856e-02
1.783123463392257690e-01
2.026767134666442871e-01
2.449970692396163940e-01
-5.897243320941925049e-02
-2.732082605361938477e-01
-6.677184104919433594e-01
1.873306930065155029e-01
1.324907969683408737e-02
4.794614613056182861e-01
-3.533357381820678711e-01
-8.351820707321166992e-02
-1.513421386480331421e-01
5.001020058989524841e-02
7.128678262233734131e-02
-6.301520764827728271e-02
1.739956289529800415e-01
-7.692127674818038940e-02
4.100621491670608521e-02
2.031000107526779175e-01
5.754457414150238037e-02
-2.669213414192199707e-01
4.524668455123901367e-01
-1.571879684925079346e-01
-2.359306663274765015e-01
-1.800031401216983795e-02
1.250779479742050171e-01
7.423521876335144043e-01
-1.683480739593505859e-01
1.334762275218963623e-01
4.531512856483459473e-01
5.598996281623840332e-01
1.600216776132583618e-01
3.344384729862213135e-01
3.608467280864715576e-01
2.071243375539779663e-01
9.064681082963943481e-02
2.567664086818695068e-01
2.830573618412017822e-01
6.930734217166900635e-02
9.322676807641983032e-02
3.341197371482849121e-01
1.503286361694335938e-01
5.754551291465759277e-01
2.731144428253173828e-01
2.500413656234741211e-01
2.694995105266571045e-01
-2.510795183479785919e-02
-4.130156338214874268e-01
2.977249324321746826e-01
2.327848970890045166e-01
-8.040667325258255005e-02
7.655489444732666016e-01
5.265121459960937500e-01
-3.552455827593803406e-02
1.252306342124938965e+00
3.314670175313949585e-02
7.550135254859924316e-01
3.204874396324157715e-01
6.560313105583190918e-01
7.008238136768341064e-02
3.418931066989898682e-01
2.624119520187377930e-01
9.673864394426345825e-02
5.810504555702209473e-01
4.284246265888214111e-01
-4.986358806490898132e-02
3.465354740619659424e-01
-3.753059729933738708e-02
8.823195844888687134e-02
6.159418225288391113e-01
-2.058781236410140991e-01
3.860653340816497803e-01
4.433309435844421387e-01
2.825102806091308594e-01
1.348806381225585938e+00
-2.241882830858230591e-01
-2.093480676412582397e-01
1.363516896963119507e-01
-2.826282978057861328e-01
2.933153808116912842e-01
5.242983698844909668e-01
1.923881471157073975e-01
3.246214091777801514e-01
1.315025091171264648e-01
3.933572471141815186e-01
5.022608041763305664e-01
8.237832784652709961e-02
1.650557667016983032e-01
4.726778864860534668e-01
2.831765711307525635e-01
-6.863579899072647095e-02
-8.479407057166099548e-03
9.774615764617919922e-01
4.215791523456573486e-01
3.366688787937164307e-01
3.699474632740020752e-01
1.476941555738449097e-01
-3.623043000698089600e-01
1.028209850192070007e-01
-3.390040099620819092e-01
-6.052868813276290894e-02
1.013341426849365234e+00
5.693489313125610352e-01
8.089517802000045776e-02
-2.862056903541088104e-02
9.450402110815048218e-02
3.670642152428627014e-02
-2.073098905384540558e-02
-2.272665500640869141e-02
8.413033932447433472e-02
2.258964329957962036e-01
7.761032879352569580e-02
2.569328546524047852e-01
2.968407794833183289e-02
7.934679090976715088e-02
2.221846766769886017e-02
-1.182464957237243652e-01
3.712254464626312256e-01
3.041490912437438965e-01
5.135167241096496582e-01
-2.767208516597747803e-01
1.677540093660354614e-01
1.742334663867950439e-01
6.418821811676025391e-01
2.363537400960922241e-01
-1.062543615698814392e-01
-1.224685236811637878e-01
9.307295083999633789e-02
2.705491781234741211e-01
-5.689866840839385986e-03
3.730012103915214539e-02
3.261785209178924561e-01
-1.185456886887550354e-01
3.187575042247772217e-01
8.993007242679595947e-02
2.520847320556640625e-01
5.650265514850616455e-02
6.020486354827880859e-03
-1.531772464513778687e-01
3.442731201648712158e-01
3.931885957717895508e-01
4.588159173727035522e-02
3.163874521851539612e-02
6.368067860603332520e-02
3.502947092056274414e-01
2.205928787589073181e-02
9.122935123741626740e-03
1.012026965618133545e-01
4.678187146782875061e-02
2.349738031625747681e-01
4.128620624542236328e-01
-1.389116048812866211e-01
1.492855399847030640e-01
