3.040294395759701729e-03
-1.041115164756774902e+00
-2.923056185245513916e-01
-1.538773253560066223e-02
-3.646489605307579041e-02
3.204102814197540283e-01
7.527279853820800781e-01
-1.454915702342987061e-01
1.329908818006515503e-01
7.077702283859252930e-01
-5.005399510264396667e-02
3.497643172740936279e-01
-2.697686254978179932e-01
-7.631924748420715332e-01
-2.675412893295288086e-01
-9.210561513900756836e-01
4.831575155258178711e-01
3.605887889862060547e-01
1.990162134170532227e-01
-1.431026011705398560e-01
-6.885384917259216309e-01
3.310177028179168701e-01
1.915923319756984711e-02
-3.443050980567932129e-01
-1.179849147796630859e+00
-8.626399934291839600e-02
2.881838083267211914e-01
3.104098439216613770e-01
-1.495604217052459717e-01
-1.456665545701980591e-01
1.185505911707878113e-01
3.135748207569122314e-01
-1.117471233010292053e-01
3.806399405002593994e-01
-1.292667724192142487e-02
-6.376388669013977051e-01
6.311804652214050293e-01
-3.580719530582427979e-01
2.760611772537231445e-01
-9.196364283561706543e-01
9.855979681015014648e-01
-6.137449741363525391e-01
1.957942396402359009e-01
-2.711358964443206787e-01
5.660123825073242188e-01
-4.908028244972229004e-01
2.437489107251167297e-02
-2.046291679143905640e-01
8.519964218139648438e-01
-5.467340946197509766e-01
-5.843867063522338867e-01
6.186173483729362488e-02
-1.026665717363357544e-01
1.059709489345550537e-01
2.011061608791351318e-01
-1.044715404510498047e+00
-6.598598510026931763e-02
-2.464656904339790344e-02
3.837684988975524902e-01
2.493060678243637085e-01
-3.442805726081132889e-03
-3.349928855895996094e-01
-7.791882753372192383e-01
5.462660789489746094e-01
5.515506267547607422e-01
-2.632367657497525215e-03
3.259975090622901917e-02
-4.151366949081420898e-01
-1.126230321824550629e-02
-6.325419545173645020e-01
-7.876680232584476471e-03
-7.107669115066528320e-01
3.874833136796951294e-02
-1.115757822990417480e+00
6.693968772888183594e-01
1.284273713827133179e-01
-3.996406197547912598e-01
6.816530972719192505e-02
7.347058057785034180e-01
6.262500882148742676e-01
