-9.202861785888671875e-01
-6.254393458366394043e-01
6.932315826416015625e-01
3.355399370193481445e-01
1.092948794364929199e+00
1.727098703384399414e+00
-1.544529676437377930e+00
-3.120563507080078125e+00
-2.087378948926925659e-01
1.555772066116333008e+00
2.914321184158325195e+00
-2.061079263687133789e+00
9.811410307884216309e-01
-1.935127615928649902e+00
-6.894399523735046387e-01
-1.508568525314331055e+00
-3.188899278640747070e+00
1.053065538406372070e+00
1.269485354423522949e+00
2.558924555778503418e-01
-1.344819545745849609e+00
-1.228726506233215332e-01
3.201977908611297607e-01
2.462538719177246094e+00
-5.456315517425537109e+00
2.262606099247932434e-02
-1.031457304954528809e+00
1.322076320648193359e+00
-2.915412425994873047e+00
-1.337278485298156738e+00
5.228784680366516113e-02
-2.073543071746826172e+00
-6.168571114540100098e-01
-1.017904520034790039e+00
-1.786543965339660645e+00
-1.113291978836059570e+00
-2.420275688171386719e+00
3.976934671401977539e+00
9.695085883140563965e-01
1.522333741188049316e+00
1.230907082557678223e+00
-1.718560099601745605e+00
-5.262340977787971497e-02
1.301328092813491821e-01
5.383999943733215332e-01
-2.575323581695556641e-01
3.179665088653564453e+00
1.604374766349792480e+00
-4.569173336029052734e+00
1.021333575248718262e+00
-2.425825357437133789e+00
-1.121684551239013672e+00
2.755037248134613037e-01
8.877173066139221191e-01
-3.492132186889648438e+00
-1.945033222436904907e-01
2.861251354217529297e+00
2.030096769332885742e+00
1.600186824798583984e+00
-2.653126001358032227e+00
1.068274617195129395e+00
1.077723979949951172e+00
3.590179979801177979e-02
9.327437877655029297e-01
1.308969259262084961e+00
2.986594438552856445e-01
-1.615158438682556152e+00
1.435536861419677734e+00
-1.778980851173400879e+00
-1.413407564163208008e+00
4.425128400325775146e-01
-6.868115812540054321e-02
3.081734776496887207e-01
-2.841293513774871826e-01
5.830315351486206055e-01
2.172297954559326172e+00
6.406115889549255371e-01
7.964480519294738770e-01
6.218144893646240234e-01
-2.708271026611328125e+00
4.499723315238952637e-01
-1.076499104499816895e+00
-7.647306323051452637e-01
-1.537655234336853027e+00
-2.807925939559936523e-01
-6.916078329086303711e-01
1.926328182220458984e+00
-3.927479386329650879e-01
-5.891390144824981689e-02
4.401080310344696045e-01
6.158341169357299805e-01
1.136264324188232422e+00
3.095149993896484375e-01
6.468032002449035645e-01
1.585330724716186523e+00
8.504984378814697266e-01
5.666422247886657715e-01
7.474161982536315918e-01
-4.507070407271385193e-02
9.065623283386230469e-01
5.224369838833808899e-02
2.767362296581268311e-01
8.243318200111389160e-01
-1.602207571268081665e-01
3.908420085906982422e+00
7.330808043479919434e-01
7.471092045307159424e-02
1.459059715270996094e+00
-1.483286619186401367e+00
1.696941018104553223e+00
-3.153303146362304688e+00
-3.019794523715972900e-01
-2.111911214888095856e-02
1.227752119302749634e-02
5.331139564514160156e-01
1.572212576866149902e+00
-1.329352140426635742e+00
-2.774405956268310547e+00
-3.321427479386329651e-02
-7.539022922515869141e+00
