-6.134657859802246094e-01
1.228247284889221191e-01
5.176736712455749512e-01
-1.118518635630607605e-01
9.858818054199218750e-01
5.269876122474670410e-01
-5.164688229560852051e-01
-9.853967279195785522e-02
-9.637340307235717773e-01
5.758965387940406799e-02
7.968594878911972046e-02
-1.199788525700569153e-01
-5.766348242759704590e-01
2.251434773206710815e-01
-2.446281313896179199e-01
2.543816864490509033e-01
4.834557771682739258e-01
1.462845057249069214e-01
2.884033620357513428e-01
-6.642363071441650391e-01
-3.006681501865386963e-01
1.825388520956039429e-01
-2.635258734226226807e-01
7.838211655616760254e-01
4.312517866492271423e-02
-5.251235887408256531e-02
-4.916256964206695557e-01
-2.244096547365188599e-01
-3.555836081504821777e-01
-8.983053267002105713e-02
-7.892304658889770508e-01
-1.115421429276466370e-01
-6.263268738985061646e-02
-1.017407923936843872e-01
-5.787891745567321777e-01
-6.647283211350440979e-03
-6.183224916458129883e-01
3.699677288532257080e-01
-4.855281412601470947e-01
-3.707970678806304932e-01
