4.673614203929901123e-01
5.244213938713073730e-01
2.114980109035968781e-02
-4.379542469978332520e-01
5.978136658668518066e-01
-4.879750013351440430e-01
-2.948606014251708984e-02
-2.726440727710723877e-01
9.799963235855102539e-02
-4.853720068931579590e-01
-4.581325352191925049e-01
5.011705756187438965e-01
-2.060028165578842163e-01
-5.107300877571105957e-01
-2.333818972110748291e-01
-4.479719102382659912e-01
5.105357244610786438e-02
-1.334697902202606201e-01
1.087116122245788574e+00
4.476511850953102112e-02
-2.439265996217727661e-01
9.515025615692138672e-01
3.917258232831954956e-02
5.442094206809997559e-01
-1.251517057418823242e+00
8.430935740470886230e-01
8.921616077423095703e-01
-2.589307725429534912e-01
-5.146461129188537598e-01
3.632847666740417480e-01
-4.754695668816566467e-02
-3.625868558883666992e-01
-4.846448451280593872e-02
1.028777435421943665e-01
2.822319269180297852e-01
-1.969762444496154785e-01
5.990111231803894043e-01
2.624602317810058594e-01
-1.541698575019836426e-01
5.512204766273498535e-01
5.321163311600685120e-02
-1.828047037124633789e-01
-4.599923193454742432e-01
-1.206294982694089413e-03
1.397816538810729980e-01
-4.643225073814392090e-01
-5.775215625762939453e-01
8.074414730072021484e-02
4.761529564857482910e-01
-2.499730437994003296e-01
-1.185289248824119568e-01
-5.787925124168395996e-01
-6.672795116901397705e-02
1.352482587099075317e-01
-1.331121623516082764e-01
-5.199917554855346680e-01
8.859302997589111328e-01
-3.584007918834686279e-01
1.687504053115844727e-01
1.506544798612594604e-01
7.730019837617874146e-02
-3.525100052356719971e-01
-2.907352447509765625e-01
-1.652345210313796997e-01
-7.822652459144592285e-01
-3.761045038700103760e-01
1.454686522483825684e-01
1.679438203573226929e-01
1.218099668622016907e-01
3.767293095588684082e-01
-3.887021541595458984e-01
-2.541980445384979248e-01
-2.914708852767944336e-01
3.504623174667358398e-01
2.921482026576995850e-01
-1.111379146575927734e+00
-1.925372183322906494e-01
-2.985585629940032959e-01
-5.697518587112426758e-01
9.153611958026885986e-02
-2.642484903335571289e-01
7.871382832527160645e-01
-1.947689205408096313e-01
-1.267702281475067139e-01
-2.577808797359466553e-01
-1.528652191162109375e+00
3.908811807632446289e-01
4.167880713939666748e-01
-3.086569309234619141e-01
-5.763612985610961914e-01
-7.436164021492004395e-01
6.972345709800720215e-02
2.732099294662475586e-01
-4.304396808147430420e-01
-1.239752843976020813e-01
-2.415547072887420654e-01
8.153217434883117676e-01
-1.421713177114725113e-02
-3.132678270339965820e-01
-1.079103201627731323e-01
