2.795468866825103760e-01
-7.625125050544738770e-01
-2.554225623607635498e-01
-1.116647422313690186e-01
6.503854990005493164e-01
-3.740308284759521484e-01
-1.334355622529983521e-01
-5.018986295908689499e-03
-1.407831758260726929e-01
-3.924571871757507324e-01
5.629717707633972168e-01
5.062856078147888184e-01
1.453823596239089966e-01
-7.372493855655193329e-03
3.024237453937530518e-01
2.166943252086639404e-01
-3.405847772955894470e-02
3.183195590972900391e-01
5.414063930511474609e-01
9.676200747489929199e-01
4.003829061985015869e-01
3.825522363185882568e-01
-2.545198798179626465e-01
-8.100473880767822266e-01
-4.721392989158630371e-01
-6.893116235733032227e-02
-7.062958180904388428e-02
8.054701089859008789e-01
-4.888919368386268616e-02
2.308067679405212402e-01
3.491778373718261719e-01
8.394819498062133789e-02
6.566892862319946289e-01
5.240740776062011719e-01
7.984799146652221680e-01
7.217551469802856445e-01
-2.526920139789581299e-01
5.103380084037780762e-01
-1.751687079668045044e-01
1.041677221655845642e-01
-3.203037977218627930e-01
-2.133550643920898438e-01
-6.514682173728942871e-01
-9.797313064336776733e-02
3.470385372638702393e-01
-8.897050470113754272e-02
1.064011901617050171e-01
-1.631132662296295166e-01
4.317923262715339661e-02
-1.312708020210266113e+00
4.212510287761688232e-01
-1.998266875743865967e-01
5.456804633140563965e-01
2.708149552345275879e-01
-2.007571309804916382e-01
2.728998959064483643e-01
-2.731714248657226562e-01
1.981939822435379028e-01
-7.833436131477355957e-02
-5.553415417671203613e-01
