-5.776104927062988281e-01
1.845062673091888428e-01
-1.535920798778533936e-01
1.125786453485488892e-01
7.706450819969177246e-01
-4.313140809535980225e-01
-8.514481782913208008e-01
-3.922231495380401611e-01
-1.527557894587516785e-02
-2.327637225389480591e-01
-1.078748822212219238e+00
-1.337781846523284912e-01
-2.357270568609237671e-02
2.368669360876083374e-01
-6.300061941146850586e-01
3.751188516616821289e-01
-7.435751706361770630e-02
-2.398124039173126221e-01
-4.881125390529632568e-01
-9.565655589103698730e-01
