-2.552908100187778473e-02 -1.048500183969736099e-02 -2.226022258400917053e-02 7.783323526382446289e-01 -5.308678746223449707e-01 -2.041117697954177856e-01 -2.180291712284088135e-01 2.786051714792847633e-03 -1.017426233738660812e-02 5.067817866802215576e-03 -8.179899305105209351e-03 -1.389977812767028809e+00 -9.413032233715057373e-02
-1.061158906668424606e-02 4.005013033747673035e-02 5.213799886405467987e-04 4.050115048885345459e-01 4.295760765671730042e-03 4.208303987979888916e-02 -1.500280201435089111e-01 5.507865175604820251e-02 -4.039608174934983253e-04 -1.235619280487298965e-02 1.960321143269538879e-02 -7.410541176795959473e-01 9.378178715705871582e-01
-2.523798495531082153e-02 -1.017088666558265686e-01 -3.083902597427368164e-01 -5.543144345283508301e-01 -5.727128982543945312e-01 -2.546174265444278717e-02 4.446498155593872070e-01 6.705660223960876465e-01 -7.564852014183998108e-03 -3.772729635238647461e-02 -4.726661834865808487e-03 4.512153938412666321e-02 -3.472430258989334106e-02
-5.846145097166299820e-03 1.322123222053050995e-02 -8.324904483743011951e-04 -6.594628840684890747e-02 1.213529109954833984e-01 1.377407312393188477e-01 3.705075085163116455e-01 4.794231355190277100e-01 8.176924660801887512e-03 -4.216479659080505371e-01 6.105697154998779297e-01 6.263632327318191528e-03 -3.723169490694999695e-02
-1.827223040163516998e-02 4.066135361790657043e-02 -1.400734037160873413e-01 1.082053065299987793e+00 -5.589407682418823242e-01 -9.176026582717895508e-01 1.301089208573102951e-02 2.442786842584609985e-01 5.971362814307212830e-03 8.535997942090034485e-03 4.538810811936855316e-03 1.063048187643289566e-02 -9.226944297552108765e-02
8.281645178794860840e-02 9.266517311334609985e-02 4.420235927682369947e-04 -1.193720176815986633e-01 1.259141862392425537e-01 -5.297936201095581055e-01 -8.557955622673034668e-01 1.444753706455230713e-01 2.373113669455051422e-02 1.252756640315055847e-02 -3.008124977350234985e-02 -1.414667814970016479e-03 2.160147950053215027e-02
-2.049406617879867554e-01 -3.899901211261749268e-01 7.136209309101104736e-02 -2.763512134552001953e-01 -6.452864408493041992e-01 -6.520548462867736816e-01 -5.379655957221984863e-01 -1.237884387373924255e-01 -2.596181584522128105e-03 6.678165495395660400e-02 7.032755296677350998e-03 3.820495679974555969e-02 -4.063770174980163574e-02
-8.160748519003391266e-03 2.658836729824542999e-02 5.749205127358436584e-02 5.539408698678016663e-02 -8.493265137076377869e-03 -1.069120615720748901e-01 1.218582782894372940e-02 -1.156556606292724609e+00 1.582719013094902039e-02 1.081126451492309570e+00 6.664194166660308838e-02 -3.412056248635053635e-03 8.565901778638362885e-03
2.990952506661415100e-02 -3.811973845586180687e-03 -4.396023973822593689e-02 3.905073106288909912e-01 -3.878556787967681885e-01 -2.041089832782745361e-01 -2.119881063699722290e-01 4.758916050195693970e-02 -3.565678140148520470e-03 -9.117381996475160122e-04 -9.321020916104316711e-03 -7.075734734535217285e-01 8.386472463607788086e-01
-1.153046451508998871e-02 -1.164482831954956055e-01 -1.490236818790435791e-02 -1.231529712677001953e-01 3.516442701220512390e-02 -7.529470920562744141e-01 -4.651704430580139160e-01 6.265113949775695801e-01 -1.074784994125366211e-02 -6.282451748847961426e-01 -7.771120965480804443e-02 6.681417580693960190e-03 1.224227342754602432e-02
-4.677089303731918335e-02 -2.134229391813278198e-01 -1.515260934829711914e-01 -2.237450629472732544e-01 5.061699077486991882e-02 -2.056960314512252808e-01 1.366170644760131836e-01 1.342309236526489258e+00 3.585355356335639954e-02 1.258403509855270386e-01 1.009834110736846924e-01 -3.664557263255119324e-02 1.808853447437286377e-02
1.388886291533708572e-02 3.772829473018646240e-02 -8.477833867073059082e-02 7.018409371376037598e-01 2.266189455986022949e-01 -1.435377836227416992e+00 9.292054176330566406e-02 -7.379226088523864746e-01 -9.439744986593723297e-03 5.708481371402740479e-02 1.778205670416355133e-02 -8.107335306704044342e-03 4.427758976817131042e-03
-5.353409331291913986e-03 4.092143103480339050e-02 -3.093855269253253937e-02 -9.454628080129623413e-02 -2.069340273737907410e-02 -2.977870404720306396e-01 7.878661155700683594e-02 2.040876001119613647e-01 5.885211825370788574e-01 5.443539619445800781e-01 -4.980664253234863281e-01 1.991983875632286072e-02 -2.287795359734445810e-04
-1.576427556574344635e-02 -6.297033280134201050e-02 -4.436410963535308838e-02 1.178604066371917725e-01 -9.809627383947372437e-02 -5.885424837470054626e-02 1.274893045425415039e+00 1.533045023679733276e-01 -2.611175552010536194e-02 -1.234190724790096283e-02 1.383646298199892044e-02 -5.169735755771398544e-03 -3.228506306186318398e-03
-1.345562282949686050e-02 -2.321630157530307770e-02 -2.288510790094733238e-03 -1.919116824865341187e-02 1.057129539549350739e-02 -2.248477749526500702e-02 -2.575641684234142303e-02 -1.683187298476696014e-02 -8.580050468444824219e-01 -4.348231256008148193e-01 -7.255968451499938965e-01 -1.876741996966302395e-03 1.873311027884483337e-02
4.743020236492156982e-02 1.811053417623043060e-02 1.239601336419582367e-02 -4.848282039165496826e-02 -2.381998114287853241e-02 -1.872306913137435913e-01 3.701391443610191345e-02 -6.793667078018188477e-01 -1.979685947299003601e-02 4.555886387825012207e-01 -8.246785402297973633e-01 -1.049934234470129013e-02 2.323292009532451630e-02
1.709193550050258636e-02 -6.664539873600006104e-02 3.839917108416557312e-02 -6.283767521381378174e-02 -1.993163526058197021e-01 -5.784268975257873535e-01 -9.107316844165325165e-03 -1.438487648963928223e+00 1.244096178561449051e-02 8.182706683874130249e-02 7.411744445562362671e-02 1.212511137127876282e-01 -2.395319789648056030e-01
9.721713140606880188e-03 6.511716544628143311e-02 5.182566121220588684e-02 -1.337552964687347412e-01 4.887822642922401428e-02 5.882313847541809082e-01 4.978409409523010254e-01 5.194851383566856384e-02 -2.493460290133953094e-02 -9.565155506134033203e-01 -2.022703289985656738e-01 -1.893151365220546722e-02 -9.236132726073265076e-03
1.030682493001222610e-02 1.102783158421516418e-01 -5.713182687759399414e-02 -3.408251702785491943e-02 2.037382870912551880e-02 -6.193328499794006348e-01 -9.899120330810546875e-01 5.983722209930419922e-01 1.788719370961189270e-02 -3.095516562461853027e-02 -2.333519794046878815e-02 -6.914316210895776749e-03 1.109708193689584732e-02
-1.856605559587478638e-01 -3.341676890850067139e-01 -8.887277543544769287e-02 4.300319254398345947e-01 2.793844342231750488e-01 5.229904651641845703e-01 6.765779852867126465e-02 -1.992554962635040283e-02 1.287253201007843018e-02 -1.788012385368347168e-01 2.750855311751365662e-02 -5.330858379602432251e-02 1.857734471559524536e-01
8.480794727802276611e-03 1.158042997121810913e-02 1.189093571156263351e-02 5.756189581006765366e-03 3.570076543837785721e-03 6.280044908635318279e-04 -3.343207994475960732e-03 -8.053660392761230469e-02 9.737072587013244629e-01 7.516329735517501831e-02 -9.393178224563598633e-01 7.278315606527030468e-04 -4.649337381124496460e-03
8.657310158014297485e-02 1.250587999820709229e-01 -3.191959857940673828e-01 1.344089746475219727e+00 1.514224056154489517e-02 3.297869116067886353e-03 -1.329801082611083984e-01 2.481118887662887573e-01 2.793271560221910477e-03 2.527946373447775841e-03 8.605862967669963837e-03 2.922590065281838179e-04 4.048232920467853546e-03
1.102809049189090729e-02 -8.434736169874668121e-03 -3.552838787436485291e-02 -3.595796413719654083e-03 -6.770438980311155319e-03 -2.305222451686859131e-01 1.894082427024841309e-01 2.643342018127441406e-01 -6.055720448493957520e-01 6.792175173759460449e-01 4.983787834644317627e-01 -4.581603279802948236e-04 -2.135689742863178253e-02
-8.063039742410182953e-03 -6.540635949932038784e-04 1.805498078465461731e-02 -2.861181739717721939e-03 3.536492586135864258e-03 1.920382957905530930e-03 1.265741046518087387e-02 -6.661258637905120850e-02 -8.791738152503967285e-01 -5.099419355392456055e-01 -8.053886890411376953e-01 1.610210747458040714e-03 1.456318655982613564e-03
-1.187848858535289764e-02 -4.074927791953086853e-02 -1.224197447299957275e-01 -9.955528378486633301e-02 -2.279741317033767700e-02 8.980564773082733154e-02 -5.025038961321115494e-03 -2.063071250915527344e+00 -6.408922374248504639e-03 5.536144971847534180e-01 2.363794147968292236e-01 -1.556935440748929977e-02 -4.837558418512344360e-02
1.447772025130689144e-03 -2.379751205444335938e-02 -1.897338032722473145e-02 1.186545589007437229e-03 -1.949702389538288116e-02 -4.802619107067584991e-03 -5.557796917855739594e-03 -2.264133393764495850e-01 9.950754642486572266e-01 -3.422811925411224365e-01 -9.559816718101501465e-01 4.490240477025508881e-03 6.344989407807588577e-03
5.665123928338289261e-03 4.878484643995761871e-03 1.899216882884502411e-02 -1.122537418268620968e-03 -4.075274337083101273e-03 1.485410332679748535e-02 5.360643379390239716e-03 -6.002765521407127380e-02 -7.064551115036010742e-02 5.129694342613220215e-01 9.248226881027221680e-01 3.120463574305176735e-03 8.672410040162503719e-04
-1.081353705376386642e-02 2.889180928468704224e-02 -2.378264442086219788e-02 -9.733065962791442871e-03 -1.638174429535865784e-02 1.824088543653488159e-01 -3.251574560999870300e-02 4.834921658039093018e-01 -5.061794519424438477e-01 8.395761847496032715e-01 5.923277735710144043e-01 4.960742313414812088e-03 1.864529913291335106e-04
1.001879759132862091e-02 1.862954086391255260e-04 -1.571028307080268860e-02 1.197765814140439034e-03 8.615894243121147156e-03 -3.865263715852051973e-04 1.018383726477622986e-02 3.870225250720977783e-01 9.902699589729309082e-01 8.774720877408981323e-02 1.029846787452697754e+00 2.401838544756174088e-03 -3.385979682207107544e-03
-1.202833652496337891e-02 4.127448052167892456e-02 -3.424415588378906250e-01 1.100678965449333191e-01 4.830336272716522217e-01 4.993237853050231934e-01 7.026174068450927734e-01 -2.834567725658416748e-01 -2.613914571702480316e-02 7.862551510334014893e-02 5.196289345622062683e-02 3.734617307782173157e-02 4.261889681220054626e-02
3.190404176712036133e-02 -1.265620738267898560e-01 8.652963489294052124e-02 -5.636421442031860352e-01 7.236874103546142578e-01 -6.401662230491638184e-01 -2.791382372379302979e-01 1.492367684841156006e-01 2.695005387067794800e-03 1.076153106987476349e-02 -1.682793255895376205e-03 -1.145183481276035309e-02 -2.500067651271820068e-02
9.915467351675033569e-03 -1.747748255729675293e-02 -5.068189650774002075e-02 -6.748527288436889648e-03 -8.366914466023445129e-03 -2.864579856395721436e-02 9.544174186885356903e-03 -1.488347947597503662e-01 -1.036292780190706253e-02 1.549843907356262207e+00 4.736410453915596008e-02 -1.322365715168416500e-03 -1.607526466250419617e-02
-1.541940961033105850e-02 -2.799161672592163086e-01 2.709572315216064453e-01 -2.249637842178344727e-01 5.321320891380310059e-01 -4.828396439552307129e-01 3.363623917102813721e-01 -7.057634592056274414e-01 1.543226093053817749e-02 3.918980062007904053e-02 -1.575644128024578094e-02 2.732434123754501343e-02 -1.224170811474323273e-02
-1.368344388902187347e-02 -8.424939587712287903e-03 3.545611724257469177e-02 8.154030889272689819e-03 -3.406125120818614960e-03 -1.671992242336273193e-02 -2.392119728028774261e-02 -4.308847710490226746e-02 2.106016268953680992e-03 6.587675213813781738e-01 -9.574441909790039062e-01 5.873501300811767578e-03 2.327146008610725403e-02
-5.619648378342390060e-03 8.347196504473686218e-03 7.868313789367675781e-02 3.903232142329216003e-02 -6.183392181992530823e-02 3.362999856472015381e-01 -3.817868828773498535e-01 -5.605086088180541992e-01 9.695190005004405975e-03 7.525612711906433105e-01 -1.869461685419082642e-01 -5.167136900126934052e-03 -1.527430675923824310e-02
-3.510424168780446053e-03 1.257678717374801636e-01 -9.499924629926681519e-02 -7.655692845582962036e-02 1.812668740749359131e-01 9.000700116157531738e-01 -5.519759058952331543e-01 -5.317312479019165039e-01 4.592321347445249557e-04 5.015916824340820312e-01 -2.993284724652767181e-02 1.015420164912939072e-02 -1.568538695573806763e-02
-3.508989512920379639e-02 -1.170737221837043762e-01 1.803441792726516724e-01 -1.682641357183456421e-01 4.194986075162887573e-03 6.666646003723144531e-01 4.177145659923553467e-01 -1.290312647819519043e+00 -3.611303120851516724e-02 -1.870759017765522003e-02 2.177879028022289276e-02 5.572805646806955338e-03 -3.539622202515602112e-02
-1.447417587041854858e-02 -1.481589078903198242e-01 3.214288651943206787e-01 8.920378237962722778e-02 4.973015282303094864e-03 2.684871256351470947e-01 -1.671161688864231110e-02 1.759173750877380371e+00 -6.289885845035314560e-03 -3.084285883232951164e-03 -8.351650089025497437e-02 3.961033746600151062e-02 -1.107398271560668945e-01
-2.203079202445223927e-04 -6.419262383133172989e-03 7.245242595672607422e-03 2.127927355468273163e-02 -1.689382083714008331e-02 7.497496437281370163e-03 -5.252411589026451111e-03 3.278303518891334534e-02 8.787337541580200195e-01 -6.966510415077209473e-01 6.621648073196411133e-01 -3.778569807764142752e-04 5.397120490670204163e-03
5.987626034766435623e-03 -5.578888580203056335e-03 2.028553374111652374e-02 -3.782848268747329712e-02 8.964240550994873047e-03 4.015091806650161743e-03 2.106926962733268738e-02 4.389145597815513611e-02 -8.012488484382629395e-01 -6.513755917549133301e-01 -7.574480772018432617e-02 5.427269497886300087e-04 6.635496858507394791e-03
2.248181216418743134e-02 6.895137578248977661e-02 -3.898398426827043295e-04 4.937534332275390625e-01 2.880883589386940002e-02 7.249543815851211548e-02 -6.505370140075683594e-02 -5.648916214704513550e-02 2.394206589087843895e-03 3.486179048195481300e-03 6.838359870016574860e-03 -9.814305901527404785e-01 -6.628901362419128418e-01
1.219569798558950424e-02 5.019970238208770752e-02 1.501545123755931854e-02 4.874447360634803772e-02 -8.024600148200988770e-02 -5.173699259757995605e-01 -2.893773615360260010e-01 -3.812855780124664307e-01 5.647215843200683594e-01 -4.178808033466339111e-01 -1.763424128293991089e-01 -2.718202956020832062e-02 -2.307262038812041283e-03
-2.181742899119853973e-02 -4.194982349872589111e-02 -1.145540177822113037e-01 1.772197484970092773e-01 -3.152811154723167419e-02 -4.173247814178466797e-01 -2.704204916954040527e-01 -4.704975783824920654e-01 6.538170576095581055e-01 5.152264833450317383e-01 -4.197334051132202148e-01 -5.445626098662614822e-03 -9.668075293302536011e-02
3.426306694746017456e-02 4.366803914308547974e-02 -4.597460851073265076e-02 5.404150113463401794e-02 -6.826306879520416260e-02 -2.478197664022445679e-01 -2.547716498374938965e-01 -1.329366415739059448e-01 -5.426800251007080078e-01 3.041636943817138672e-01 -5.746688246726989746e-01 -1.081408839672803879e-02 1.836686953902244568e-02
-1.929250918328762054e-02 -6.791424751281738281e-02 2.040302008390426636e-01 7.694443315267562866e-02 2.953178882598876953e-01 -6.047251820564270020e-01 -9.866579202935099602e-04 7.599721103906631470e-02 9.376127272844314575e-03 5.383202224038541317e-04 -4.604490008205175400e-03 2.035833597183227539e-01 2.287915647029876709e-01
-9.003162384033203125e-03 -3.616657480597496033e-02 -3.029655851423740387e-02 4.752707108855247498e-02 -2.448375672101974487e-01 2.051908969879150391e-01 -6.853401660919189453e-02 5.607729032635688782e-02 4.896376132965087891e-01 1.888979524374008179e-01 2.934919595718383789e-01 -1.487540081143379211e-02 -1.443558000028133392e-02
-4.150251671671867371e-02 -1.315541714429855347e-01 1.706667393445968628e-01 3.771359324455261230e-01 -4.422971010208129883e-01 -7.560725212097167969e-01 -2.851301245391368866e-02 1.455011487007141113e+00 -4.274017177522182465e-03 1.026223972439765930e-02 2.869005687534809113e-02 -2.060016617178916931e-02 1.707701385021209717e-02
-7.659745868295431137e-03 2.032233169302344322e-03 1.320341695100069046e-02 -2.338278666138648987e-02 1.121361553668975830e-02 5.326263140887022018e-03 7.280712947249412537e-03 -1.188605129718780518e-01 -9.794716238975524902e-01 7.620161771774291992e-01 2.316417098045349121e-01 2.494832035154104233e-03 1.323938835412263870e-02
-1.747035793960094452e-02 -7.376866787672042847e-02 -4.356940090656280518e-02 6.801410019397735596e-02 -1.699944287538528442e-01 -2.138165712356567383e+00 7.430098950862884521e-02 -6.284155249595642090e-01 -7.293031550943851471e-03 4.163858294486999512e-02 7.642315700650215149e-03 -8.126382716000080109e-03 1.653916575014591217e-02
-1.042001470923423767e-01 -2.004590816795825958e-02 1.647383272647857666e-01 -4.767315983772277832e-01 1.365310549736022949e+00 -3.469708561897277832e-01 1.039456605911254883e+00 1.432404294610023499e-02 -3.038794500753283501e-03 -1.409090869128704071e-02 6.376010365784168243e-03 -1.189005840569734573e-02 -9.321404621005058289e-03
1.246322761289775372e-03 6.461800076067447662e-03 2.767996862530708313e-02 7.449178956449031830e-03 1.736258901655673981e-02 -2.619203180074691772e-02 -9.044037433341145515e-04 2.948204346466809511e-04 -1.191953420639038086e+00 -3.094682097434997559e-01 -9.977988004684448242e-01 -7.541562430560588837e-03 2.011986915022134781e-03
-6.660364568233489990e-03 5.706022307276725769e-02 1.449013780802488327e-02 3.208054229617118835e-02 -2.906595543026924133e-02 1.444547921419143677e-01 -1.445088386535644531e-01 -5.270016938447952271e-02 7.643779516220092773e-01 4.343776777386665344e-02 7.559536695480346680e-01 4.765270277857780457e-03 1.106705050915479660e-02
-9.233854711055755615e-03 -2.613633312284946442e-02 4.835652187466621399e-03 -1.784063875675201416e-02 8.253898471593856812e-03 2.062694402411580086e-03 1.166521105915307999e-02 -2.647755481302738190e-02 -9.566599130630493164e-01 7.652874588966369629e-01 -6.548309922218322754e-01 -2.039891667664051056e-03 -3.115203231573104858e-03
8.106454624794423580e-04 -4.040027037262916565e-03 -9.121241979300975800e-03 1.547741144895553589e-01 -4.464288055896759033e-02 -2.746301293373107910e-01 5.736893974244594574e-03 5.727264285087585449e-01 -2.395139634609222412e-02 -1.005820930004119873e-01 -8.156180977821350098e-01 5.436041858047246933e-03 -1.924822921864688396e-03
8.406165055930614471e-03 6.172973662614822388e-03 5.756432563066482544e-02 1.022713184356689453e+00 -8.835737705230712891e-01 -8.778771162033081055e-01 1.024356335401535034e-01 -4.836135804653167725e-01 -1.120021799579262733e-03 6.839022506028413773e-03 2.099458687007427216e-02 2.327496476937085390e-04 -4.502627998590469360e-02
6.439125537872314453e-02 3.885862603783607483e-02 4.349364340305328369e-02 1.195816788822412491e-03 5.870481580495834351e-02 1.033959150314331055e+00 1.010626435279846191e+00 1.276299059391021729e-01 -1.128968130797147751e-02 3.524777712300419807e-04 1.232089940458536148e-02 2.841789508238434792e-03 2.609210647642612457e-02
6.061986088752746582e-03 -1.983914151787757874e-02 6.440187338739633560e-03 1.666198670864105225e-02 1.127959508448839188e-02 2.935093827545642853e-02 -2.412244444712996483e-03 -2.561655938625335693e-01 6.826850771903991699e-01 -5.981228351593017578e-01 9.226040244102478027e-01 4.811966209672391415e-04 1.439409609884023666e-02
4.680118057876825333e-03 5.156268831342458725e-03 3.951591998338699341e-02 -3.921939060091972351e-02 7.627033162862062454e-03 1.919860579073429108e-02 9.179178625345230103e-03 1.700023710727691650e-01 -1.134859561920166016e+00 8.578358292579650879e-01 -7.931169271469116211e-01 -8.014553226530551910e-03 -6.165584549307823181e-03
8.577264100313186646e-02 9.064077585935592651e-02 3.465509712696075439e-01 -1.066804826259613037e-01 -1.160614285618066788e-02 3.142413496971130371e-01 -6.742634624242782593e-02 1.008751988410949707e+00 8.029130101203918457e-02 2.364890277385711670e-01 1.118186116218566895e-01 3.917185962200164795e-02 5.440155789256095886e-02
-7.259850203990936279e-02 -1.729085147380828857e-01 -1.736487746238708496e-01 9.241156280040740967e-02 -7.231746613979339600e-02 9.417423047125339508e-03 2.009741403162479401e-02 -1.429931521415710449e+00 1.392325479537248611e-02 1.753865331411361694e-01 5.543225258588790894e-02 -4.441298544406890869e-03 1.799450814723968506e-02
-1.117923855781555176e-01 -3.109695613384246826e-01 1.223039254546165466e-01 1.066602349281311035e+00 -1.470935158431529999e-02 -4.781448841094970703e-01 -5.034196376800537109e-01 -5.852804705500602722e-02 1.290548034012317657e-02 -4.397684335708618164e-02 -5.224867258220911026e-03 6.840809714049100876e-03 -2.883747033774852753e-02
-3.069367259740829468e-02 -3.703653439879417419e-02 -3.550206311047077179e-03 -7.602400332689285278e-02 3.583051962777972221e-03 1.653870940208435059e-01 -1.818362921476364136e-01 3.680991530418395996e-01 5.745033621788024902e-01 6.637852787971496582e-01 -5.004131197929382324e-01 -2.441470045596361160e-03 1.637518219649791718e-02
-2.931548841297626495e-02 3.537671873345971107e-03 3.128235042095184326e-02 5.559251904487609863e-01 4.580599963665008545e-01 -1.661887168884277344e-01 4.883635342121124268e-01 1.231053657829761505e-02 6.240338087081909180e-03 3.170355409383773804e-02 3.384939208626747131e-02 -7.731081843376159668e-01 1.084572672843933105e+00
6.974026095122098923e-03 3.843506276607513428e-01 -1.133695617318153381e-01 -1.318973302841186523e+00 -7.321954965591430664e-01 8.318968862295150757e-02 -4.963058531284332275e-01 -7.361756265163421631e-02 6.591232493519783020e-03 2.700457116588950157e-03 -1.463224925100803375e-02 -1.068853121250867844e-02 -5.947451572865247726e-03
-6.111873779445886612e-03 -8.300767838954925537e-02 -4.234510287642478943e-02 1.257187128067016602e-01 -1.139130815863609314e-01 -2.124333679676055908e-01 1.060901522636413574e+00 -6.228309869766235352e-01 -7.612394634634256363e-03 -1.393066439777612686e-02 1.101449225097894669e-02 6.717944779666140676e-05 6.497112661600112915e-02
1.549034118652343750e-01 7.212476730346679688e-01 -5.889707803726196289e-01 1.124715879559516907e-01 7.315587401390075684e-01 -3.875509202480316162e-01 3.518214523792266846e-01 -4.390607476234436035e-01 -4.724037367850542068e-03 -5.596434231847524643e-03 2.355678938329219818e-02 -9.943700861185789108e-04 4.471940547227859497e-02
-9.105610661208629608e-03 1.079907491803169250e-01 -3.573108837008476257e-02 1.768604069948196411e-01 -1.327897422015666962e-02 8.119362592697143555e-01 5.720441341400146484e-01 -5.899074077606201172e-01 -1.554985903203487396e-02 -3.482865393161773682e-01 -8.910042233765125275e-03 -5.777030251920223236e-03 -4.194248095154762268e-02
-4.107964559807442129e-05 4.718174785375595093e-02 -1.094783172011375427e-01 1.635498553514480591e-01 -2.473150566220283508e-02 -9.504493474960327148e-01 9.375209808349609375e-01 -2.192719280719757080e-01 -1.733979023993015289e-02 6.475314497947692871e-02 2.163355425000190735e-02 -1.860151998698711395e-02 -3.366589546203613281e-02
-1.468626433052122593e-03 1.932997442781925201e-02 4.848518222570419312e-02 -3.952115029096603394e-02 3.266034647822380066e-02 2.651278302073478699e-02 4.126686975359916687e-02 -7.573090842925012112e-04 -7.705661654472351074e-01 6.429833173751831055e-01 8.341611362993717194e-03 -4.083921667188405991e-03 -3.503802465274930000e-03
8.563498966395854950e-03 4.035263881087303162e-02 -2.010938525199890137e-02 1.323284506797790527e-01 2.010244429111480713e-01 -6.199530325829982758e-03 -1.089985489845275879e+00 2.700640447437763214e-02 5.288132932037115097e-03 5.154313985258340836e-03 -1.471476443111896515e-02 -6.050741765648126602e-03 -5.704176053404808044e-02
2.447075769305229187e-02 1.828315481543540955e-02 4.481180012226104736e-02 -8.435906171798706055e-01 1.042569160461425781e+00 5.131806135177612305e-01 -8.404674008488655090e-03 -1.397165060043334961e-01 2.723995363339781761e-03 7.969476282596588135e-03 -1.332474686205387115e-02 1.000410597771406174e-02 4.745043069124221802e-02
-4.651937168091535568e-03 2.317489124834537506e-03 -1.174851320683956146e-02 -4.864903986454010010e-01 -2.980903387069702148e-01 4.436115920543670654e-01 -1.689945533871650696e-02 3.130994737148284912e-02 8.740127086639404297e-03 2.472387626767158508e-02 6.520617287606000900e-03 7.816240787506103516e-01 -8.216819763183593750e-01
7.174451835453510284e-03 9.882564842700958252e-02 -6.159584969282150269e-02 1.889706999063491821e-01 -1.050571426749229431e-01 -9.631391167640686035e-01 9.729999899864196777e-01 -1.712132394313812256e-01 -1.815729215741157532e-02 -1.625020056962966919e-01 7.312168832868337631e-03 -1.331012789160013199e-02 -9.509189985692501068e-03
-1.948291212320327759e-01 -6.880823522806167603e-02 -2.745645344257354736e-01 -8.459987640380859375e-01 9.031112194061279297e-01 -2.939895093441009521e-01 3.893716633319854736e-01 1.375701725482940674e-01 1.340788207016885281e-03 -2.673374116420745850e-02 -4.246837459504604340e-03 -1.935730688273906708e-02 -1.264228392392396927e-02
-4.944165702909231186e-03 -1.021736394613981247e-02 1.722298935055732727e-02 -7.433077786117792130e-03 4.150597378611564636e-03 1.254460960626602173e-02 -1.057984656654298306e-03 -1.309021115303039551e-01 8.478344082832336426e-01 7.567302584648132324e-01 2.860337197780609131e-01 -8.598719723522663116e-03 5.180627573281526566e-03
-3.073981963098049164e-03 3.889245912432670593e-03 -2.141422778367996216e-02 -9.361056610941886902e-03 1.107768807560205460e-02 -1.675035059452056885e-02 8.424930274486541748e-03 6.431832313537597656e-01 -1.146678447723388672e+00 7.399662733078002930e-01 9.699353575706481934e-01 -1.851015374995768070e-03 2.645225729793310165e-03
8.075383305549621582e-02 -1.764125823974609375e-01 -3.694752976298332214e-02 9.767737388610839844e-01 8.469718098640441895e-01 2.270013988018035889e-01 1.998535692691802979e-01 -2.725706994533538818e-01 -1.027572154998779297e-02 2.858621627092361450e-02 3.445142507553100586e-02 -3.059346694499254227e-03 4.262605216354131699e-03
1.617232151329517365e-02 -2.943549491465091705e-02 7.725935429334640503e-03 3.947511613368988037e-01 7.996321320533752441e-01 5.866466164588928223e-01 8.449751138687133789e-02 -3.559749722480773926e-01 2.959960699081420898e-02 -6.180292740464210510e-02 -3.781507909297943115e-02 1.659009791910648346e-02 -3.563283979892730713e-01
1.502172201871871948e-01 1.951237618923187256e-01 1.347517967224121094e-02 -2.059020474553108215e-02 4.157107770442962646e-01 4.938122630119323730e-01 1.002465248107910156e+00 6.478028297424316406e-01 -1.016892027109861374e-02 6.543291267007589340e-03 -3.729423880577087402e-02 3.053387627005577087e-03 5.636738985776901245e-02
1.455506402999162674e-02 -6.023022532463073730e-02 -1.021106019616127014e-01 9.800046682357788086e-02 -1.290381193161010742e+00 -1.632739417254924774e-02 1.416499912738800049e-01 1.166322156786918640e-01 -5.885681603103876114e-03 1.815383508801460266e-02 3.514927113428711891e-03 -4.479208029806613922e-03 2.913120947778224945e-02
3.845160305500030518e-01 6.147636771202087402e-01 2.135922573506832123e-02 3.725858926773071289e-01 1.137721896171569824e+00 -8.638371825218200684e-01 5.843876004219055176e-01 3.021122515201568604e-01 -3.944823518395423889e-03 -2.156672812998294830e-02 -2.358706295490264893e-02 2.065303176641464233e-02 1.731958240270614624e-02
2.897592261433601379e-02 3.670965507626533508e-02 4.102667421102523804e-02 1.006856679916381836e+00 -8.474476933479309082e-01 6.277028322219848633e-01 3.248217701911926270e-02 -9.109331294894218445e-03 -3.211916424334049225e-03 -5.338283255696296692e-03 -3.775629214942455292e-03 -3.759709361474961042e-04 -7.553852349519729614e-02
-7.148437667638063431e-03 -9.158507920801639557e-03 -2.111540436744689941e-01 -1.858858391642570496e-02 4.736862331628799438e-02 -2.549909949302673340e-01 3.991992175579071045e-01 -9.569169580936431885e-02 5.079009532928466797e-01 5.827357172966003418e-01 -3.756864368915557861e-02 3.151429817080497742e-02 1.152128679677844048e-03
3.798804804682731628e-02 4.622881487011909485e-02 4.932005703449249268e-01 -9.535349607467651367e-01 -2.222836203873157501e-02 -3.349767029285430908e-01 -2.028941810131072998e-01 -6.913329362869262695e-01 -1.572857238352298737e-02 8.728212676942348480e-03 2.043455652892589569e-02 -4.078194499015808105e-02 7.641404867172241211e-02
-3.119351528584957123e-02 3.816338181495666504e-01 -5.264768004417419434e-01 2.361068725585937500e-01 -7.833468317985534668e-01 -4.899312257766723633e-01 -9.435380697250366211e-01 -1.042105555534362793e-01 1.735254377126693726e-02 5.911028757691383362e-02 -2.452362515032291412e-02 8.025087416172027588e-03 6.569290161132812500e-02
-3.351392224431037903e-02 3.186164796352386475e-01 3.509302437305450439e-01 1.196926385164260864e-01 2.651815414428710938e-01 -2.010337859392166138e-01 3.242629468441009521e-01 -5.859264731407165527e-01 -5.008532851934432983e-02 1.676189750432968140e-01 1.765081286430358887e-01 2.310766279697418213e-02 -4.689732566475868225e-02
-6.077560037374496460e-02 -9.023000299930572510e-02 -9.232816100120544434e-02 -9.654452651739120483e-02 -1.135224625468254089e-01 5.318688750267028809e-01 3.067410737276077271e-02 7.210273146629333496e-01 3.873506188392639160e-02 3.614781796932220459e-01 1.530506610870361328e-01 1.316804555244743824e-03 1.842124313116073608e-01
-5.826382040977478027e-01 -7.091472148895263672e-01 -6.832649707794189453e-01 -3.063707239925861359e-02 -1.018594145774841309e+00 2.669833898544311523e-01 -8.326686620712280273e-01 -8.336970955133438110e-02 1.902926131151616573e-03 -9.724590927362442017e-03 -1.106360927224159241e-02 -2.287324983626604080e-03 1.918242196552455425e-03
6.813788414001464844e-02 -2.038068883121013641e-02 1.893701255321502686e-01 6.060922145843505859e-01 1.044826865196228027e+00 -1.811894029378890991e-01 -4.733687732368707657e-03 6.254113316535949707e-01 -1.986548304557800293e-03 -3.616988286375999451e-02 -1.054596807807683945e-02 5.037656985223293304e-03 -8.384417742490768433e-02
9.450900368392467499e-03 3.162948880344629288e-03 5.449965968728065491e-02 -7.043951004743576050e-02 -1.710774935781955719e-02 2.483162134885787964e-01 -6.668536365032196045e-02 4.078543484210968018e-01 -4.018719866871833801e-02 -2.138097584247589111e-01 -7.900251746177673340e-01 -6.537353619933128357e-03 -2.670045569539070129e-02
-7.129446268081665039e-01 7.044527530670166016e-01 4.241146445274353027e-01 -9.552345424890518188e-02 9.848695248365402222e-02 1.646758466958999634e-01 2.727407962083816528e-02 1.006994843482971191e+00 -1.140311578637920320e-04 3.720255941152572632e-02 -2.205541729927062988e-02 -2.322527725482359529e-04 8.463675039820373058e-04
2.216733992099761963e-03 -2.611171640455722809e-02 -3.634024411439895630e-02 4.527118057012557983e-02 -3.271243348717689514e-02 7.760528475046157837e-03 -4.684489686042070389e-03 8.729119896888732910e-01 5.426047369837760925e-02 -9.225444197654724121e-01 -6.969805806875228882e-02 -1.420378102920949459e-03 2.569086104631423950e-02
-8.408229798078536987e-03 -2.204941352829337120e-03 -3.037329576909542084e-02 -1.509021874517202377e-02 -2.615374140441417694e-02 -1.867442578077316284e-02 -4.186577722430229187e-02 -4.937523901462554932e-01 3.449805974960327148e-01 8.933495879173278809e-01 9.351738542318344116e-02 -6.111282855272293091e-03 -1.852331683039665222e-02
-6.849621236324310303e-02 -1.997957564890384674e-02 1.719574257731437683e-02 6.204414740204811096e-02 -6.826651841402053833e-02 -3.769865632057189941e-01 -3.696753084659576416e-01 1.150485053658485413e-01 -5.277683734893798828e-01 -4.882070794701576233e-02 5.459783673286437988e-01 -2.842405519913882017e-04 1.975762285292148590e-02
2.060551196336746216e-02 -4.435792192816734314e-02 -2.748224325478076935e-02 -8.003630675375461578e-03 -6.517722010612487793e-01 -7.490877993404865265e-03 -9.913465976715087891e-01 -3.811504542827606201e-01 1.485543791204690933e-02 -2.523663453757762909e-02 -2.120857313275337219e-02 7.827688939869403839e-03 1.730633974075317383e-01
-8.860328793525695801e-02 -9.004658460617065430e-02 5.743706133216619492e-04 9.031286835670471191e-01 3.423115909099578857e-01 -7.368592172861099243e-02 -3.165448307991027832e-01 2.078443020582199097e-01 7.765446323901414871e-03 8.687427639961242676e-02 -5.264029279351234436e-02 4.487495869398117065e-02 -7.096212357282638550e-02
6.029870361089706421e-03 1.236360967159271240e-01 9.102584444917738438e-04 -4.857672452926635742e-01 4.699023067951202393e-01 -7.340998649597167969e-01 1.082274436950683594e+00 5.421739220619201660e-01 -1.515944302082061768e-02 6.975475698709487915e-02 6.581757683306932449e-03 6.197197362780570984e-03 5.161590408533811569e-03
-5.928346887230873108e-02 -9.392742067575454712e-02 6.143969949334859848e-03 -4.567468538880348206e-03 -8.311472833156585693e-02 -9.631267189979553223e-01 8.449608683586120605e-01 1.015300452709197998e-01 1.838814094662666321e-02 3.353020548820495605e-01 2.882664790377020836e-03 1.048588100820779800e-02 -1.903112861327826977e-03
-5.208910629153251648e-02 2.061125356703996658e-03 3.078187815845012665e-02 3.477136604487895966e-03 -3.793539479374885559e-02 -2.325477898120880127e-01 -2.528440356254577637e-01 1.172042489051818848e-01 -6.320936679840087891e-01 5.598275065422058105e-01 5.107990503311157227e-01 -7.540178950875997543e-03 1.975529640913009644e-02
7.495658472180366516e-03 1.158084049820899963e-01 1.813694238662719727e-01 1.722439974546432495e-01 7.821559906005859375e-01 5.268593430519104004e-01 -2.200361937284469604e-01 3.919675350189208984e-01 1.611528731882572174e-02 1.164807821623980999e-03 -2.666600607335567474e-02 -2.201091125607490540e-02 -2.209017984569072723e-02
-4.341517109423875809e-03 -2.164169400930404663e-02 5.234231706708669662e-03 -7.917405106127262115e-03 -1.548190694302320480e-02 3.640501201152801514e-02 6.117203272879123688e-03 1.123843565583229065e-01 1.073251605033874512e+00 3.251103758811950684e-01 -1.000156879425048828e+00 -2.412385510979220271e-04 1.407680800184607506e-03
-3.433100413531064987e-03 5.389548838138580322e-03 -1.354038063436746597e-02 -4.798767715692520142e-02 8.648790419101715088e-03 -2.779051847755908966e-02 -4.013835918158292770e-03 8.224125020205974579e-03 -8.568102121353149414e-01 -7.262721061706542969e-01 -1.271461695432662964e-01 -2.935919445008039474e-03 7.153267040848731995e-03
4.518924653530120850e-02 7.282736897468566895e-02 1.965540461242198944e-03 4.943665862083435059e-01 2.700240314006805420e-01 5.094119906425476074e-01 -5.154585838317871094e-02 6.968658417463302612e-02 -2.709449501708149910e-03 -1.671340689063072205e-02 1.345448940992355347e-02 -7.761024236679077148e-01 -1.139311432838439941e+00
-4.072484374046325684e-02 3.444121405482292175e-02 -6.610761582851409912e-02 -5.209994316101074219e-01 1.544117450714111328e+00 -2.540458440780639648e-01 1.342552304267883301e+00 3.727509081363677979e-01 -1.029705535620450974e-02 1.112515106797218323e-02 2.446546591818332672e-02 -8.390566334128379822e-03 -4.201809689402580261e-02
-6.723737344145774841e-03 -2.833603415638208389e-03 -3.930261358618736267e-02 -3.526081889867782593e-02 2.440759092569351196e-01 2.043472766876220703e+00 -3.762089833617210388e-02 9.800218343734741211e-01 -5.337906186468899250e-04 -2.514246664941310883e-02 -2.880389802157878876e-02 4.025979898869991302e-03 -1.128573343157768250e-02
6.993525475263595581e-02 1.784085296094417572e-02 6.526685506105422974e-02 -1.086127832531929016e-01 -1.368081383407115936e-02 3.878029286861419678e-01 3.272234797477722168e-01 6.072964146733283997e-02 3.558108583092689514e-02 5.763223767280578613e-01 -3.858098089694976807e-01 -1.207593642175197601e-02 -4.327561333775520325e-02
5.842987447977066040e-02 -7.637858390808105469e-02 1.172295361757278442e-01 -5.875198245048522949e-01 -1.055735468864440918e+00 6.238015294075012207e-01 -2.185237966477870941e-02 3.733717501163482666e-01 1.031801570206880569e-02 -1.916369237005710602e-02 -5.973581690341234207e-03 -9.029913693666458130e-03 5.362429842352867126e-02
4.933650605380535126e-03 1.049763932824134827e-01 -7.923614233732223511e-02 2.995401248335838318e-02 -1.824416220188140869e-01 -8.857998847961425781e-01 9.881534576416015625e-01 7.525143027305603027e-01 -2.349902689456939697e-02 1.786303706467151642e-02 -1.788959256373345852e-03 4.271623212844133377e-03 1.257461402565240860e-02
6.721375044435262680e-03 -2.632129378616809845e-02 4.794744029641151428e-02 -1.131127029657363892e-02 1.573419198393821716e-02 -1.125246169976890087e-03 2.734721172600984573e-03 8.872920274734497070e-02 -9.526106119155883789e-01 5.096336826682090759e-02 8.495525121688842773e-01 -9.784454479813575745e-03 -8.206210099160671234e-03
-5.995314568281173706e-03 -3.984397277235984802e-03 -4.799253866076469421e-02 -8.109204471111297607e-03 -6.456088274717330933e-03 3.661323711276054382e-02 -9.904795326292514801e-03 -4.319693148136138916e-01 1.175133943557739258e+00 8.574600219726562500e-01 3.436208069324493408e-01 7.395957596600055695e-03 -7.984475232660770416e-03
2.614627406001091003e-02 1.199571788311004639e-01 -1.660567522048950195e-02 -6.504951715469360352e-01 -1.129909157752990723e+00 -4.682309925556182861e-02 -1.170815706253051758e+00 1.845535449683666229e-02 1.481371559202671051e-02 -1.150769647210836411e-02 1.777451112866401672e-02 -2.949544414877891541e-02 1.148589886724948883e-02
2.144282102584838867e+00 -2.482436597347259521e-01 -4.277680516242980957e-01 2.992686033248901367e-01 6.649565100669860840e-01 -2.098336964845657349e-01 5.173076391220092773e-01 1.118482649326324463e-01 -3.033433342352509499e-03 -4.211983177810907364e-03 -1.968101412057876587e-02 -8.797295391559600830e-03 -3.435048088431358337e-02
1.373724639415740967e-02 1.982828415930271149e-02 1.147338375449180603e-02 -6.629748642444610596e-02 1.134502515196800232e-02 1.751502901315689087e-01 1.443299204111099243e-01 7.915065437555313110e-02 -5.963479876518249512e-01 -1.723802536725997925e-01 -5.940648913383483887e-01 -5.124688614159822464e-03 -1.799958571791648865e-02
2.363987267017364502e-01 -2.965654060244560242e-02 1.099873185157775879e+00 2.130211740732192993e-01 1.799268871545791626e-01 1.470269411802291870e-01 4.681625962257385254e-01 2.539764642715454102e-01 -2.650646492838859558e-04 -1.153313647955656052e-02 -2.829084172844886780e-02 -2.473755739629268646e-02 -3.735564649105072021e-03
2.891796082258224487e-02 4.191076755523681641e-02 1.699849776923656464e-02 -5.770978927612304688e-01 2.532516121864318848e-01 1.613963395357131958e-01 -3.949431329965591431e-02 -1.137111410498619080e-01 7.916197180747985840e-03 -5.704631563276052475e-03 -1.067406591027975082e-02 9.276580810546875000e-01 4.470159411430358887e-01
-1.779909282922744751e-01 -3.155548572540283203e-01 4.611018300056457520e-02 7.059322297573089600e-02 -1.761096239089965820e+00 -7.002984881401062012e-01 -8.144931793212890625e-01 5.194597244262695312e-01 4.893048666417598724e-03 -1.903055049479007721e-02 -1.745824888348579407e-02 -4.973279312252998352e-03 4.711589589715003967e-02
-1.503349840641021729e-02 3.825018182396888733e-03 1.766548119485378265e-02 -2.461857534945011139e-02 1.559283770620822906e-02 -6.825173646211624146e-02 -1.132651139050722122e-02 -2.130417972803115845e-01 -8.394239544868469238e-01 -5.808573961257934570e-01 8.356489539146423340e-01 -3.387533593922853470e-03 -6.574994884431362152e-03
5.292384326457977295e-02 -1.462955921888351440e-01 5.859752893447875977e-01 4.966788589954376221e-01 -1.890123449265956879e-02 -3.245848417282104492e-01 1.337512433528900146e-01 -1.253660798072814941e+00 -8.443338796496391296e-03 -5.445610731840133667e-02 8.815056644380092621e-03 -9.915168397128582001e-03 2.294703153893351555e-04
-2.137822331860661507e-03 -2.612339099869132042e-03 -1.930895633995532990e-02 -2.916217409074306488e-02 1.558509003371000290e-02 -7.095096167176961899e-03 2.118952944874763489e-02 -3.225163221359252930e-01 -8.977196216583251953e-01 7.826701998710632324e-01 2.577440142631530762e-01 -5.127513781189918518e-03 -2.706532180309295654e-02
-3.310219151899218559e-03 -6.934628635644912720e-02 -3.305522724986076355e-02 -3.189433738589286804e-02 -1.477909553796052933e-02 4.134694114327430725e-03 -3.520129993557929993e-02 -2.945330858230590820e+00 4.189562052488327026e-03 -4.360257461667060852e-02 -1.174319460988044739e-01 2.163030672818422318e-03 2.180160768330097198e-02
