3.326241731643676758e+00
3.730449676513671875e+00
1.288689017295837402e+00
5.972949504852294922e+00
1.450520634651184082e+00
3.763435184955596924e-01
4.089222431182861328e+00
3.711695671081542969e+00
-3.931834995746612549e-01
3.193378210067749023e+00
-6.258849799633026123e-02
1.131495285034179688e+01
-8.839543908834457397e-02
-1.997983694076538086e+00
1.904543161392211914e+00
9.358478784561157227e-01
2.692046642303466797e+00
1.399891018867492676e+00
1.044859170913696289e+00
2.399266719818115234e+00
3.749283075332641602e+00
1.028270959854125977e+00
3.300868034362792969e+00
-3.545205354690551758e+00
1.856615066528320312e+00
1.505832076072692871e+00
-1.677855551242828369e-01
1.694258213043212891e+00
-3.520610332489013672e-01
4.458872795104980469e+00
2.449798583984375000e+00
-3.123153746128082275e-01
6.845614433288574219e+00
-2.593806684017181396e-01
-6.419437378644943237e-02
2.491879701614379883e+00
-4.660326987504959106e-02
5.210760235786437988e-01
7.753713607788085938e+00
1.420518398284912109e+00
6.250995635986328125e+00
2.002600288391113281e+01
5.882423877716064453e+00
4.344097614288330078e+00
1.081306266784667969e+01
6.184178590774536133e-01
2.687209844589233398e+00
3.610569715499877930e+00
1.826190710067749023e+00
1.550705671310424805e+00
3.618361711502075195e+00
-2.071101069450378418e-01
8.436630964279174805e-01
7.792271375656127930e-01
-3.367022991180419922e+00
5.031557679176330566e-01
2.656277894973754883e+00
1.062998580932617188e+01
4.507380962371826172e+00
-2.043059319257736206e-01
-2.442998886108398438e+00
1.690778255462646484e+00
2.579714059829711914e-01
1.399033308029174805e+00
2.035289764404296875e+00
4.387718200683593750e+00
8.797291755676269531e+00
7.204550743103027344e+00
2.394090652465820312e+00
1.343740671873092651e-01
4.269566059112548828e+00
5.571591854095458984e-01
7.524858951568603516e+00
1.280539393424987793e+00
2.336969852447509766e+00
-3.104678094387054443e-01
-5.437569618225097656e-01
6.068270206451416016e-01
1.470770597457885742e+00
3.483112096786499023e+00
-2.761404812335968018e-01
1.829260885715484619e-01
-5.318340286612510681e-02
1.465369343757629395e+00
-3.916736543178558350e-01
3.172181919217109680e-02
3.662344217300415039e-01
5.004529356956481934e-01
2.977601766586303711e+00
-2.667021036148071289e+00
-1.049926757812500000e+01
-1.589072197675704956e-01
2.963322103023529053e-01
-3.883812725543975830e-01
7.250514030456542969e-01
5.775358080863952637e-01
1.165538430213928223e+00
1.448261588811874390e-01
7.845430374145507812e+00
-1.556352972984313965e-01
3.325305283069610596e-01
8.931426048278808594e+00
4.140412330627441406e+00
3.418244123458862305e+00
1.102089047431945801e+00
-7.112468481063842773e-01
4.242768883705139160e-01
-1.062955707311630249e-01
-9.987126588821411133e-01
2.474179983139038086e+00
1.731887161731719971e-01
4.232514381408691406e+00
-7.395953536033630371e-01
4.767211437225341797e+00
1.974586486816406250e+00
-1.550409644842147827e-01
-4.591606557369232178e-01
1.058531856536865234e+01
3.660946369171142578e+00
5.429692268371582031e+00
-1.072752380371093750e+01
6.468132734298706055e-01
1.008665919303894043e+00
-1.318566441535949707e+00
1.251427650451660156e+00
5.302354812622070312e+00
2.950135469436645508e+00
2.580471754074096680e+00
1.100577735900878906e+01
5.891736149787902832e-01
8.053635597229003906e+00
2.778224706649780273e+00
5.908590316772460938e+00
-8.154111862182617188e+00
-3.633109480142593384e-02
3.053629875183105469e+00
6.862837791442871094e+00
1.358690619468688965e+00
1.741365432739257812e+00
4.837483882904052734e+00
2.017334222793579102e+00
4.600492954254150391e+00
1.834321260452270508e+00
4.728047370910644531e+00
-4.338281631469726562e+00
1.168051362037658691e+00
-3.771206617355346680e+00
3.748416900634765625e-01
-9.144307374954223633e-01
-1.008795350790023804e-01
-3.978219509124755859e+00
1.495817542076110840e+00
1.095500230789184570e+00
6.387144327163696289e-01
4.330835342407226562e-01
2.297159671783447266e+00
2.513067722320556641e+00
2.007304906845092773e+00
1.568157196044921875e+00
1.785487830638885498e-01
1.748288869857788086e+00
-3.690469026565551758e+00
9.202057719230651855e-01
-1.944107376039028168e-02
3.298384189605712891e+00
1.637869358062744141e+00
3.648034334182739258e-01
-7.888335585594177246e-01
3.350501954555511475e-01
2.711091518402099609e+00
1.702948689460754395e+00
7.090949416160583496e-01
1.009647607803344727e+00
-3.882949650287628174e-01
2.980544805526733398e+00
-3.469326198101043701e-01
3.428186476230621338e-01
1.887245774269104004e+00
3.088176250457763672e+00
3.253064155578613281e+00
4.757700443267822266e+00
2.006855010986328125e+00
-8.297804743051528931e-02
-5.722234725952148438e+00
8.203756064176559448e-02
-5.610824227333068848e-01
-4.297041893005371094e+00
5.022762298583984375e+00
-7.718529701232910156e+00
2.149102926254272461e+00
4.841153621673583984e+00
2.681338071823120117e+00
6.561296582221984863e-01
5.288026332855224609e+00
6.042473912239074707e-01
1.850299263000488281e+01
2.168619036674499512e-01
2.688078880310058594e+00
-8.519755303859710693e-02
-1.466760933399200439e-01
-1.050238847732543945e+00
1.330966800451278687e-01
3.564800739288330078e+00
-6.470952033996582031e-01
-7.906751155853271484e+00
-1.353568911552429199e+00
-1.057831573486328125e+01
-1.239145040512084961e+00
-5.364621639251708984e+00
4.877635955810546875e+00
-1.954007983207702637e+00
-5.423006057739257812e+00
4.684682190418243408e-01
1.758336186408996582e+00
1.813035756349563599e-01
-1.793973296880722046e-01
6.089925765991210938e+00
2.091668128967285156e+00
-2.560837030410766602e+00
-8.121471405029296875e-01
-3.265748500823974609e+00
-3.050934076309204102e+00
-2.028036355972290039e+00
-9.908260345458984375e+00
-3.889153480529785156e+00
3.283748030662536621e-01
-1.017737007141113281e+01
-1.058731365203857422e+01
7.095559239387512207e-01
2.060663938522338867e+00
-3.048691511154174805e+00
1.160182833671569824e+00
-6.383565902709960938e+00
-9.460289001464843750e+00
1.849785208702087402e+00
-3.765884637832641602e+00
-8.738358497619628906e+00
-1.798813343048095703e+00
2.121946096420288086e+00
-2.221382141113281250e+00
5.714442729949951172e-01
1.840715169906616211e+00
-1.959350466728210449e+00
-3.717125415802001953e+00
1.653025507926940918e+00
-4.836462497711181641e+00
-1.068030738830566406e+01
-3.643361806869506836e+00
-6.555060863494873047e+00
1.341476321220397949e+00
8.529522418975830078e-01
-7.306547164916992188e-01
-1.048333168029785156e+01
-4.959059238433837891e+00
-4.818344116210937500e+00
7.899574041366577148e-01
-3.583388090133666992e+00
-5.979290962219238281e+00
-1.127077102661132812e+01
1.953577995300292969e-01
2.906398296356201172e+00
-5.479382038116455078e+00
-3.165768861770629883e+00
-6.063745975494384766e+00
-3.588020563125610352e+00
-7.732658863067626953e+00
-1.211812272667884827e-01
-8.020452499389648438e+00
-5.334571361541748047e+00
-5.698839664459228516e+00
-1.069016098976135254e+00
-2.584359884262084961e+00
1.244239568710327148e+00
-3.988865852355957031e+00
-5.957598209381103516e+00
-3.894347846508026123e-01
-3.757940530776977539e+00
5.327474594116210938e+00
-9.092199802398681641e-01
-2.206234693527221680e+00
1.071831226348876953e+00
2.676500558853149414e+00
-8.890185356140136719e+00
-3.811221837997436523e+00
1.168074250221252441e+00
6.348266005516052246e-01
-3.992740809917449951e-01
-1.085670948028564453e+00
-2.447694778442382812e+00
1.177303314208984375e+00
1.829929232597351074e+00
7.322291284799575806e-02
-1.026129484176635742e+00
1.183279275894165039e+00
-1.450004577636718750e+00
1.322967886924743652e+00
1.373305320739746094e+00
-5.752582550048828125e+00
-2.016089111566543579e-02
-7.080790996551513672e+00
-8.208678364753723145e-01
2.550823211669921875e+00
1.737406015396118164e+00
2.011056184768676758e+00
2.639309167861938477e+00
-8.770606994628906250e+00
1.288836717605590820e+00
5.484572052955627441e-01
2.251454830169677734e+00
-7.300650119781494141e+00
4.790744483470916748e-01
-1.564023852348327637e+00
5.768969655036926270e-03
2.671274900436401367e+00
-8.222181200981140137e-01
2.406478881835937500e+00
-1.010345554351806641e+01
-4.633625030517578125e+00
2.524825334548950195e+00
-4.747831821441650391e+00
-1.665604948997497559e+00
-2.408562660217285156e+00
-1.878664374351501465e+00
4.796165466308593750e+00
-1.185863256454467773e+00
-4.342665195465087891e+00
-4.423043727874755859e+00
-6.739737987518310547e+00
-6.841652393341064453e+00
-2.436367273330688477e+00
2.116858005523681641e+00
-3.439981698989868164e+00
9.206128716468811035e-01
2.268475770950317383e+00
-1.234918594360351562e+01
-6.571933031082153320e-01
-6.058043003082275391e+00
-1.312505960464477539e+00
-2.047676563262939453e+00
-7.350280761718750000e+00
2.191016912460327148e+00
2.575450837612152100e-01
-1.177538275718688965e+00
-9.802968502044677734e-01
1.677088618278503418e+00
7.943587303161621094e+00
-2.478857189416885376e-01
-2.481369972229003906e+00
-2.465603590011596680e+00
-1.187775039672851562e+01
-6.916285514831542969e+00
-5.304689884185791016e+00
6.884360790252685547e+00
-4.500934123992919922e+00
1.254659652709960938e+00
-3.614689111709594727e+00
4.661189079284667969e+00
-3.562958478927612305e+00
-1.468500018119812012e+00
1.083848953247070312e+00
-4.376439094543457031e+00
1.054076790809631348e+00
-3.318329334259033203e+00
-6.296715736389160156e-01
1.342799067497253418e+00
-3.927663564682006836e+00
-3.958915710449218750e+00
-1.308784961700439453e+00
1.831576108932495117e+00
-2.049123287200927734e+00
-4.616020679473876953e+00
-2.303109645843505859e+00
-3.935384035110473633e+00
5.785185694694519043e-01
-7.106970787048339844e+00
-8.330286979675292969e+00
-1.196026134490966797e+01
-4.466280937194824219e+00
-1.875093340873718262e+00
6.756803989410400391e-01
4.932477176189422607e-01
-1.937220931053161621e+00
-6.586911678314208984e+00
1.090785145759582520e+00
-1.206982135772705078e+00
1.586991310119628906e+00
3.587528944015502930e+00
-8.040900230407714844e+00
8.500687479972839355e-01
-2.568195819854736328e+00
-6.083541870117187500e+00
-3.930657863616943359e+00
-5.994590282440185547e+00
1.853855729103088379e+00
-3.186469078063964844e-01
2.027374029159545898e+00
6.476452350616455078e-01
-5.205888271331787109e+00
-8.316184043884277344e+00
-6.067917346954345703e+00
1.133254337310791016e+01
-1.282889652252197266e+01
4.058077335357666016e+00
9.591420173645019531e+00
8.367869377136230469e+00
-5.899680852890014648e-01
5.716631412506103516e-01
-6.781620502471923828e+00
1.300703048706054688e+01
-6.079574108123779297e+00
1.306353378295898438e+01
1.172817134857177734e+01
3.156010150909423828e+00
6.024614334106445312e+00
6.432797431945800781e+00
-3.175532102584838867e+00
-5.421772956848144531e+00
-3.470311641693115234e+00
-4.853416919708251953e+00
8.417544364929199219e+00
2.256425380706787109e+00
4.111073017120361328e+00
1.048641490936279297e+01
5.279526114463806152e-02
1.121051883697509766e+01
7.613203525543212891e+00
1.715852546691894531e+01
-3.243561267852783203e+00
1.002009105682373047e+01
1.034628009796142578e+01
8.879403114318847656e+00
9.313158035278320312e+00
1.061373725533485413e-01
-1.298883914947509766e+01
-1.033413982391357422e+01
-9.009871482849121094e+00
-2.184615707397460938e+01
7.215790271759033203e+00
1.441428661346435547e+00
1.119538688659667969e+01
6.758242607116699219e+00
-1.611729812622070312e+01
2.776740789413452148e+00
9.876274108886718750e+00
-4.240262508392333984e+00
-2.706304550170898438e+00
-2.067368268966674805e+00
-5.773144245147705078e+00
8.128544807434082031e+00
-8.832181930541992188e+00
6.092411279678344727e-02
3.431804180145263672e+00
-5.469974994659423828e+00
5.608849525451660156e+00
-9.932209551334381104e-02
-8.102952003479003906e+00
-4.306454181671142578e+00
4.403565227985382080e-01
4.222245693206787109e+00
-1.069463729858398438e+01
-1.008908271789550781e+01
1.323662185668945312e+01
-2.775875091552734375e+00
7.611977577209472656e+00
-5.119061470031738281e+00
8.735836982727050781e+00
-1.230624008178710938e+01
-4.224226951599121094e+00
1.266039657592773438e+01
1.170051574707031250e+01
4.233442783355712891e+00
-3.095211982727050781e+00
1.965448856353759766e+00
-6.449941635131835938e+00
-1.205572414398193359e+01
7.543621063232421875e+00
7.871320724487304688e+00
8.423310279846191406e+00
-5.882776737213134766e+00
-2.186973571777343750e+00
5.727626800537109375e+00
4.583435535430908203e+00
1.848847007751464844e+01
-8.298981666564941406e+00
7.087275505065917969e+00
6.224458694458007812e+00
-7.321100711822509766e+00
8.863611221313476562e+00
5.479466438293457031e+00
-2.195592641830444336e+00
6.092102050781250000e+00
4.901741504669189453e+00
7.674933910369873047e+00
-4.524897575378417969e+00
8.084156990051269531e+00
2.405795812606811523e+00
7.435670375823974609e+00
7.339434623718261719e+00
-2.811961412429809570e+00
4.833674430847167969e+00
-8.274868011474609375e+00
-7.253650188446044922e+00
4.196952342987060547e+00
-5.615657329559326172e+00
-3.917968988418579102e+00
1.047369194030761719e+01
4.345260143280029297e+00
-8.459631919860839844e+00
-9.838160514831542969e+00
-1.334621810913085938e+01
7.180366516113281250e+00
-6.965904712677001953e+00
3.780524492263793945e+00
-7.866796970367431641e+00
-7.727458477020263672e+00
6.309449195861816406e+00
5.838379859924316406e+00
5.826021358370780945e-02
3.035296678543090820e+00
-1.457714438438415527e+00
-1.081521606445312500e+01
-1.061393547058105469e+01
-4.043049335479736328e+00
8.155405998229980469e+00
6.649069309234619141e+00
-1.398652744293212891e+01
1.130855655670166016e+01
-7.544505596160888672e+00
1.314617514610290527e+00
-8.536362051963806152e-01
-8.511035919189453125e+00
6.561451911926269531e+00
-1.371562838554382324e+00
-1.880986571311950684e+00
-1.369250488281250000e+01
-8.218486785888671875e+00
-1.248995876312255859e+01
-7.105980873107910156e+00
5.173391819000244141e+00
-6.121168613433837891e+00
7.719858646392822266e+00
-1.107413291931152344e+01
9.611846923828125000e+00
6.052236080169677734e+00
3.306996107101440430e+00
1.049515628814697266e+01
-7.399994414299726486e-03
3.231514453887939453e+00
-5.566543102264404297e+00
-1.568622112274169922e+01
-3.251303136348724365e-01
-7.411253452301025391e+00
8.583357810974121094e+00
-6.481214523315429688e+00
8.215986251831054688e+00
-9.834935188293457031e+00
1.033000755310058594e+01
-8.298541069030761719e+00
-7.355904579162597656e+00
-3.641689538955688477e+00
8.429290771484375000e+00
-5.419530868530273438e+00
2.407817602157592773e+00
8.655015945434570312e+00
-5.005956172943115234e+00
8.807279586791992188e+00
1.030820846557617188e+01
-2.180808067321777344e+00
3.724160432815551758e+00
-6.578064441680908203e+00
8.020992279052734375e+00
7.907356262207031250e+00
-8.005554199218750000e+00
-1.046522617340087891e+01
-4.718789577484130859e+00
-1.378272914886474609e+01
4.432533740997314453e+00
-5.030104637145996094e+00
-1.417924165725708008e+00
2.215091943740844727e+00
-9.861252456903457642e-02
6.827351570129394531e+00
1.363726043701171875e+01
9.226067662239074707e-01
3.002157926559448242e+00
-1.338968944549560547e+01
6.991191864013671875e+00
-8.839213848114013672e-02
-9.381059646606445312e+00
8.926939010620117188e+00
-4.442238509654998779e-01
-1.159976100921630859e+01
6.296291828155517578e+00
8.909407615661621094e+00
-1.016509342193603516e+01
1.268465900421142578e+01
-1.101974582672119141e+01
-2.212326049804687500e+00
-8.720733642578125000e+00
2.378228759765625000e+01
