3.305464506149291992e+00
3.805991411209106445e+00
1.238814353942871094e+00
5.964817523956298828e+00
1.408054351806640625e+00
4.928902685642242432e-01
4.032121658325195312e+00
3.714297771453857422e+00
-3.893393278121948242e-01
3.207342386245727539e+00
-9.731848537921905518e-02
1.137663745880126953e+01
-5.355216562747955322e-02
-1.931919574737548828e+00
1.897063255310058594e+00
9.397690892219543457e-01
2.579137086868286133e+00
1.458553314208984375e+00
9.841536879539489746e-01
2.367587804794311523e+00
3.676495313644409180e+00
1.048749327659606934e+00
3.204970598220825195e+00
-3.576906442642211914e+00
1.815907120704650879e+00
1.410329699516296387e+00
-2.249375283718109131e-01
1.723821759223937988e+00
-3.548868000507354736e-01
4.430252552032470703e+00
2.454277276992797852e+00
-2.522207498550415039e-01
6.806297779083251953e+00
-2.950506508350372314e-01
-7.109997421503067017e-02
2.497983455657958984e+00
-1.002627164125442505e-01
5.275468230247497559e-01
7.693754673004150391e+00
1.377835988998413086e+00
6.165138244628906250e+00
1.993535041809082031e+01
5.959187507629394531e+00
4.335187435150146484e+00
1.088629627227783203e+01
6.758268475532531738e-01
2.769507884979248047e+00
3.639072656631469727e+00
1.839530229568481445e+00
1.611000299453735352e+00
3.621207237243652344e+00
-2.813256680965423584e-01
8.479548692703247070e-01
7.871714830398559570e-01
-3.375913619995117188e+00
5.287464857101440430e-01
2.598043918609619141e+00
1.069523048400878906e+01
4.421987056732177734e+00
-1.723932772874832153e-01
-2.526345968246459961e+00
1.666009545326232910e+00
2.315414547920227051e-01
1.495414376258850098e+00
2.129177331924438477e+00
4.380662441253662109e+00
8.724528312683105469e+00
7.192201137542724609e+00
2.498873472213745117e+00
7.709158957004547119e-02
4.257503986358642578e+00
4.727255403995513916e-01
7.547363758087158203e+00
1.193790078163146973e+00
2.447413921356201172e+00
-3.676262497901916504e-01
-5.538843274116516113e-01
6.047638654708862305e-01
1.403467416763305664e+00
3.479707241058349609e+00
-3.363249897956848145e-01
1.603506356477737427e-01
-2.794744074344635010e-02
1.491713047027587891e+00
-3.719530403614044189e-01
3.545055538415908813e-02
3.432095944881439209e-01
4.873567819595336914e-01
3.007168531417846680e+00
-2.599478244781494141e+00
-1.042403125762939453e+01
-1.586221754550933838e-01
3.151701390743255615e-01
-3.508898913860321045e-01
6.377533674240112305e-01
5.747748017311096191e-01
1.185183882713317871e+00
2.325847595930099487e-01
7.789703369140625000e+00
-6.570284813642501831e-02
2.459536641836166382e-01
8.943857192993164062e+00
4.198468208312988281e+00
3.430821180343627930e+00
1.073612928390502930e+00
-6.979859471321105957e-01
4.840181469917297363e-01
-1.762983947992324829e-01
-1.042206168174743652e+00
2.461873292922973633e+00
2.035054564476013184e-01
4.303121089935302734e+00
-6.772811412811279297e-01
4.804196357727050781e+00
1.931015372276306152e+00
-1.798747032880783081e-01
-4.686716794967651367e-01
1.046351146697998047e+01
3.706930875778198242e+00
5.556190967559814453e+00
-1.069690895080566406e+01
6.270532011985778809e-01
1.084940791130065918e+00
-1.295096278190612793e+00
1.297649025917053223e+00
5.171548366546630859e+00
2.939107179641723633e+00
2.670071125030517578e+00
1.098083496093750000e+01
5.324180126190185547e-01
7.986105442047119141e+00
2.806325197219848633e+00
5.924405574798583984e+00
-8.040587425231933594e+00
-1.092753633856773376e-01
2.986548900604248047e+00
6.961339473724365234e+00
1.319697141647338867e+00
1.726031780242919922e+00
4.896673202514648438e+00
1.999334096908569336e+00
4.484401226043701172e+00
1.849326252937316895e+00
4.679503440856933594e+00
-4.392540454864501953e+00
1.203233599662780762e+00
-3.746393918991088867e+00
4.474208056926727295e-01
-9.089895486831665039e-01
-8.364025503396987915e-02
-3.981564998626708984e+00
1.428873419761657715e+00
1.076112151145935059e+00
6.772199869155883789e-01
3.992822170257568359e-01
2.326214313507080078e+00
2.516969919204711914e+00
1.920793771743774414e+00
1.624885678291320801e+00
1.640310436487197876e-01
1.807134270668029785e+00
-3.674573898315429688e+00
8.451583385467529297e-01
-1.004415675997734070e-01
3.305457592010498047e+00
1.685745954513549805e+00
3.764823973178863525e-01
-7.764231562614440918e-01
2.158840149641036987e-01
2.669208765029907227e+00
1.704822063446044922e+00
7.510329484939575195e-01
1.078061819076538086e+00
-4.216762483119964600e-01
2.859092473983764648e+00
-3.561787009239196777e-01
3.129080235958099365e-01
1.847462654113769531e+00
3.095057725906372070e+00
3.271532773971557617e+00
4.873429775238037109e+00
2.057551383972167969e+00
-6.819085031747817993e-02
-5.737525463104248047e+00
1.455994043499231339e-02
-5.932933092117309570e-01
-4.285641193389892578e+00
5.059407711029052734e+00
-7.717757701873779297e+00
2.192054271697998047e+00
4.844055652618408203e+00
2.735464811325073242e+00
6.627658009529113770e-01
5.245049476623535156e+00
6.966149210929870605e-01
1.849611663818359375e+01
1.728501319885253906e-01
2.642821550369262695e+00
-3.276158124208450317e-02
-7.449126243591308594e-02
-1.118464231491088867e+00
1.750575453042984009e-01
3.649230718612670898e+00
-6.432096362113952637e-01
-7.949198246002197266e+00
-1.326765298843383789e+00
-1.060198974609375000e+01
-1.253211975097656250e+00
-5.259333133697509766e+00
4.908164024353027344e+00
-1.874327301979064941e+00
-5.433904170989990234e+00
3.780653774738311768e-01
1.747972488403320312e+00
1.958757042884826660e-01
-2.615278363227844238e-01
6.020436763763427734e+00
2.125334262847900391e+00
-2.540189981460571289e+00
-8.846406936645507812e-01
-3.275717258453369141e+00
-3.131342172622680664e+00
-2.039189338684082031e+00
-9.859448432922363281e+00
-3.861975669860839844e+00
4.203985929489135742e-01
-1.015053749084472656e+01
-1.062020492553710938e+01
6.834111809730529785e-01
2.075601816177368164e+00
-3.014600038528442383e+00
1.255735278129577637e+00
-6.449747085571289062e+00
-9.489035606384277344e+00
1.923544287681579590e+00
-3.678007841110229492e+00
-8.854166030883789062e+00
-1.801131010055541992e+00
2.212291717529296875e+00
-2.199111700057983398e+00
6.019002795219421387e-01
1.834801554679870605e+00
-1.983249545097351074e+00
-3.688675165176391602e+00
1.629328489303588867e+00
-4.768374443054199219e+00
-1.056699275970458984e+01
-3.589195013046264648e+00
-6.553582191467285156e+00
1.337102770805358887e+00
9.556119441986083984e-01
-7.728235721588134766e-01
-1.051389694213867188e+01
-4.890849590301513672e+00
-4.826558589935302734e+00
8.453971743583679199e-01
-3.525223255157470703e+00
-5.938271522521972656e+00
-1.129552745819091797e+01
1.829047352075576782e-01
2.961497306823730469e+00
-5.448491096496582031e+00
-3.259950637817382812e+00
-6.115053653717041016e+00
-3.534985303878784180e+00
-7.686556339263916016e+00
-4.068256169557571411e-02
-8.001744270324707031e+00
-5.291846275329589844e+00
-5.604001045227050781e+00
-1.121034264564514160e+00
-2.573414325714111328e+00
1.259744644165039062e+00
-3.970721721649169922e+00
-6.030918598175048828e+00
-3.630844652652740479e-01
-3.726646900177001953e+00
5.465043544769287109e+00
-8.502933382987976074e-01
-2.143044233322143555e+00
1.075095295906066895e+00
2.696649312973022461e+00
-8.899376869201660156e+00
-3.816551208496093750e+00
1.291587114334106445e+00
5.904581546783447266e-01
-4.392605423927307129e-01
-1.200438976287841797e+00
-2.485584259033203125e+00
1.281885027885437012e+00
1.864198207855224609e+00
6.080322712659835815e-02
-9.341488480567932129e-01
1.087197422981262207e+00
-1.534216403961181641e+00
1.359163045883178711e+00
1.272594451904296875e+00
-5.768579959869384766e+00
-7.477111369371414185e-02
-6.957492351531982422e+00
-8.391753435134887695e-01
2.501142740249633789e+00
1.643510222434997559e+00
2.023021697998046875e+00
2.604201793670654297e+00
-8.672637939453125000e+00
1.320761561393737793e+00
5.964580774307250977e-01
2.199984312057495117e+00
-7.343263626098632812e+00
5.346394181251525879e-01
-1.510224342346191406e+00
-1.435067853890359402e-03
2.768248319625854492e+00
-8.941535353660583496e-01
2.424893140792846680e+00
-1.021864700317382812e+01
-4.642844676971435547e+00
2.455725669860839844e+00
-4.724181175231933594e+00
-1.745400428771972656e+00
-2.459401130676269531e+00
-1.770955801010131836e+00
4.754075527191162109e+00
-1.166280508041381836e+00
-4.417303085327148438e+00
-4.418994426727294922e+00
-6.740950584411621094e+00
-6.763940334320068359e+00
-2.376234054565429688e+00
2.070455074310302734e+00
-3.414915323257446289e+00
9.426448345184326172e-01
2.294676542282104492e+00
-1.245424556732177734e+01
-6.775669455528259277e-01
-6.028163433074951172e+00
-1.302153348922729492e+00
-2.012105464935302734e+00
-7.358298301696777344e+00
2.209137916564941406e+00
2.935287356376647949e-01
-1.136462092399597168e+00
-9.217544198036193848e-01
1.750934243202209473e+00
7.863336086273193359e+00
-2.212934345006942749e-01
-2.485905885696411133e+00
-2.368884086608886719e+00
-1.183450603485107422e+01
-6.925099372863769531e+00
-5.243964672088623047e+00
6.959811687469482422e+00
-4.505335807800292969e+00
1.177595973014831543e+00
-3.567575693130493164e+00
4.533004760742187500e+00
-3.458924770355224609e+00
-1.439871311187744141e+00
1.092888832092285156e+00
-4.323812007904052734e+00
1.145113110542297363e+00
-3.242460012435913086e+00
-5.623704195022583008e-01
1.247245669364929199e+00
-3.955344915390014648e+00
-3.884674787521362305e+00
-1.240848541259765625e+00
1.766015529632568359e+00
-2.103383064270019531e+00
-4.606071472167968750e+00
-2.396222829818725586e+00
-3.838045120239257812e+00
6.557597517967224121e-01
-7.142215251922607422e+00
-8.367053031921386719e+00
-1.192597389221191406e+01
-4.342115402221679688e+00
-1.801422357559204102e+00
6.182722449302673340e-01
4.493959546089172363e-01
-1.979843974113464355e+00
-6.515882015228271484e+00
1.081477642059326172e+00
-1.258088827133178711e+00
1.686734557151794434e+00
3.655655384063720703e+00
-8.006895065307617188e+00
8.880062699317932129e-01
-2.698464870452880859e+00
-6.104757308959960938e+00
-3.855613470077514648e+00
-5.976373195648193359e+00
1.837257742881774902e+00
-3.471679389476776123e-01
2.044402837753295898e+00
6.244872808456420898e-01
-5.095668315887451172e+00
-8.370560646057128906e+00
-5.993256568908691406e+00
9.355399131774902344e+00
-9.035447120666503906e+00
-4.370816707611083984e+00
5.348602771759033203e+00
1.628118276596069336e+00
-2.147711992263793945e+00
-8.245878815650939941e-01
1.461421966552734375e+00
-4.271793842315673828e+00
-5.706124305725097656e+00
-6.385915756225585938e+00
1.289469814300537109e+01
8.515022397041320801e-01
1.429198074340820312e+01
5.850475311279296875e+00
3.922940254211425781e+00
-3.889004707336425781e+00
-4.894177436828613281e+00
-2.852192878723144531e+00
7.088483333587646484e+00
1.950358748435974121e+00
-7.323039770126342773e-01
9.211351394653320312e+00
-7.110783100128173828e+00
1.045025920867919922e+01
-6.009016036987304688e+00
-5.533711433410644531e+00
-2.756449937820434570e+00
-5.450642585754394531e+00
6.342674255371093750e+00
8.406857490539550781e+00
-1.545817255973815918e+00
1.196775794029235840e+00
5.826871871948242188e+00
7.119204044342041016e+00
-4.859536170959472656e+00
9.243716239929199219e+00
7.696822881698608398e-01
1.110413432121276855e+00
7.371843814849853516e+00
2.992203712463378906e+00
-1.473579120635986328e+01
-1.891220957040786743e-01
7.614850997924804688e+00
-1.144981861114501953e+00
-3.037496566772460938e+00
1.227549672126770020e+00
-3.245411157608032227e+00
2.557884216308593750e+00
-7.661904811859130859e+00
-2.103156447410583496e-01
9.616717338562011719e+00
4.358682632446289062e+00
9.296451568603515625e+00
1.251430702209472656e+01
3.795712232589721680e+00
-4.671532154083251953e+00
5.240495204925537109e-01
6.526529312133789062e+00
4.528878688812255859e+00
-1.380653142929077148e+00
1.031672096252441406e+01
-3.634838104248046875e+00
8.157793998718261719e+00
-2.111042022705078125e+00
9.242511749267578125e+00
-4.276041030883789062e+00
-2.325788021087646484e+00
1.100130748748779297e+01
-3.317850828170776367e+00
5.203000545501708984e+00
-2.255155801773071289e+00
-1.047598481178283691e+00
-1.679078578948974609e+00
-9.985754013061523438e+00
3.223416805267333984e+00
5.893141627311706543e-01
9.380145072937011719e+00
-2.828535318374633789e+00
-8.232777714729309082e-01
-1.877253651618957520e+00
7.265166044235229492e-01
-8.098209381103515625e+00
-1.935837507247924805e+00
-1.916678309440612793e+00
-2.059975147247314453e+00
1.188188698142766953e-02
2.394415378570556641e+00
5.132503986358642578e+00
6.764136314392089844e+00
1.360900115966796875e+01
-2.820261381566524506e-02
-1.939398765563964844e+00
8.041495084762573242e-01
2.965636491775512695e+00
-1.767269253730773926e+00
6.823352336883544922e+00
3.872911691665649414e+00
4.068310260772705078e+00
-2.183029413223266602e+00
-1.231902599334716797e+00
-6.887902259826660156e+00
3.761528730392456055e+00
-1.413917064666748047e+01
-7.680831432342529297e+00
-4.076844692230224609e+00
-3.386920452117919922e+00
1.142435669898986816e+00
-2.374718338251113892e-01
-1.995367050170898438e+00
-2.403050422668457031e+00
-4.700093746185302734e+00
-5.142175197601318359e+00
-8.868492126464843750e+00
-1.015556144714355469e+01
-9.543017745018005371e-01
1.262767219543457031e+01
-4.389477074146270752e-01
5.511542797088623047e+00
1.339465260505676270e+00
5.553822994232177734e+00
-1.170325565338134766e+01
-6.052740097045898438e+00
-3.979751348495483398e+00
-1.706210613250732422e+00
-1.234759616851806641e+01
1.096899414062500000e+01
-5.233575820922851562e+00
-7.766116261482238770e-01
-5.617610931396484375e+00
-5.424032688140869141e+00
5.358088016510009766e+00
-2.024218887090682983e-01
6.022444725036621094e+00
6.439047336578369141e+00
-5.970663070678710938e+00
-1.220234107971191406e+01
-1.871835947036743164e+00
6.714663505554199219e+00
-7.434222221374511719e+00
8.209337234497070312e+00
-1.052582550048828125e+01
8.855446815490722656e+00
5.649772644042968750e+00
7.015149593353271484e+00
1.131410980224609375e+01
7.217088222503662109e+00
1.536297053098678589e-01
-1.594762325286865234e+01
6.216035842895507812e+00
-1.333244323730468750e+01
-8.126722335815429688e+00
8.620520591735839844e+00
-1.048756313323974609e+01
-1.669297099113464355e+00
-7.719177722930908203e+00
9.524423599243164062e+00
-8.156733512878417969e+00
-2.119226217269897461e+00
2.179139852523803711e+00
8.813158035278320312e+00
-4.559922695159912109e+00
2.932673320174217224e-02
-1.828248500823974609e+00
-4.980853557586669922e+00
7.800474643707275391e+00
-1.882904767990112305e+00
-2.403773069381713867e+00
-1.472776651382446289e+00
-6.669648647308349609e+00
5.167200088500976562e+00
8.812767267227172852e-01
-6.979232788085937500e+00
3.983399391174316406e+00
-5.619198322296142578e+00
1.980826973915100098e+00
-3.845453023910522461e+00
-5.944213867187500000e+00
-2.328184127807617188e+00
7.709032893180847168e-01
4.827578067779541016e-01
6.669938564300537109e+00
-6.376476764678955078e+00
7.898225307464599609e+00
-3.296426534652709961e+00
6.504920959472656250e+00
-1.843008804321289062e+01
-1.763781428337097168e+00
7.330348491668701172e+00
7.203630447387695312e+00
8.903997540473937988e-01
-1.090406990051269531e+01
9.450771331787109375e+00
5.053944110870361328e+00
-2.318020105361938477e+00
1.381012725830078125e+01
3.702269077301025391e+00
-4.738282203674316406e+00
3.940303564071655273e+00
-1.064148044586181641e+01
