8.044899255037307739e-02
-2.757106721401214600e-02
-2.186888009309768677e-01
-1.038939785212278366e-02
-3.485413193702697754e-01
-6.324781179428100586e-01
-6.259392946958541870e-02
3.524763584136962891e-01
-1.678572148084640503e-01
-8.792033046483993530e-02
-4.371707141399383545e-01
-7.562127709388732910e-02
-4.028004407882690430e-01
-2.035742998123168945e-01
-1.244588866829872131e-01
-5.347982048988342285e-01
-3.991950452327728271e-01
-2.570460438728332520e-01
-1.854266673326492310e-01
-5.596051812171936035e-01
-6.974605321884155273e-01
-2.589032351970672607e-01
-1.081236898899078369e-01
-2.145739495754241943e-01
-4.834612831473350525e-02
1.282061189413070679e-01
1.386135518550872803e-01
-1.389144062995910645e-01
2.934159040451049805e-01
1.076914593577384949e-01
2.053215540945529938e-02
-4.928917586803436279e-01
-2.131479233503341675e-01
-1.195400431752204895e-01
-4.031786695122718811e-02
-5.933116674423217773e-01
-3.108464777469635010e-01
-2.744632363319396973e-01
-4.369840323925018311e-01
-4.248536229133605957e-01
1.621013432741165161e-01
-1.724579334259033203e-01
-6.875344365835189819e-02
-2.593603134155273438e-01
-9.228522181510925293e-01
4.479182660579681396e-01
2.617679722607135773e-02
-3.798370361328125000e-01
1.240824349224567413e-02
-1.996644437313079834e-01
-2.472081594169139862e-02
-5.483899712562561035e-01
6.741870939731597900e-02
-2.086950391530990601e-01
-3.568627238273620605e-01
-3.018406927585601807e-01
6.495910882949829102e-02
-2.305340915918350220e-01
-1.363318115472793579e-01
-3.028874695301055908e-01
2.106948643922805786e-01
-1.280301213264465332e-01
-1.913748532533645630e-01
2.885998971760272980e-02
-3.087478578090667725e-01
1.234225835651159286e-02
-3.822329342365264893e-01
-6.550385355949401855e-01
1.231985092163085938e-01
-2.873067855834960938e-01
-9.170616045594215393e-03
-1.123441457748413086e-01
-3.562321364879608154e-01
2.251963317394256592e-01
4.558498263359069824e-01
-1.168460585176944733e-03
-2.027312964200973511e-01
-5.038970112800598145e-01
-3.070241212844848633e-01
-4.229131937026977539e-01
7.634346932172775269e-02
6.844783574342727661e-02
1.311872303485870361e-01
-4.621411263942718506e-01
2.605887688696384430e-02
-4.066725373268127441e-01
-2.319808900356292725e-01
-4.272022098302841187e-02
-2.506434619426727295e-01
-4.240051507949829102e-01
-5.065791010856628418e-01
-3.026546537876129150e-01
-5.144062042236328125e-01
1.770503520965576172e-01
-2.750601246953010559e-02
-2.595762349665164948e-02
-1.757672242820262909e-02
-3.435356076806783676e-03
-5.022589117288589478e-02
-4.059298336505889893e-01
-2.725362777709960938e-02
-1.385040730237960815e-01
-1.540261805057525635e-01
-3.266994655132293701e-01
2.406793385744094849e-01
-6.017521023750305176e-01
1.167408674955368042e-01
-1.370654553174972534e-01
-2.494043111801147461e-01
5.161894112825393677e-02
-2.544325292110443115e-01
-2.055255770683288574e-01
-6.538116335868835449e-01
-7.623063921928405762e-01
-5.685793161392211914e-01
-1.437206417322158813e-01
2.310228720307350159e-02
-5.987715125083923340e-01
-3.501549959182739258e-01
1.703054606914520264e-01
-2.887985110282897949e-01
-4.928242266178131104e-01
-5.037882328033447266e-01
-1.543250828981399536e-01
5.857499837875366211e-01
-1.369851231575012207e-01
2.288220077753067017e-01
-8.705133199691772461e-02
-8.578611910343170166e-02
3.544256091117858887e-01
3.810210153460502625e-02
2.734125554561614990e-01
-5.349199771881103516e-01
8.985524624586105347e-02
4.899714142084121704e-02
3.314596712589263916e-01
1.536999493837356567e-01
-1.893447898328304291e-02
3.017323911190032959e-01
2.516538500785827637e-01
3.853886425495147705e-01
4.517547190189361572e-01
2.243333607912063599e-01
5.199517011642456055e-01
1.991150528192520142e-01
8.477476984262466431e-02
2.060220837593078613e-01
4.600154757499694824e-01
3.330429792404174805e-01
-1.136943474411964417e-01
-1.257093548774719238e-01
2.058922052383422852e-01
9.912328794598579407e-03
4.955817461013793945e-01
-8.260475099086761475e-02
3.262788057327270508e-01
-2.573968172073364258e-01
-2.866274416446685791e-01
-2.672509253025054932e-01
3.515834808349609375e-01
1.198444217443466187e-01
-1.128417551517486572e-01
1.185681298375129700e-01
3.059672415256500244e-01
4.922211766242980957e-01
2.021714001893997192e-01
3.349589407444000244e-01
1.684775948524475098e-01
1.963249742984771729e-01
-1.852275580167770386e-01
3.395033776760101318e-01
4.720473587512969971e-01
4.713531732559204102e-01
-4.242320358753204346e-01
-2.454526126384735107e-01
3.326706290245056152e-01
9.996239840984344482e-02
1.785420030355453491e-01
3.128518462181091309e-01
3.785096108913421631e-01
3.244150578975677490e-01
1.148921251296997070e-01
8.232055902481079102e-01
4.389127194881439209e-01
1.643239557743072510e-01
1.100573465228080750e-01
2.151918411254882812e-01
-5.926685929298400879e-01
-6.531603336334228516e-01
5.673924684524536133e-01
4.449113011360168457e-01
-3.841088712215423584e-02
4.792798161506652832e-01
1.723396331071853638e-01
2.950657904148101807e-01
4.778120815753936768e-01
-1.728552393615245819e-02
6.052176356315612793e-01
9.501686692237854004e-02
3.048430085182189941e-01
6.003499627113342285e-01
-5.648809075355529785e-01
5.528093576431274414e-01
1.519130915403366089e-01
2.312219291925430298e-01
-3.139723837375640869e-02
2.586163878440856934e-01
2.565554380416870117e-01
-1.195512115955352783e-01
1.313002556562423706e-01
1.402698606252670288e-01
5.781050324440002441e-01
2.126178592443466187e-01
2.249094694852828979e-01
1.816849857568740845e-01
7.460635304450988770e-01
-1.191783025860786438e-01
6.046680808067321777e-01
2.476318329572677612e-01
1.344502270221710205e-01
5.328647494316101074e-01
3.712402582168579102e-01
3.771054148674011230e-01
1.854454912245273590e-02
3.111896216869354248e-01
3.684866130352020264e-01
2.559217810630798340e-01
3.047525286674499512e-01
6.262959241867065430e-01
3.651049137115478516e-01
-5.846335366368293762e-02
-4.888469353318214417e-03
-3.577903807163238525e-01
5.517551898956298828e-01
-2.035821676254272461e-01
1.294320821762084961e-01
7.479819655418395996e-02
2.322722375392913818e-01
1.994232684373855591e-01
1.053472757339477539e-01
7.466244697570800781e-01
6.335418224334716797e-01
5.235139131546020508e-01
2.140340507030487061e-01
5.634121298789978027e-01
-6.759748794138431549e-03
3.703881800174713135e-01
3.141785562038421631e-01
1.413645595312118530e-01
6.219424009323120117e-01
1.874604225158691406e-01
2.586299926042556763e-02
-8.381440639495849609e-01
3.133441507816314697e-01
-5.551753193140029907e-02
1.022224724292755127e-01
-2.831699550151824951e-01
-3.523516952991485596e-01
5.253522843122482300e-02
-1.546138525009155273e-01
4.961948841810226440e-02
1.379094421863555908e-01
2.857131063938140869e-01
3.774933218955993652e-01
3.211889043450355530e-02
-3.702082931995391846e-01
-1.248558387160301208e-01
-3.208738863468170166e-01
-8.053984493017196655e-02
-7.625760138034820557e-02
-9.904578328132629395e-02
3.620456159114837646e-01
2.576649934053421021e-02
3.814134746789932251e-02
-3.020084202289581299e-01
8.214914053678512573e-02
-9.090226888656616211e-02
4.455489814281463623e-01
-9.140715748071670532e-02
-1.150005087256431580e-01
-3.744758665561676025e-01
2.443888932466506958e-01
3.915026187896728516e-01
6.225379556417465210e-02
3.476698100566864014e-01
1.496155709028244019e-01
3.429720103740692139e-01
3.809811174869537354e-02
3.879395127296447754e-01
1.597327888011932373e-01
3.677646815776824951e-01
-5.774486064910888672e-02
-1.619552224874496460e-01
1.231353078037500381e-02
-7.677853107452392578e-02
-1.626493968069553375e-02
-7.946433871984481812e-02
3.607626557350158691e-01
-4.356738030910491943e-01
-1.648186296224594116e-01
-2.063227444887161255e-01
-1.776818335056304932e-01
-2.386902719736099243e-01
-1.576725393533706665e-01
7.556383311748504639e-02
-4.175283387303352356e-02
4.624329209327697754e-01
2.706046104431152344e-01
2.896950244903564453e-01
-2.783977985382080078e-02
3.495610058307647705e-01
-2.901395969092845917e-02
3.759486973285675049e-01
-8.073505014181137085e-03
-2.494572661817073822e-02
-2.507084608078002930e-01
-2.715373635292053223e-01
2.213556319475173950e-01
-1.324144750833511353e-01
4.806268811225891113e-01
-1.176101621240377426e-02
7.981640100479125977e-02
-7.307491451501846313e-02
-3.505893349647521973e-01
-3.248545527458190918e-02
-1.740417629480361938e-01
2.928557097911834717e-01
1.858379878103733063e-02
4.041623175144195557e-01
-2.744819521903991699e-01
-2.698182165622711182e-01
1.432943642139434814e-01
3.135289251804351807e-01
-2.605728805065155029e-01
1.988710612058639526e-01
3.635665178298950195e-01
8.368893712759017944e-02
-1.547758877277374268e-01
4.097134768962860107e-01
4.360190406441688538e-02
-1.580964177846908569e-01
1.807246170938014984e-02
2.666096687316894531e-01
4.173628687858581543e-01
3.067786991596221924e-02
1.383415237069129944e-02
-2.544923312962055206e-02
-2.179382741451263428e-01
-6.408542860299348831e-03
5.493807196617126465e-01
2.105210572481155396e-01
6.210804730653762817e-02
9.514071978628635406e-03
3.216408193111419678e-01
-3.431701064109802246e-01
-1.320557296276092529e-01
4.834327399730682373e-01
1.006533578038215637e-01
-4.889874719083309174e-03
-2.614615261554718018e-01
-9.349420666694641113e-02
1.235821917653083801e-01
5.346236824989318848e-01
2.471110671758651733e-01
2.791473567485809326e-01
8.425670117139816284e-02
-1.472993940114974976e-01
3.120529837906360626e-02
3.714082241058349609e-01
1.335326284170150757e-01
-9.907124936580657959e-02
-6.394212692975997925e-02
-5.150219798088073730e-01
1.453273892402648926e-01
1.650868207216262817e-01
-2.053580433130264282e-01
1.779260346665978432e-03
-2.629461511969566345e-02
1.667192429304122925e-01
4.502568859606981277e-03
1.545355021953582764e-01
1.945926845073699951e-01
2.023315802216529846e-02
-7.293354719877243042e-02
6.952890157699584961e-01
4.366795420646667480e-01
1.271675229072570801e-01
8.449036628007888794e-03
3.988228440284729004e-01
1.531724035739898682e-01
1.995882391929626465e-01
6.006725430488586426e-01
1.176830455660820007e-01
1.748633235692977905e-01
1.357184816151857376e-02
1.872474551200866699e-01
5.800353288650512695e-01
2.777601480484008789e-01
1.528667509555816650e-01
6.221981644630432129e-01
2.530258595943450928e-01
2.406076341867446899e-01
1.157839074730873108e-01
6.195645332336425781e-01
2.038538455963134766e-01
3.273064494132995605e-01
7.074910402297973633e-02
3.557900190353393555e-01
1.397812128067016602e+00
3.820975124835968018e-02
2.742524147033691406e-01
-3.054978558793663979e-03
8.666448593139648438e-01
3.270219266414642334e-01
5.210949182510375977e-01
1.151603311300277710e-01
1.734940558671951294e-01
4.993489384651184082e-02
4.868013262748718262e-01
3.063231110572814941e-01
5.504914522171020508e-01
-1.162786781787872314e-01
-8.995750546455383301e-02
9.850195795297622681e-02
-1.872968077659606934e-01
-6.277310848236083984e-02
3.687984049320220947e-01
1.975031644105911255e-01
2.970060110092163086e-01
5.686757564544677734e-01
6.129099726676940918e-01
2.681271731853485107e-01
9.761101566255092621e-03
-2.582016400992870331e-02
4.099193587899208069e-02
3.245761394500732422e-01
1.218582168221473694e-01
4.558335244655609131e-01
6.905786395072937012e-01
4.860354065895080566e-01
2.649357020854949951e-01
1.015814021229743958e-02
1.405647099018096924e-01
9.532588124275207520e-01
7.003008127212524414e-01
3.219947814941406250e-01
4.035490751266479492e-01
3.117233812808990479e-01
3.186607360839843750e-01
-1.854975074529647827e-01
-1.613751947879791260e-01
1.121601834893226624e-01
-6.494621932506561279e-02
2.799299657344818115e-01
5.226405337452888489e-02
1.661462038755416870e-01
6.853095293045043945e-01
9.962474703788757324e-01
1.656852960586547852e-01
1.511298716068267822e-01
1.073403656482696533e-01
1.610001772642135620e-01
2.995767593383789062e-01
2.448204904794692993e-01
2.041616588830947876e-01
1.191129833459854126e-01
2.143959403038024902e-01
2.271362543106079102e-01
-2.972210347652435303e-01
4.407309293746948242e-01
1.646923124790191650e-01
3.340679407119750977e-01
7.126603275537490845e-02
2.483516931533813477e-01
4.332731664180755615e-01
-3.533334434032440186e-01
2.906546890735626221e-01
4.418536126613616943e-01
9.471637010574340820e-02
2.452017739415168762e-02
-5.710313096642494202e-02
6.539089083671569824e-01
5.131283998489379883e-01
5.261455774307250977e-01
5.105936527252197266e-01
-3.211570531129837036e-02
1.212433055043220520e-01
4.427924379706382751e-02
3.827485442161560059e-01
4.479322731494903564e-01
4.565125107765197754e-01
-1.670736074447631836e-01
-1.185749620199203491e-01
1.608393788337707520e-01
-3.158178180456161499e-02
2.570943236351013184e-01
4.222856462001800537e-01
2.326718717813491821e-01
1.539723873138427734e-01
6.341444700956344604e-02
2.835531532764434814e-01
5.598658323287963867e-01
2.039699107408523560e-01
1.439248621463775635e-01
1.458534300327301025e-01
4.737098813056945801e-01
-7.777252048254013062e-02
1.979793012142181396e-01
6.550124287605285645e-01
-5.200986936688423157e-02
-4.124651551246643066e-01
3.796185553073883057e-01
