1.650687456130981445e-01
-9.149321168661117554e-02
1.938282251358032227e-01
1.946143656969070435e-01
1.259662061929702759e-01
-1.187244895845651627e-02
-2.059073001146316528e-01
6.381592154502868652e-02
7.561541348695755005e-02
1.821268200874328613e-01
-6.827157735824584961e-02
-8.018597960472106934e-02
3.333847224712371826e-01
1.643548458814620972e-01
-1.112914681434631348e-01
1.259159892797470093e-01
1.662986129522323608e-01
1.572435349225997925e-01
1.483617722988128662e-01
1.495253387838602066e-02
1.832684874534606934e-02
1.280605643987655640e-01
-5.130136758089065552e-02
-1.700599193572998047e-01
-1.013794913887977600e-01
1.155399009585380554e-01
1.212978065013885498e-01
-2.835338413715362549e-01
3.992292284965515137e-02
7.417453080415725708e-02
-5.532784387469291687e-02
6.527569144964218140e-02
-1.467880606651306152e-01
7.133019715547561646e-02
-7.919503003358840942e-02
-2.463140338659286499e-02
-2.213771194219589233e-01
3.015067875385284424e-01
-8.795421570539474487e-02
1.416876465082168579e-01
-2.797899842262268066e-01
4.536806792020797729e-02
6.469198316335678101e-02
1.723667085170745850e-01
1.573562920093536377e-01
-8.483533561229705811e-02
7.094207406044006348e-02
2.942955680191516876e-02
-3.459754958748817444e-02
1.867689341306686401e-01
-8.772842586040496826e-02
5.683324486017227173e-02
2.363322973251342773e-01
1.152697727084159851e-01
1.687011718750000000e-01
1.531239598989486694e-01
-3.438132349401712418e-03
-1.694515720009803772e-02
-7.016538083553314209e-02
8.279569447040557861e-02
-9.388290345668792725e-03
1.909937523305416107e-02
2.818162441253662109e-01
-2.152850031852722168e-01
2.671778798103332520e-01
-6.652894616127014160e-02
4.196228459477424622e-02
8.009529858827590942e-02
-5.118107888847589493e-03
7.525480538606643677e-02
-4.859076440334320068e-02
-1.944572776556015015e-01
1.319399327039718628e-01
1.082967072725296021e-01
-4.323160275816917419e-02
-8.498896658420562744e-02
1.215673461556434631e-01
-7.597832381725311279e-02
-6.981401820667088032e-04
-1.657792031764984131e-01
1.220370233058929443e-01
1.310529410839080811e-01
-4.966311901807785034e-02
-3.749584779143333435e-02
-2.389824576675891876e-02
-6.961303949356079102e-02
1.523240506649017334e-01
-2.030337601900100708e-02
-3.991079702973365784e-02
-1.814402639865875244e-01
7.232829928398132324e-02
9.877535514533519745e-03
-5.859887693077325821e-03
3.741269186139106750e-02
-1.994604170322418213e-01
-4.739172384142875671e-02
4.454100877046585083e-02
2.138347774744033813e-01
1.224821060895919800e-01
1.896782219409942627e-02
-1.401669718325138092e-02
4.491547495126724243e-02
-2.293682098388671875e-02
-3.315167129039764404e-02
4.183219000697135925e-02
-4.033754765987396240e-02
2.447828799486160278e-01
1.769656389951705933e-01
3.439365029335021973e-01
-2.275005914270877838e-02
-9.009988605976104736e-02
3.652048483490943909e-02
-7.026047259569168091e-02
-2.440103143453598022e-01
1.044319793581962585e-01
3.335982263088226318e-01
8.075281232595443726e-02
2.074944414198398590e-02
-1.476710438728332520e-01
4.227529466152191162e-02
-4.439491778612136841e-02
-2.134621441364288330e-01
3.396742939949035645e-01
-1.595794595777988434e-02
-4.142916575074195862e-02
6.877017766237258911e-02
1.294989697635173798e-02
1.287236660718917847e-01
9.906965494155883789e-02
7.184455543756484985e-02
3.506337106227874756e-02
-5.490657873451709747e-03
1.840294599533081055e-01
2.506517767906188965e-01
1.682061702013015747e-01
3.002877533435821533e-01
7.080207765102386475e-02
2.514627575874328613e-01
2.137603014707565308e-01
4.729075357317924500e-02
3.221249580383300781e-02
-2.130380598828196526e-03
-1.772083342075347900e-02
6.900570541620254517e-02
5.819782614707946777e-02
-5.643162503838539124e-02
7.038567960262298584e-02
1.970545761287212372e-02
2.077804133296012878e-02
1.950448155403137207e-01
1.843570172786712646e-01
1.288890987634658813e-01
1.572537273168563843e-01
2.492449581623077393e-01
1.183424741029739380e-01
-3.408486396074295044e-02
1.492808312177658081e-01
1.167466938495635986e-01
2.885275185108184814e-01
4.658025503158569336e-02
1.406753659248352051e-01
3.334066569805145264e-01
3.246512413024902344e-01
2.152062207460403442e-01
4.149993360042572021e-01
2.273069173097610474e-01
1.438455134630203247e-01
1.547541916370391846e-01
2.248418182134628296e-01
4.276751726865768433e-02
1.939799785614013672e-01
5.120916292071342468e-02
5.442919582128524780e-02
2.188045904040336609e-02
1.097384989261627197e-01
2.998626604676246643e-02
8.992800861597061157e-02
5.272232741117477417e-02
1.209618076682090759e-01
-6.179570686072111130e-03
1.601633429527282715e-01
-2.775415219366550446e-02
-2.784588374197483063e-03
4.219261556863784790e-02
-1.253224760293960571e-01
1.681621223688125610e-01
1.122402995824813843e-01
1.057167276740074158e-01
1.248640045523643494e-01
1.485688704997301102e-02
1.451858133077621460e-01
1.711258441209793091e-01
-3.950813412666320801e-02
1.456893980503082275e-01
1.177097037434577942e-01
1.803110688924789429e-01
-5.570993199944496155e-02
1.520863473415374756e-01
5.730458721518516541e-02
9.301850944757461548e-02
6.549970805644989014e-02
-1.879212409257888794e-01
2.645420730113983154e-01
2.338976114988327026e-01
1.991681605577468872e-01
1.891853213310241699e-01
-2.679759450256824493e-02
2.925763428211212158e-01
1.849492192268371582e-01
2.151074409484863281e-01
1.777871251106262207e-01
1.676452457904815674e-01
3.099263310432434082e-01
3.431013599038124084e-02
9.239890426397323608e-02
1.666434854269027710e-01
5.429135635495185852e-02
2.314804643392562866e-01
2.318512350320816040e-01
1.216131844557821751e-03
5.909310653805732727e-02
1.268044412136077881e-01
-6.761150807142257690e-02
2.001706361770629883e-01
-5.218166857957839966e-02
1.106558963656425476e-01
8.448296040296554565e-02
1.564405262470245361e-01
1.554612964391708374e-01
1.020153835415840149e-01
7.664482295513153076e-02
1.459788829088211060e-01
1.005405113101005554e-01
1.738489568233489990e-01
6.811845302581787109e-02
9.057229012250900269e-02
-3.559368848800659180e-02
2.975534796714782715e-01
1.512748152017593384e-01
2.276022285223007202e-01
2.453768104314804077e-01
1.697793751955032349e-01
1.005037948489189148e-01
-1.467908732593059540e-02
2.431399822235107422e-01
6.405456364154815674e-02
1.897006481885910034e-01
1.393299847841262817e-01
-2.256838371977210045e-03
4.153515771031379700e-02
1.325873136520385742e-01
5.653351172804832458e-02
1.428548395633697510e-01
9.122385084629058838e-02
7.518631219863891602e-02
2.178067117929458618e-01
1.993035972118377686e-01
-1.830462217330932617e-01
2.577092349529266357e-01
1.427743285894393921e-01
-1.690465807914733887e-01
3.547113016247749329e-02
7.005730643868446350e-03
-1.518587768077850342e-01
8.373518288135528564e-02
3.602284193038940430e-02
5.558403581380844116e-02
2.923362702131271362e-02
-4.243072867393493652e-02
6.562422960996627808e-02
-6.393769383430480957e-02
-6.797256320714950562e-02
1.637235470116138458e-02
8.663095533847808838e-02
4.498906806111335754e-02
2.834619022905826569e-02
-1.186535507440567017e-01
-1.835261434316635132e-01
1.941658090800046921e-03
4.215586930513381958e-02
1.222493872046470642e-02
1.659400612115859985e-01
1.549945026636123657e-01
-6.655189208686351776e-03
-2.500428119674324989e-03
1.382185220718383789e-01
-1.335314512252807617e-01
1.837924309074878693e-02
-1.532755699008703232e-02
5.555945634841918945e-02
-6.336715817451477051e-02
1.656469106674194336e-01
-8.623936213552951813e-03
1.325172781944274902e-01
-1.650534719228744507e-01
-9.183954447507858276e-02
3.252111002802848816e-02
-1.514905970543622971e-02
-4.848187044262886047e-02
7.031620293855667114e-02
-1.310559660196304321e-01
-1.556621044874191284e-01
-1.526184976100921631e-01
9.033843874931335449e-02
-1.630817539989948273e-02
-2.494545578956604004e-01
-2.577109262347221375e-02
4.730392247438430786e-02
5.321244150400161743e-02
1.409802958369255066e-02
2.470356039702892303e-02
3.096409440040588379e-01
-4.426049068570137024e-03
-9.356513619422912598e-02
-9.687816351652145386e-02
5.327285081148147583e-02
-7.707184553146362305e-02
-2.219462692737579346e-01
-2.396155446767807007e-01
4.611736163496971130e-02
-2.498451061546802521e-02
-1.710166782140731812e-01
1.073828861117362976e-01
-2.094667553901672363e-01
-1.202702596783638000e-01
-8.539670705795288086e-02
2.073786035180091858e-02
2.421181835234165192e-02
1.941339112818241119e-02
-4.227303341031074524e-02
1.481012403964996338e-01
-2.842932753264904022e-02
-1.729895323514938354e-01
-4.496233910322189331e-02
-1.694078445434570312e-01
5.472113192081451416e-02
1.190786734223365784e-01
1.518461257219314575e-01
6.989733874797821045e-02
-3.053869493305683136e-02
9.587231092154979706e-03
-3.102059848606586456e-02
-1.205091774463653564e-01
-9.527070075273513794e-02
-7.199546787887811661e-03
-4.290598258376121521e-02
-9.218720346689224243e-02
-1.819919049739837646e-01
-9.745049290359020233e-03
2.994920872151851654e-02
-3.534713983535766602e-01
8.845933526754379272e-02
6.574786733835935593e-03
-1.776194944977760315e-02
1.866217516362667084e-02
2.244565263390541077e-02
6.135272979736328125e-02
5.170999094843864441e-02
-3.992142155766487122e-02
-9.688927978277206421e-02
-4.102191701531410217e-02
-1.185619235038757324e-01
-2.345430850982666016e-02
-2.217316776514053345e-01
3.938914090394973755e-02
6.088717374950647354e-03
8.285745233297348022e-02
5.710889026522636414e-02
-8.821345865726470947e-02
1.234878078103065491e-01
2.649135142564773560e-02
-4.271085560321807861e-02
1.709641516208648682e-01
-1.390908956527709961e-01
1.218359246850013733e-01
4.158094897866249084e-02
-1.357492655515670776e-01
-5.211939290165901184e-02
1.492318790405988693e-02
-2.731425315141677856e-02
-6.509158015251159668e-02
-1.779808253049850464e-01
-3.562977164983749390e-02
-1.829443275928497314e-01
3.283138573169708252e-01
9.498535096645355225e-02
1.114013046026229858e-01
2.520562410354614258e-01
2.178030312061309814e-01
9.880198538303375244e-02
-1.556134317070245743e-02
2.242724001407623291e-01
1.743390560150146484e-01
1.113657355308532715e-01
1.814332604408264160e-01
1.078689470887184143e-01
2.286111861467361450e-01
1.333442181348800659e-01
-9.294895082712173462e-02
7.971212267875671387e-02
2.312389612197875977e-01
2.144756168127059937e-01
1.849205940961837769e-01
1.526064723730087280e-01
1.197253614664077759e-01
1.559205651283264160e-01
1.145448386669158936e-01
7.338622957468032837e-02
1.188087910413742065e-01
1.249820590019226074e-01
4.116633161902427673e-02
-2.992522343993186951e-02
4.367286711931228638e-02
1.857687234878540039e-01
5.283630266785621643e-02
2.130496352910995483e-01
1.324578821659088135e-01
1.035411059856414795e-01
6.794085726141929626e-03
9.380390495061874390e-02
2.329899668693542480e-01
8.571249991655349731e-02
1.754065752029418945e-01
9.900276362895965576e-02
1.647518128156661987e-01
3.956431150436401367e-02
1.379533112049102783e-01
2.833211123943328857e-01
1.763882488012313843e-01
-1.657405681908130646e-02
1.246208846569061279e-01
1.708676815032958984e-01
1.140968501567840576e-01
2.397345453500747681e-01
2.325710356235504150e-01
5.995647981762886047e-02
2.473891526460647583e-01
6.704507768154144287e-02
9.620541334152221680e-02
1.103802546858787537e-01
-1.024789270013570786e-02
1.591697037220001221e-01
7.440155744552612305e-02
9.399485588073730469e-02
1.119606010615825653e-02
1.775007992982864380e-01
7.174538820981979370e-02
2.046454399824142456e-01
4.049789607524871826e-01
1.698678284883499146e-01
4.919928908348083496e-01
2.381150275468826294e-01
2.734497487545013428e-01
2.421372234821319580e-01
-4.196235537528991699e-02
6.060470268130302429e-02
2.160805016756057739e-01
-1.304788589477539062e-01
6.746030598878860474e-02
3.381389006972312927e-02
3.854280710220336914e-01
-3.833698108792304993e-02
-1.006103977560997009e-01
1.913757026195526123e-01
7.780306041240692139e-02
1.905164122581481934e-01
8.801293373107910156e-02
1.440879702568054199e-01
2.125906944274902344e-01
6.985857337713241577e-02
2.527678012847900391e-01
6.641135364770889282e-02
9.212481975555419922e-02
1.371900588274002075e-01
1.272328197956085205e-01
5.510401353240013123e-02
1.247796639800071716e-01
1.111343428492546082e-01
7.211093604564666748e-02
1.145817190408706665e-01
-1.604663580656051636e-01
1.304853428155183792e-02
1.146829053759574890e-01
1.358117461204528809e-01
1.844424754381179810e-01
3.335509598255157471e-01
4.895114898681640625e-02
1.321484595537185669e-01
5.678302422165870667e-02
4.046758115291595459e-01
1.201371550559997559e-01
2.358256578445434570e-01
3.184599876403808594e-01
3.259736597537994385e-01
2.573594264686107635e-02
2.180689573287963867e-01
2.388311624526977539e-01
1.669964641332626343e-01
2.874662168323993683e-02
6.578944325447082520e-01
1.813731938600540161e-01
-9.867724776268005371e-02
2.701650857925415039e-01
1.576912030577659607e-02
-1.230095885694026947e-02
1.901997327804565430e-01
2.102909535169601440e-01
7.915130257606506348e-02
1.545826252549886703e-02
2.515140175819396973e-01
3.757914900779724121e-02
6.307367682456970215e-01
