9.693925976753234863e-01
4.291527569293975830e-01
1.124029874801635742e+00
3.326363265514373779e-01
1.357307732105255127e-01
1.201376199722290039e+00
1.288489341735839844e+00
2.498083829879760742e+00
2.444382667541503906e+01
5.287409424781799316e-01
1.080327272415161133e+00
2.248185729980468750e+01
1.402708590030670166e-01
3.332014381885528564e-01
1.501093029975891113e+00
5.891757011413574219e-01
3.256248235702514648e+00
3.416573047637939453e+00
9.916603565216064453e-01
4.063241779804229736e-01
7.759640693664550781e+00
9.935322403907775879e-01
4.318887591361999512e-01
1.386582970619201660e+00
1.296628415584564209e-01
6.826727092266082764e-02
9.394655823707580566e-01
2.975586175918579102e+00
2.584244966506958008e+00
6.395673751831054688e-01
1.903797030448913574e+00
7.317663669586181641e+00
8.200814127922058105e-01
2.721132934093475342e-01
7.983498573303222656e+00
6.035388708114624023e-01
1.307681655883789062e+01
6.354928493499755859e+00
1.621215438842773438e+01
3.910652101039886475e-01
1.148596882820129395e+00
3.479600906372070312e+00
5.305888175964355469e+00
5.202434062957763672e-01
1.210826516151428223e+00
1.160963654518127441e+00
1.160114526748657227e+00
9.385824203491210938e-01
1.303653836250305176e+00
4.461684226989746094e-01
2.427553832530975342e-01
2.435868644714355469e+01
2.211669683456420898e-01
-6.546029355376958847e-03
9.106894135475158691e-01
7.935939788818359375e+00
2.029096221923828125e+01
1.489693880081176758e+00
-3.413142636418342590e-03
4.941258132457733154e-01
1.052664875984191895e+00
6.657127737998962402e-01
3.151351809501647949e-01
4.467612743377685547e+00
8.669151067733764648e-01
1.256916642189025879e+00
7.643085718154907227e-01
1.591277837753295898e+00
1.256248116493225098e+00
2.706126451492309570e+00
1.824048423767089844e+01
-2.952978201210498810e-02
1.648449540138244629e+00
1.434092402458190918e+00
1.529304742813110352e+00
2.288680315017700195e+00
2.682123756408691406e+01
4.578244984149932861e-01
1.270194888114929199e+00
1.013902068138122559e+00
1.321458101272583008e+00
-6.480675935745239258e-01
1.193444609642028809e+00
1.878375649452209473e+00
2.977571296691894531e+01
1.110564589500427246e+00
2.954333686828613281e+01
3.733295500278472900e-01
5.839375257492065430e-01
8.849285840988159180e-01
1.236980676651000977e+00
2.638702988624572754e-01
1.373884558677673340e+00
3.221475481986999512e-01
4.753822803497314453e+00
4.989514350891113281e-01
4.335850179195404053e-01
1.881282448768615723e+00
3.603999912738800049e-01
6.955565214157104492e-01
1.321486830711364746e+00
6.375670433044433594e-01
4.246888637542724609e+00
2.298295783996582031e+01
1.059379673004150391e+01
1.360120177268981934e-01
7.340111136436462402e-01
1.370424509048461914e+00
1.478642559051513672e+01
1.660425662994384766e-01
1.172560691833496094e+00
3.613780736923217773e-01
1.245090365409851074e+00
1.180622100830078125e+00
1.059181880950927734e+01
1.052182555198669434e+00
3.085390031337738037e-01
5.988122522830963135e-02
2.341054916381835938e+00
2.128482103347778320e+00
1.862597227096557617e+00
-2.235189080238342285e-01
1.134364008903503418e+00
8.625538945198059082e-01
1.131011867523193359e+01
1.825644493103027344e+01
1.770573425292968750e+01
2.133057355880737305e+00
3.633922338485717773e-01
1.928771615028381348e+00
1.016050219535827637e+00
2.302264595031738281e+01
2.236350631713867188e+01
5.255603194236755371e-01
2.963963270187377930e+00
-1.368084102869033813e-01
3.819661140441894531e-01
4.726345837116241455e-01
1.001086473464965820e+00
4.640351235866546631e-01
3.613353893160820007e-02
6.219519972801208496e-01
1.995254707336425781e+01
-4.299766421318054199e-01
3.078355491161346436e-01
8.175366520881652832e-01
2.237831592559814453e+00
2.339278757572174072e-01
1.257267951965332031e+00
2.749967873096466064e-01
9.085846543312072754e-01
-6.978800985962152481e-03
3.378401994705200195e-01
3.662247419357299805e+00
-2.991879582405090332e-01
-2.012127339839935303e-01
1.607612073421478271e-01
9.282253384590148926e-01
3.353867232799530029e-01
6.521289944648742676e-01
5.110818147659301758e-01
1.031604886054992676e+00
1.281274914741516113e+00
1.644066572189331055e+00
-1.476337611675262451e-01
1.578404903411865234e+01
1.393423318862915039e+00
1.959130525588989258e+00
6.175671815872192383e-01
1.086466431617736816e+00
3.420705795288085938e+00
1.032639145851135254e+00
1.912727165222167969e+01
7.488494515419006348e-01
1.289081573486328125e-02
3.527857780456542969e+00
4.993195056915283203e+00
4.780087471008300781e-01
2.446636962890625000e+01
5.187063217163085938e-01
8.514112234115600586e-02
3.058377839624881744e-02
3.817022740840911865e-01
1.018274545669555664e+00
1.629834622144699097e-01
8.783971071243286133e-01
8.222017437219619751e-02
6.941181421279907227e-01
1.374654769897460938e+00
8.367658853530883789e-01
6.488552689552307129e-01
1.154982075095176697e-01
1.322338461875915527e+00
1.848438262939453125e+00
9.579914808273315430e-01
2.914350986480712891e+00
9.400236010551452637e-01
-6.981573998928070068e-02
9.900859594345092773e-01
1.102011084556579590e+00
1.237466454505920410e+00
-3.638016223907470703e+00
1.866432070732116699e+00
-4.851621627807617188e+00
-2.105827569961547852e+00
1.562686204910278320e+00
1.228697776794433594e+00
1.667574882507324219e+00
4.864711165428161621e-01
-5.008553981781005859e+00
1.577200889587402344e+00
-5.611680984497070312e+00
-9.482469558715820312e-01
1.531553268432617188e+00
1.116042137145996094e+00
1.458166003227233887e+00
1.345066308975219727e+00
1.398869752883911133e+00
1.201964735984802246e+00
3.136592805385589600e-01
-4.190185070037841797e-01
-2.367109537124633789e+00
1.164086937904357910e+00
-2.774411916732788086e+00
-3.807888031005859375e+00
7.129197716712951660e-01
1.673333883285522461e+00
1.700815200805664062e+00
1.418105363845825195e+00
-1.474384546279907227e+00
-3.854281604290008545e-01
1.501376390457153320e+00
1.173317313194274902e+00
-3.231913328170776367e+00
-1.333742141723632812e+01
1.632040023803710938e+00
8.067914843559265137e-01
1.471477389335632324e+00
-2.892793893814086914e+00
1.632431745529174805e+00
-6.163614273071289062e+00
-3.389549851417541504e-01
-1.324335002899169922e+01
1.229841232299804688e+00
1.334156274795532227e+00
9.851886630058288574e-01
1.748371481895446777e+00
-6.178528070449829102e-01
1.307601809501647949e+00
1.033597588539123535e+00
-2.721282005310058594e+00
1.486772537231445312e+00
1.205918669700622559e+00
-2.087957620620727539e+00
1.452206969261169434e+00
1.292526364326477051e+00
-3.333716869354248047e+00
1.516064763069152832e+00
-1.023902893066406250e+00
1.433250904083251953e+00
1.389548420906066895e+00
-2.399224281311035156e+00
-6.003270626068115234e+00
1.380124807357788086e+00
9.343862533569335938e-01
9.754869937896728516e-01
1.662768483161926270e+00
1.441508531570434570e+00
1.595028042793273926e+00
1.054277777671813965e+00
-3.896014451980590820e+00
1.486302137374877930e+00
1.495491981506347656e+00
1.500851035118103027e+00
1.505030751228332520e+00
1.026181340217590332e+00
1.520437240600585938e+00
-1.178591176867485046e-01
1.133244752883911133e+00
-1.875277280807495117e+00
1.366251945495605469e+00
1.323201298713684082e+00
-1.254635572433471680e+00
5.742483735084533691e-01
1.175214767456054688e+00
1.427255749702453613e+00
1.233659744262695312e+00
8.944531679153442383e-01
1.193022489547729492e+00
1.913809895515441895e+00
1.048321485519409180e+00
-1.622555553913116455e-01
1.502707958221435547e+00
1.413708806037902832e+00
1.357463955879211426e+00
1.026925206184387207e+00
1.040357589721679688e+00
9.933339953422546387e-01
-8.146840929985046387e-01
2.005408763885498047e+00
1.541879296302795410e+00
1.340079307556152344e+00
-1.482002735137939453e+01
-1.008512824773788452e-01
1.491516947746276855e+00
-1.159680783748626709e-01
9.493622779846191406e-01
3.290691077709197998e-01
1.020048975944519043e+00
4.083957672119140625e-01
-2.216490507125854492e+00
1.372731089591979980e+00
1.129902601242065430e+00
1.136168479919433594e+00
1.395924568176269531e+00
-1.048021856695413589e-02
9.085745215415954590e-01
6.896429061889648438e-01
-3.189615964889526367e+00
1.673249363899230957e+00
1.310882329940795898e+00
-5.321658134460449219e+00
1.568001866340637207e+00
-5.145002007484436035e-01
2.159757912158966064e-01
-2.381192333996295929e-02
-2.341549301147460938e+01
1.175795078277587891e+00
8.469825983047485352e-01
-4.211091041564941406e+00
-1.738692373037338257e-01
-5.033225059509277344e+00
1.683744788169860840e+00
1.325217485427856445e+00
1.536819934844970703e+00
9.396193623542785645e-01
-8.841812014579772949e-01
1.100220441818237305e+00
4.539141058921813965e-01
1.398766040802001953e+00
1.227629899978637695e+00
5.034074783325195312e-01
-6.081146717071533203e+00
-3.298500776290893555e+00
1.440288662910461426e+00
-4.710645973682403564e-01
1.527454853057861328e+00
1.368769645690917969e+00
1.457111835479736328e+00
1.376417279243469238e+00
1.396363496780395508e+00
-2.519895792007446289e+00
-1.832931399345397949e+00
1.487205505371093750e+00
-4.735390663146972656e+00
-2.398468255996704102e+00
-1.737756848335266113e+00
1.322252750396728516e+00
1.299037784337997437e-01
1.512246966361999512e+00
-4.130855083465576172e+00
1.110095143318176270e+00
1.274412870407104492e+00
-8.519160151481628418e-01
-5.172590255737304688e+00
-1.501614189147949219e+01
1.199378728866577148e+00
1.700549364089965820e+00
1.178556919097900391e+00
1.220864295959472656e+00
1.353112816810607910e+00
1.390843391418457031e+00
-1.344086170196533203e+00
6.765372753143310547e-01
-2.685156822204589844e+00
3.354199230670928955e-01
1.522277235984802246e+00
-1.340692490339279175e-01
-1.787547826766967773e+00
1.621036767959594727e+00
-1.632019996643066406e+00
9.033257961273193359e-01
8.507459759712219238e-01
-1.366384744644165039e+00
-3.188997745513916016e+00
1.546880722045898438e+00
9.586293697357177734e-01
-1.770516991615295410e+00
1.412940859794616699e+00
5.831884741783142090e-01
1.347663879394531250e+00
4.956928789615631104e-01
1.310418367385864258e+00
-9.704123735427856445e-01
1.148982286453247070e+00
2.117231041193008423e-01
1.243128776550292969e+00
1.237462282180786133e+00
1.591040849685668945e+00
1.694978117942810059e+00
3.615881443023681641e+00
3.868539035320281982e-01
2.223895549774169922e+00
-2.369926261901855469e+01
-1.400834178924560547e+01
3.024234533309936523e+00
3.652125835418701172e+00
-5.403083562850952148e-01
4.157667979598045349e-02
-1.649476814270019531e+01
-5.288215160369873047e+00
-1.124086454510688782e-01
1.275691795349121094e+01
-5.675078868865966797e+00
1.779858589172363281e+00
2.947128772735595703e+00
1.510385751724243164e+00
-3.777090072631835938e+00
-4.873143672943115234e+00
-1.226571941375732422e+01
-1.635002970695495605e+00
-9.261981010437011719e+00
-8.134569168090820312e+00
-5.834568977355957031e+00
3.024830818176269531e+01
-1.223075389862060547e+01
2.171716213226318359e+00
6.449716687202453613e-01
5.863140821456909180e-01
-3.744587659835815430e+00
-3.488378047943115234e+00
-7.635137438774108887e-01
4.610504627227783203e+00
1.772221183776855469e+01
1.150204420089721680e+00
2.575158119201660156e+00
-2.533489704132080078e+00
-8.331582546234130859e-01
5.461350083351135254e-01
-1.271045875549316406e+01
-2.863003253936767578e+00
2.791901111602783203e+00
2.988796710968017578e+00
1.241418075561523438e+01
-3.090721607208251953e+00
6.126313686370849609e+00
-3.190510749816894531e+00
-3.592528820037841797e+00
5.532895088195800781e+00
-1.081035900115966797e+01
-1.899743270874023438e+01
-4.966102167963981628e-02
-6.485662937164306641e+00
-1.677659225463867188e+01
-4.241251468658447266e+00
1.316480189561843872e-01
4.193004593253135681e-02
-3.221679687500000000e+00
1.902148437500000000e+01
-8.616738319396972656e+00
3.615447044372558594e+00
-1.259973716735839844e+01
-2.539958572387695312e+01
1.227121233940124512e+00
-5.636885643005371094e+00
-2.508618354797363281e+00
4.438252449035644531e+00
-2.288535833358764648e+00
-3.616163969039916992e+00
1.637986779212951660e+00
-4.960688948631286621e-02
9.665854454040527344e+00
2.739385128021240234e+00
1.689711332321166992e+00
1.973022937774658203e+00
-8.573709726333618164e-01
7.104010786861181259e-03
1.003471469879150391e+01
1.835528612136840820e+00
8.458141326904296875e+00
3.227868795394897461e+00
-1.763116121292114258e-01
-4.518152236938476562e+00
-8.570074081420898438e+00
6.947354227304458618e-02
3.396831750869750977e+00
-2.067759484052658081e-01
-1.026860332489013672e+01
-4.876959323883056641e+00
5.604821681976318359e+00
-4.160364627838134766e+00
-1.514556407928466797e+01
-2.595409154891967773e+00
9.924424171447753906e+00
-1.747443318367004395e+00
-1.318146419525146484e+01
9.269887924194335938e+00
-1.424001216888427734e+00
1.441403961181640625e+01
1.208142948150634766e+01
-3.239126443862915039e+00
1.122605705261230469e+01
-1.228366255760192871e+00
9.412049502134323120e-02
2.415319681167602539e-01
-1.306641006469726562e+01
-8.091123580932617188e+00
3.445739030838012695e+00
-1.898609660565853119e-02
-1.350830364227294922e+01
8.911782264709472656e+00
-1.500634193420410156e+00
2.243281841278076172e+00
5.489218235015869141e+00
8.737728744745254517e-02
3.935112953186035156e+00
8.884151458740234375e+00
1.534902954101562500e+01
3.560625076293945312e+00
9.682158827781677246e-01
1.571809768676757812e+00
5.475859832763671875e+01
-4.218248367309570312e+00
-5.889221668243408203e+00
1.468885660171508789e+00
5.247055739164352417e-02
-1.035952419042587280e-01
-4.650296688079833984e+00
1.213898944854736328e+01
4.897490978240966797e+00
-4.499648571014404297e+00
8.524375967681407928e-03
3.314273431897163391e-02
8.899373054504394531e+00
-4.747596979141235352e-01
-4.958422183990478516e-01
-8.370662689208984375e+00
1.129179954528808594e+01
-7.341241359710693359e+00
4.571273326873779297e+00
-1.525817394256591797e+01
-1.053728961944580078e+01
-9.204556234180927277e-03
-4.925150394439697266e+00
9.730733036994934082e-01
-6.794770717620849609e+00
5.341176986694335938e-01
6.761810779571533203e+00
1.678936839103698730e+00
-5.078984737396240234e+00
-3.432053804397583008e+00
1.919344902038574219e+01
1.179944324493408203e+01
4.110805690288543701e-01
4.046037292480468750e+01
3.613042449951171875e+01
-2.069672966003417969e+01
4.594504833221435547e+00
-9.008831977844238281e+00
-1.791590929031372070e+00
2.310349845886230469e+01
-2.962719202041625977e+00
-2.705681562423706055e+00
3.950373411178588867e+00
4.554220581054687500e+01
1.329710632562637329e-01
2.776448011398315430e+00
-9.259077310562133789e-01
4.560696601867675781e+00
-3.865009546279907227e+00
1.903184354305267334e-01
-3.657556533813476562e+00
2.367441207170486450e-01
-4.148602962493896484e+00
1.737905883789062500e+01
3.187369406223297119e-01
-3.415655791759490967e-01
7.455094814300537109e+00
-6.975548714399337769e-02
7.316379547119140625e+00
1.659631347656250000e+01
-1.067683410644531250e+01
-7.989164829254150391e+00
-1.046305084228515625e+01
2.049000549316406250e+01
-3.684400320053100586e+00
1.214786338806152344e+01
-1.841825294494628906e+01
-4.123528003692626953e+00
5.082108020782470703e+00
7.383421421051025391e+00
1.533952236175537109e+01
-2.650796651840209961e+00
1.073492765426635742e+00
4.593668937683105469e+00
-1.123446226119995117e+00
4.891233444213867188e+00
-8.937010765075683594e+00
-5.481616258621215820e-01
-2.501036643981933594e+00
