9.803508408367633820e-03
-1.117660850286483765e-02
2.029664814472198486e-02
-9.489634633064270020e-02
-1.017468273639678955e-01
2.096954733133316040e-02
1.994992233812808990e-02
1.984970178455114365e-03
2.428602892905473709e-04
3.699558600783348083e-02
3.395972400903701782e-02
9.948600200004875660e-05
-3.113355487585067749e-02
-1.472019031643867493e-02
-1.116034481674432755e-02
2.695514447987079620e-02
-9.713632985949516296e-03
-1.717796735465526581e-02
-1.395965460687875748e-02
-8.087477087974548340e-02
6.473571527749300003e-03
-1.559616625308990479e-02
2.997785247862339020e-02
-5.171806365251541138e-02
8.363449573516845703e-02
-4.284041002392768860e-03
-1.583784446120262146e-02
7.630669977515935898e-03
-1.350583275780081749e-03
-2.693988382816314697e-03
-2.416137978434562683e-02
3.381344431545585394e-04
-8.084165863692760468e-03
-3.446081280708312988e-02
8.496114984154701233e-03
1.201438251882791519e-02
3.579553216695785522e-03
5.840593948960304260e-03
1.106564013753086329e-04
4.074337705969810486e-02
2.053621038794517517e-02
-4.944540932774543762e-02
1.890128105878829956e-02
-6.299445405602455139e-03
-3.868528828024864197e-02
4.310560971498489380e-02
-6.990854442119598389e-02
3.530265018343925476e-02
-2.294533699750900269e-02
-1.070977654308080673e-02
-4.779732599854469299e-02
8.807283302303403616e-05
-5.135938897728919983e-02
1.271028667688369751e-01
2.686604671180248260e-02
4.125575069338083267e-03
6.368241884047165513e-05
-3.584525315091013908e-03
6.119774281978607178e-02
-2.539348602294921875e-02
-1.147570740431547165e-02
-8.769167587161064148e-03
1.259779650717973709e-02
5.737590044736862183e-02
-1.327327080070972443e-02
1.153444778174161911e-02
-1.711667701601982117e-02
-3.401268972083926201e-03
3.778019163291901350e-05
-1.814980804920196533e-02
1.998540683416649699e-04
-1.686298288404941559e-02
1.305308565497398376e-02
3.194600716233253479e-02
6.441147532314062119e-03
-2.564135566353797913e-02
-7.976103370310738683e-05
-3.799984231591224670e-02
-2.190605923533439636e-02
-4.599984362721443176e-02
7.997401989996433258e-03
-5.390812177211046219e-03
-7.277811318635940552e-02
6.716115772724151611e-02
-7.525155524490401149e-05
2.951246500015258789e-02
1.504409738117828965e-04
1.493636984378099442e-02
-7.275082753039896488e-04
-6.122683640569448471e-03
-5.493678525090217590e-02
-3.736380487680435181e-02
-2.611400745809078217e-02
6.394226849079132080e-02
1.867230795323848724e-02
-1.073937118053436279e-02
-1.931421644985675812e-02
-2.118331380188465118e-02
7.524702697992324829e-02
-2.580345608294010162e-02
2.825984358787536621e-02
-3.295241855084896088e-03
5.939037539064884186e-03
-2.642385879880748689e-05
-2.460347721353173256e-03
8.451949059963226318e-02
-3.529205173254013062e-02
2.435377053916454315e-02
1.203191000968217850e-03
-6.191364373080432415e-04
4.249173775315284729e-02
-1.476431172341108322e-02
-2.746155112981796265e-02
1.207560300827026367e-02
-4.468407947570085526e-03
-1.629809103906154633e-02
-1.767638698220252991e-02
-1.425879001617431641e-01
3.176712617278099060e-02
1.601567678153514862e-02
1.788855902850627899e-02
-7.705640047788619995e-02
1.378690544515848160e-02
3.968868777155876160e-02
1.132021285593509674e-02
1.010005944408476353e-04
1.178082457045093179e-04
-4.978697746992111206e-02
-4.777595866471529007e-03
-6.393513828516006470e-02
-6.942237168550491333e-02
1.655180531088262796e-04
1.176225559902377427e-04
-1.797159947454929352e-02
-1.264550909399986267e-02
-1.589437946677207947e-02
6.737285852432250977e-02
1.937040500342845917e-02
-4.356467351317405701e-02
1.083268690854310989e-02
-6.870757788419723511e-02
-4.865454975515604019e-03
1.722366141621023417e-05
2.273208275437355042e-02
1.677858829498291016e-02
-9.147652424871921539e-03
-6.354796700179576874e-03
-2.950156573206186295e-03
6.713495589792728424e-03
1.802746765315532684e-02
1.621000841259956360e-02
-1.284101307392120361e-01
-4.157630261033773422e-03
-1.431452017277479172e-02
-3.575022146105766296e-02
1.538242101669311523e-01
-9.274958819150924683e-02
-3.873471915721893311e-02
-4.941068962216377258e-02
-1.095641124993562698e-02
1.932237856090068817e-02
9.039234137162566185e-04
3.300642967224121094e-02
-1.095649506896734238e-02
-6.596026569604873657e-02
1.709603820927441120e-03
5.610220879316329956e-02
1.528755063191056252e-03
-1.235602609813213348e-02
1.020929496735334396e-02
-7.456251420080661774e-03
-1.916869543492794037e-02
-5.915791552979499102e-05
2.161926217377185822e-02
3.824073076248168945e-02
2.914360491558909416e-03
3.506530774757266045e-03
-5.632270127534866333e-03
-2.880892395751288859e-07
7.685166317969560623e-03
7.877013832330703735e-02
-2.387876622378826141e-02
2.995504811406135559e-02
3.465239191427826881e-03
2.316903881728649139e-02
-4.768291115760803223e-02
1.502797589637339115e-03
3.706972813233733177e-03
-1.977713219821453094e-02
1.990710757672786713e-02
-4.406249616295099258e-03
-4.950358346104621887e-02
-5.047349259257316589e-03
-4.142701160162687302e-03
-3.860132396221160889e-02
1.060737669467926025e-02
-1.299100089818239212e-02
2.243015170097351074e-02
1.614614948630332947e-02
8.680835366249084473e-03
-1.739271357655525208e-02
1.203934755176305771e-02
-8.421901613473892212e-03
-5.528998095542192459e-03
-7.744391448795795441e-03
-3.716614469885826111e-02
-8.051608689129352570e-03
-4.323842003941535950e-02
7.051679771393537521e-03
3.021735465154051781e-03
-3.100652806460857391e-02
2.825014758855104446e-03
7.027234882116317749e-03
-1.488096918910741806e-02
-1.311345212161540985e-02
5.009897518903017044e-03
2.502567507326602936e-02
-9.274550713598728180e-03
8.402932435274124146e-03
5.951130390167236328e-02
-2.835226990282535553e-02
2.102389000356197357e-03
5.580769386142492294e-03
-4.352821968495845795e-03
-6.145224324427545071e-04
-9.894928894937038422e-03
2.050725556910037994e-02
3.093191608786582947e-02
1.171385776251554489e-02
1.721467450261116028e-02
-1.806711032986640930e-02
9.611446410417556763e-03
-1.919820206239819527e-03
-1.137994602322578430e-02
-7.397180888801813126e-04
-2.784475916996598244e-03
2.163320407271385193e-02
2.175332512706518173e-03
4.092996823601424694e-04
8.609335869550704956e-03
-1.968400785699486732e-03
-2.119152806699275970e-02
-4.051775904372334480e-04
-2.644331194460391998e-03
2.839742973446846008e-02
-3.070545755326747894e-02
2.647099783644080162e-03
2.303198911249637604e-02
5.267606582492589951e-03
-2.377526648342609406e-02
1.844929996877908707e-03
1.295773126184940338e-02
3.797152079641819000e-03
2.482164837419986725e-02
2.294487133622169495e-02
7.018747180700302124e-02
3.586083883419632912e-03
9.069262072443962097e-03
-1.859180629253387451e-02
2.317333966493606567e-02
-3.114933148026466370e-02
-1.444410183466970921e-03
-4.081068327650427818e-04
1.339816581457853317e-02
4.771711770445108414e-03
2.509255893528461456e-02
-4.400685057044029236e-02
-4.915974568575620651e-03
-1.432931795716285706e-02
-1.584639074280858040e-03
4.323247354477643967e-03
5.471505224704742432e-03
2.717928774654865265e-02
3.628179430961608887e-02
5.254656821489334106e-02
-1.111937686800956726e-02
1.233008131384849548e-02
7.255384232848882675e-03
-3.480155766010284424e-02
1.803293591365218163e-03
1.647028140723705292e-02
1.111713470891118050e-03
8.067068643867969513e-03
-1.940404810011386871e-02
3.304437547922134399e-02
-1.069505326449871063e-02
3.370956331491470337e-02
1.628656685352325439e-02
2.462883107364177704e-02
2.386034699156880379e-03
-6.956180185079574585e-02
-3.579592704772949219e-02
3.876158967614173889e-02
1.496278773993253708e-02
5.242066085338592529e-02
-6.137330550700426102e-03
-1.173156127333641052e-02
2.269085682928562164e-02
-5.151592660695314407e-03
9.793113917112350464e-03
4.906810075044631958e-02
2.555225789546966553e-02
1.407848321832716465e-05
1.160179264843463898e-02
1.633758842945098877e-02
-2.550209127366542816e-02
-2.739544492214918137e-03
-1.649500615894794464e-02
3.128552809357643127e-02
-4.015520960092544556e-02
1.114623434841632843e-02
1.505356933921575546e-02
-1.763087883591651917e-02
-2.840553643181920052e-03
1.723703183233737946e-02
2.615900896489620209e-02
4.334545880556106567e-02
-3.342067124322056770e-03
1.082060672342777252e-02
3.601038828492164612e-02
3.543567284941673279e-02
-1.005157083272933960e-02
4.137972742319107056e-02
-1.439876854419708252e-03
3.975593484938144684e-03
1.196956448256969452e-02
-5.495024743140675128e-05
1.144288387149572372e-02
-2.759931422770023346e-02
1.660447102040052414e-03
2.922487445175647736e-02
-1.827418687753379345e-03
1.966500841081142426e-02
-2.120459685102105141e-03
-1.971416547894477844e-02
-1.653048023581504822e-02
-3.783538192510604858e-02
5.344547796994447708e-03
-1.580597308930009604e-04
1.379975955933332443e-02
-1.927018910646438599e-02
-1.952820457518100739e-02
-2.747538383118808270e-04
5.301699042320251465e-03
8.642881177365779877e-03
2.200520969927310944e-02
2.949746325612068176e-02
1.034572254866361618e-02
1.918711699545383453e-02
-2.403572201728820801e-03
-5.689029581844806671e-03
-3.155530197545886040e-03
-1.633988320827484131e-02
-1.215133536607027054e-02
-8.796215057373046875e-03
-1.526616862975060940e-03
-1.651911996304988861e-02
1.327114924788475037e-02
-2.705616503953933716e-02
-3.983524441719055176e-02
1.640742062591016293e-03
-9.296908974647521973e-03
-1.287546753883361816e-02
-1.129023823887109756e-02
2.954643219709396362e-03
5.813196548842824996e-05
-2.625440945848822594e-03
-2.433255314826965332e-02
3.380135074257850647e-02
4.286400601267814636e-02
-1.491660717874765396e-02
1.513072103261947632e-02
4.030666314065456390e-03
4.615762829780578613e-02
5.518383812159299850e-03
-1.068731676787137985e-02
9.579299017786979675e-03
1.770238205790519714e-02
-9.532931726425886154e-04
9.191595017910003662e-03
-1.628013513982295990e-02
-1.091842632740736008e-02
1.034838892519474030e-02
-3.555854409933090210e-02
-5.277494201436638832e-04
-2.306504547595977783e-02
-6.013390608131885529e-03
1.160734449513256550e-03
-7.939012721180915833e-03
2.259739674627780914e-02
-3.228267282247543335e-02
-2.126783505082130432e-02
-2.999003790318965912e-02
4.218556918203830719e-03
-3.998854383826255798e-02
1.553636416792869568e-02
1.140626519918441772e-02
-1.422499958425760269e-02
8.951335214078426361e-03
2.165698632597923279e-02
1.226623728871345520e-02
-1.131776720285415649e-01
1.054116804152727127e-02
7.361909002065658569e-02
2.201327309012413025e-02
1.616871170699596405e-02
2.288757637143135071e-02
3.329126909375190735e-02
-7.030041515827178955e-02
7.814531773328781128e-02
-3.341748565435409546e-02
1.453158855438232422e-01
-4.772671684622764587e-02
-2.625555731356143951e-02
2.766506746411323547e-02
2.970496658235788345e-03
1.404502335935831070e-02
2.207048423588275909e-02
2.062755264341831207e-02
4.140614345669746399e-02
-6.044596806168556213e-02
-1.140050292015075684e-01
1.624342054128646851e-02
-2.727821283042430878e-02
-5.303798988461494446e-02
4.995715618133544922e-02
-2.928151562809944153e-02
1.051442250609397888e-01
-2.724505960941314697e-02
-2.860124595463275909e-02
1.040404811501502991e-01
-2.576153539121150970e-02
7.119607646018266678e-03
-3.008395247161388397e-02
2.297245860099792480e-01
-6.657431833446025848e-03
-7.500586658716201782e-02
1.889187656342983246e-02
-1.983548253774642944e-01
-3.589440882205963135e-02
-6.567458063364028931e-02
3.892976418137550354e-02
-8.337574452161788940e-02
-9.756229817867279053e-03
1.749958097934722900e-02
-1.783614233136177063e-02
4.720991104841232300e-02
1.017757058143615723e-01
1.992316171526908875e-02
6.405349820852279663e-03
1.496965624392032623e-02
4.390759766101837158e-02
-7.325526792556047440e-03
-1.419181190431118011e-02
-2.247836813330650330e-02
-1.463462505489587784e-02
-1.712949015200138092e-02
-2.668325603008270264e-02
1.162950508296489716e-02
2.133384346961975098e-02
1.691302657127380371e-02
-1.020593568682670593e-02
-7.092594355344772339e-02
-2.846234478056430817e-02
1.619402552023530006e-03
3.573187068104743958e-02
8.477568626403808594e-03
7.264743000268936157e-02
-4.428059980273246765e-02
2.944662980735301971e-02
1.444118469953536987e-01
-3.085353411734104156e-02
2.480166405439376831e-02
-2.291968278586864471e-02
-2.899702452123165131e-02
5.310526490211486816e-02
-3.689305111765861511e-02
-4.702369868755340576e-02
5.587022006511688232e-02
1.410974888131022453e-03
-2.431532926857471466e-02
1.943144388496875763e-02
1.675471104681491852e-02
-5.138145014643669128e-02
5.394254811108112335e-03
3.786990046501159668e-02
-8.434151113033294678e-02
1.458452641963958740e-02
-5.479782819747924805e-02
-2.088888734579086304e-02
7.062008976936340332e-02
-2.565466566011309624e-03
-1.867500878870487213e-02
-1.039723586291074753e-02
2.779043838381767273e-02
-1.154062524437904358e-02
2.721286006271839142e-02
6.411180831491947174e-03
5.629999190568923950e-02
-5.151031538844108582e-02
2.468281239271163940e-02
1.759434491395950317e-02
1.801778748631477356e-02
-3.481008112430572510e-02
-3.926182538270950317e-02
1.438636425882577896e-02
1.804476603865623474e-02
9.192746132612228394e-02
3.988544270396232605e-02
2.846411801874637604e-02
-2.249549888074398041e-02
-2.253481373190879822e-02
8.052451163530349731e-02
-3.312796726822853088e-02
3.924445435404777527e-02
-6.349336355924606323e-02
-5.355555564165115356e-02
7.924783974885940552e-03
9.647826850414276123e-02
1.180752813816070557e-01
-9.562452323734760284e-03
8.773597888648509979e-03
4.311418533325195312e-02
2.155848196707665920e-04
3.254226595163345337e-02
-1.660009101033210754e-02
-1.952962875366210938e-01
1.976217888295650482e-02
8.035891689360141754e-03
-2.532546222209930420e-01
5.794516950845718384e-02
1.768970489501953125e-01
-9.678669273853302002e-03
-1.645959168672561646e-02
-4.155528172850608826e-02
-1.877008937299251556e-02
-3.476770594716072083e-02
1.448441762477159500e-02
1.873253285884857178e-02
2.333652414381504059e-02
-1.020590681582689285e-02
9.209668263792991638e-03
-1.169991940259933472e-01
2.039999701082706451e-02
1.466085482388734818e-02
-7.116755098104476929e-02
-3.226404264569282532e-02
-1.151413656771183014e-03
1.131164003163576126e-02
-1.077827624976634979e-02
1.568957976996898651e-02
1.387716084718704224e-02
8.040690422058105469e-02
1.387000456452369690e-02
2.889847755432128906e-02
2.029116079211235046e-02
3.812875971198081970e-02
-2.633996540680527687e-03
1.703970320522785187e-02
4.133190028369426727e-03
7.153269648551940918e-02
-7.893856614828109741e-03
-5.580085515975952148e-02
-2.563716284930706024e-02
1.417409256100654602e-02
-1.093195751309394836e-01
1.703205890953540802e-02
2.286608517169952393e-02
2.489656396210193634e-02
1.767639257013797760e-02
-1.472949329763650894e-02
1.011078432202339172e-02
-8.063779026269912720e-02
1.699052937328815460e-02
-5.914883688092231750e-03
9.425881505012512207e-02
2.533970167860388756e-03
-6.766818463802337646e-02
-1.076353788375854492e-01
-2.892521955072879791e-02
2.963340841233730316e-02
5.882046651095151901e-03
-2.187525620684027672e-03
-3.204041719436645508e-02
1.877103559672832489e-02
-4.517211019992828369e-02
3.553579561412334442e-03
7.903432846069335938e-02
2.547081559896469116e-02
-4.577481746673583984e-02
-2.580502303317189217e-03
1.825086399912834167e-02
-6.994022428989410400e-02
-3.409403562545776367e-02
-1.602718234062194824e-02
-5.038532242178916931e-02
1.328921318054199219e-02
-6.116355303674936295e-03
-1.482829451560974121e-02
5.537990108132362366e-02
