2.636400610208511353e-02
-1.227726563811302185e-01
1.105310581624507904e-02
1.495681107044219971e-01
1.423125416040420532e-01
-5.083078145980834961e-02
7.484443485736846924e-02
1.380800176411867142e-02
-2.820532768964767456e-02
9.239750914275646210e-03
2.236572792753577232e-03
1.473961472511291504e-01
-3.089150600135326385e-02
-4.613633826375007629e-02
-2.681495994329452515e-02
7.130713760852813721e-02
-5.100399628281593323e-02
-7.109791785478591919e-02
4.110151156783103943e-02
1.301351487636566162e-01
-7.413042336702346802e-02
-1.503556035459041595e-02
-5.573454126715660095e-02
-6.950980052351951599e-03
1.200183406472206116e-01
1.988218538463115692e-02
1.407818775624036789e-02
1.155442073941230774e-01
-3.004271909594535828e-02
-8.395949006080627441e-02
1.069177966564893723e-02
-4.053345695137977600e-02
-1.640480943024158478e-02
-1.345047354698181152e-01
1.446414142847061157e-01
-3.064541704952716827e-02
-8.382391184568405151e-02
2.294700592756271362e-02
-1.424384862184524536e-01
-2.465104870498180389e-02
4.099014680832624435e-03
2.350773848593235016e-02
3.521878644824028015e-02
3.569568740203976631e-03
8.007691055536270142e-02
-5.607190728187561035e-02
6.285975873470306396e-02
-1.577243022620677948e-02
-4.855649545788764954e-02
9.430163539946079254e-03
1.546708866953849792e-02
1.225797906517982483e-01
-4.103533923625946045e-03
-6.468643993139266968e-02
-1.921564526855945587e-02
7.819991558790206909e-02
8.099045604467391968e-03
4.057449754327535629e-03
3.119896352291107178e-02
2.425717562437057495e-02
5.038548260927200317e-02
2.739700488746166229e-02
-1.190664619207382202e-01
3.335004672408103943e-02
-3.656148677691817284e-03
4.159868508577346802e-02
1.115465816110372543e-02
4.397337883710861206e-02
1.034032925963401794e-02
1.508579701185226440e-01
7.108867913484573364e-02
-6.653641909360885620e-02
7.004392147064208984e-02
1.335501903668045998e-03
-8.863084018230438232e-02
-6.200504302978515625e-02
-5.707209557294845581e-02
5.827107233926653862e-04
7.237322628498077393e-02
-9.353572875261306763e-02
8.667429536581039429e-02
-2.421080507338047028e-02
-1.286335382610559464e-02
-6.143115088343620300e-02
-3.470959491096436977e-04
2.016302943229675293e-02
-4.333034530282020569e-02
-2.110944129526615143e-02
-1.138081122189760208e-02
-5.077720619738101959e-03
1.627662964165210724e-02
1.816390827298164368e-02
-3.254278004169464111e-02
1.129226386547088623e-02
6.186647713184356689e-02
-5.938692949712276459e-03
-7.282818108797073364e-02
1.130123436450958252e-02
1.749598979949951172e-02
9.816300123929977417e-02
-2.731218747794628143e-02
6.166065856814384460e-02
7.686135359108448029e-03
-8.494409732520580292e-03
-1.107334941625595093e-01
-1.048269048333168030e-01
5.677014961838722229e-02
6.005465239286422729e-02
3.720931708812713623e-02
-2.250296249985694885e-02
-3.321495279669761658e-02
7.580038905143737793e-02
1.720057614147663116e-02
6.528123468160629272e-02
-1.097265724092721939e-02
9.589791297912597656e-02
-4.494625329971313477e-02
-3.031161986291408539e-02
-2.144304104149341583e-02
1.840213127434253693e-02
1.299460534937679768e-03
-2.016569525003433228e-01
6.358978152275085449e-02
-5.571701377630233765e-02
1.166040375828742981e-01
1.795436069369316101e-02
-1.515052318572998047e-01
6.779396533966064453e-02
4.987745196558535099e-04
-2.170925885438919067e-01
1.362890750169754028e-01
8.963301032781600952e-02
7.886539399623870850e-02
-7.694516330957412720e-02
1.748784631490707397e-02
6.951254326850175858e-03
-8.483944833278656006e-02
-2.394765615463256836e-02
-1.974328048527240753e-02
4.069831967353820801e-02
4.946155101060867310e-02
1.603564806282520294e-02
-3.672938421368598938e-02
-5.388431251049041748e-03
4.888218641281127930e-02
-9.301675111055374146e-02
5.139345675706863403e-02
-4.106428474187850952e-02
5.955860391259193420e-02
6.283388938754796982e-03
3.689766675233840942e-02
-1.244955137372016907e-01
5.336697399616241455e-02
1.239877790212631226e-01
2.310223430395126343e-01
2.310923486948013306e-01
-7.998074404895305634e-03
-2.509403601288795471e-02
-6.946276873350143433e-02
-3.668409958481788635e-02
1.035224422812461853e-01
7.991899549961090088e-02
-2.496482804417610168e-02
-3.088892437517642975e-02
-1.660408228635787964e-01
-9.446749091148376465e-02
2.773034572601318359e-02
-8.665824308991432190e-03
-4.039883241057395935e-02
-5.697892978787422180e-02
-4.865579307079315186e-02
-6.642086803913116455e-02
-6.536348164081573486e-02
-1.021188795566558838e-01
9.827238321304321289e-02
9.354660660028457642e-02
5.325653031468391418e-02
-2.962336502969264984e-02
-2.823092602193355560e-02
-1.850514672696590424e-02
4.247605800628662109e-02
2.137621305882930756e-02
-1.157509814947843552e-02
-6.398122757673263550e-02
1.203880384564399719e-01
-1.014843699522316456e-03
-5.911944061517715454e-02
9.381891787052154541e-02
-5.665407329797744751e-02
-2.179753780364990234e-02
8.646865934133529663e-02
1.635946892201900482e-02
-7.895264029502868652e-02
-6.639389693737030029e-02
1.326577644795179367e-02
-2.461862750351428986e-02
-4.588915407657623291e-02
-8.328147977590560913e-02
-2.308750525116920471e-02
-6.129737012088298798e-03
