-2.542718872427940369e-02
-6.929826922714710236e-03
-1.798048987984657288e-02
-2.692722948268055916e-03
-2.061466686427593231e-03
2.671012096107006073e-02
6.469356827437877655e-03
-5.319444928318262100e-03
-1.756384968757629395e-01
1.307875500060617924e-03
-2.164295874536037445e-02
1.805166453123092651e-01
-4.705644678324460983e-03
-3.954780753701925278e-03
-1.206609513610601425e-02
-3.155390731990337372e-03
-1.627272104087751359e-05
-3.315876424312591553e-02
-2.877955697476863861e-02
-2.641352824866771698e-03
-9.927788376808166504e-02
-2.831535879522562027e-03
-4.685315303504467010e-03
8.142502047121524811e-03
-7.266346365213394165e-04
8.201456628739833832e-03
4.368283320218324661e-03
-1.713447272777557373e-02
-8.850218728184700012e-03
4.775670357048511505e-03
5.707204109057784081e-04
-1.027232035994529724e-01
2.891263365745544434e-02
2.135066315531730652e-03
7.568567246198654175e-02
3.565089427866041660e-04
-1.899193674325942993e-01
-1.081179827451705933e-01
-1.687325537204742432e-01
6.263162940740585327e-03
9.035997092723846436e-03
-1.037552021443843842e-02
-7.141254842281341553e-02
-2.388701541349291801e-03
-2.731098094955086708e-03
-7.769020274281501770e-03
-4.400620982050895691e-02
-5.288944113999605179e-03
-2.902777399867773056e-03
4.275774117559194565e-04
1.987304305657744408e-03
1.779549866914749146e-01
-1.421325188130140305e-02
2.736295340582728386e-03
-1.069112215191125870e-03
-1.340342015027999878e-01
1.748768389225006104e-01
1.669413223862648010e-02
1.974578248336911201e-03
-2.431026077829301357e-04
1.817023294279351830e-04
4.886774811893701553e-03
-3.431183984503149986e-03
4.283079761080443859e-04
-3.796064993366599083e-03
-4.774304106831550598e-03
-2.434552460908889771e-02
2.069322945317253470e-04
-4.313840065151453018e-03
2.351710014045238495e-02
1.844041794538497925e-01
-8.385465480387210846e-03
-4.956652875989675522e-03
1.981800794601440430e-02
-8.914977312088012695e-03
1.243304926902055740e-02
-1.804036349058151245e-01
4.001943860203027725e-03
-8.389713242650032043e-03
3.776767989620566368e-03
1.470031333155930042e-03
-4.497315734624862671e-02
9.862696751952171326e-03
-4.864564631134271622e-03
-1.826319396495819092e-01
3.212646814063191414e-03
-1.861102283000946045e-01
1.492370106279850006e-02
1.878522895276546478e-02
-1.985076069831848145e-02
-4.840552806854248047e-03
-4.843277274630963802e-04
1.482210005633533001e-03
1.639144145883619785e-03
6.757144629955291748e-02
-2.901423722505569458e-03
8.037622086703777313e-03
4.530215170234441757e-03
-4.533705767244100571e-03
5.106567405164241791e-03
-2.139571821317076683e-03
-3.398695029318332672e-03
-3.839381784200668335e-02
1.810802817344665527e-01
1.704953312873840332e-01
2.378960838541388512e-03
-1.060292683541774750e-02
-3.884634003043174744e-03
1.702818125486373901e-01
-7.262997329235076904e-03
2.001923741772770882e-03
7.892069406807422638e-03
4.596796352416276932e-03
-1.153064658865332603e-03
1.555854082107543945e-01
4.980831407010555267e-03
6.342494860291481018e-03
-1.110456534661352634e-03
-7.649296894669532776e-03
6.194929592311382294e-03
-1.537642348557710648e-02
1.053931337082758546e-04
-9.670599829405546188e-04
-2.052603755146265030e-03
-1.533136069774627686e-01
-1.828168332576751709e-01
-1.772032082080841064e-01
-4.767416510730981827e-03
6.786087527871131897e-03
4.311774857342243195e-03
3.561422927305102348e-03
1.769183427095413208e-01
1.818163990974426270e-01
2.776389708742499352e-03
-2.650199458003044128e-03
2.228142879903316498e-02
5.144933704286813736e-03
-5.541042773984372616e-04
-1.892142929136753082e-03
7.588200736790895462e-03
7.866051979362964630e-03
8.950014598667621613e-03
-1.823845058679580688e-01
-7.291517104022204876e-04
2.088416740298271179e-02
-3.652921004686504602e-04
5.840397207066416740e-04
-1.034038141369819641e-02
4.398154560476541519e-03
2.930508181452751160e-02
2.123149111866950989e-03
7.794828270561993122e-04
-1.088871431420557201e-04
5.245439708232879639e-03
-2.585953567177057266e-03
-2.200540853664278984e-03
-8.165154722519218922e-04
-6.434037350118160248e-03
1.934595289640128613e-03
1.412685960531234741e-02
-2.506849588826298714e-03
-1.301200874149799347e-02
4.390910267829895020e-03
-5.152195692062377930e-03
-1.748107373714447021e-03
1.768167763948440552e-01
2.500818343833088875e-03
-7.396508008241653442e-02
2.099764533340930939e-02
3.329938510432839394e-03
2.445301413536071777e-02
-6.241407245397567749e-04
-1.794900149106979370e-01
-2.434690017253160477e-03
4.516715183854103088e-03
-9.127673506736755371e-02
-2.153831301257014275e-03
-1.240458106622099876e-03
1.825714111328125000e-01
-2.122743753716349602e-03
-1.770034432411193848e-03
1.527083665132522583e-02
9.106143377721309662e-03
-4.341920372098684311e-03
-9.786888404050841928e-05
2.659526187926530838e-03
6.045785266906023026e-03
-2.063449705019593239e-03
-1.064350735396146774e-02
-2.104752697050571442e-03
1.904515083879232407e-03
-1.478863763622939587e-03
1.295694988220930099e-02
6.911627203226089478e-02
-2.871021395549178123e-03
1.879554055631160736e-02
1.380072208121418953e-03
1.255763694643974304e-02
1.179929357022047043e-02
3.134277358185499907e-04
5.713821155950427055e-04
-1.447154581546783447e-02
-4.987061489373445511e-03
-5.623152479529380798e-03
3.229884430766105652e-03
-2.067713299766182899e-03
-7.808836526237428188e-04
4.807235207408666611e-03
-3.550990368239581585e-04
7.738030515611171722e-03
-8.345297101186588407e-05
1.123122405260801315e-02
-5.315793212503194809e-03
1.153028337284922600e-03
-3.578837262466549873e-03
1.983606256544589996e-03
-1.077197841368615627e-03
-1.445177593268454075e-03
-9.351106360554695129e-03
-5.491630174219608307e-03
-2.121896110475063324e-02
-3.240374149754643440e-03
-2.107870066538453102e-03
-4.505535122007131577e-03
-9.231387637555599213e-03
-1.056913845241069794e-02
-4.920355975627899170e-03
-5.180773325264453888e-03
1.964473485713824630e-04
-7.715140935033559799e-03
2.712831366807222366e-03
5.228464724496006966e-04
-1.699339039623737335e-02
9.161402471363544464e-03
1.694798171520233154e-01
-2.287109149619936943e-03
-5.301314406096935272e-03
-7.561212405562400818e-04
5.920233670622110367e-04
-1.186091173440217972e-02
5.243530869483947754e-02
3.076756256632506847e-04
1.760707050561904907e-01
-2.651684451848268509e-03
1.050613471306860447e-03
3.839254786726087332e-04
-1.702642184682190418e-03
-2.647481393069028854e-03
-1.696772756986320019e-03
-8.700582198798656464e-03
-3.568085283041000366e-02
-1.277818955713883042e-04
9.305794723331928253e-03
4.096735734492540359e-03
1.622448908165097237e-03
-1.510537404101341963e-04
-1.321589481085538864e-02
-1.141565968282520771e-03
-2.265434013679623604e-03
5.139874992892146111e-04
6.649802089668810368e-04
1.024772226810455322e-02
-4.480191506445407867e-03
-1.196341123431921005e-03
-1.394615857861936092e-03
2.464421791955828667e-03
-3.057766705751419067e-03
-2.482364652678370476e-03
3.430143231526017189e-03
7.725916802883148193e-04
-2.685071155428886414e-02
-1.185672357678413391e-02
-2.299162326380610466e-03
-4.183083772659301758e-03
6.688807625323534012e-04
-2.908234309870749712e-04
-6.478138384409248829e-04
-1.139430329203605652e-02
-4.916205070912837982e-03
2.864662092179059982e-03
-2.686232619453221560e-04
1.908370642922818661e-03
-1.311337202787399292e-02
-2.149611338973045349e-02
-1.440011314116418362e-03
-3.240848658606410027e-03
1.283513964153826237e-03
9.174497798085212708e-03
9.719399735331535339e-03
-1.359695661813020706e-02
4.948392044752836227e-03
-1.108565018512308598e-03
-1.273923669941723347e-03
-5.015126429498195648e-03
5.198004189878702164e-03
3.140941960737109184e-03
1.285658590495586395e-02
-4.510881262831389904e-04
-6.338009610772132874e-03
-3.307466395199298859e-03
1.902351155877113342e-03
8.927629096433520317e-04
1.650510430335998535e-01
-1.150815049186348915e-03
1.419252483174204826e-03
-1.675939303822815418e-03
-1.124710030853748322e-02
-1.972165424376726151e-03
1.883592572994530201e-03
4.095423500984907150e-03
6.250405218452215195e-03
-2.208559308201074600e-04
-4.287564195692539215e-03
-5.470864125527441502e-04
6.269191391766071320e-03
-2.160066040232777596e-03
-6.803789292462170124e-04
-3.690588346216827631e-04
-1.168028451502323151e-03
-2.161492127925157547e-03
4.965604166500270367e-04
-1.600237376987934113e-02
5.490544572239741683e-05
-1.767929643392562866e-02
-6.340355030260980129e-04
1.333375927060842514e-03
-1.754785180091857910e-01
4.093730356544256210e-03
-3.521088510751724243e-03
-3.962794784456491470e-03
-2.303538145497441292e-03
-5.399564281105995178e-02
1.044795964844524860e-03
4.387306689750403166e-04
-9.327066072728484869e-05
-2.847953233867883682e-03
-7.022527512162923813e-03
1.158107072114944458e-02
3.391244914382696152e-03
-5.288940854370594025e-03
-6.850888486951589584e-03
-1.456382963806390762e-02
2.097592502832412720e-02
8.431728929281234741e-03
1.749185612425208092e-04
2.478493610396981239e-03
-1.193576099467463791e-04
4.129176959395408630e-03
2.966811880469322205e-04
-2.032639086246490479e-02
-7.947728590806946158e-05
-1.385535951703786850e-02
-1.366935204714536667e-02
3.007748746313154697e-04
-6.941937841475009918e-03
1.632255618460476398e-03
2.019893610849976540e-03
-1.651028986088931561e-03
-8.148875203914940357e-04
-1.202333136461675167e-03
-1.144931558519601822e-02
-5.694483406841754913e-03
-6.341279949992895126e-04
-8.945641107857227325e-03
-1.778589934110641479e-02
1.608363389968872070e-01
-1.469329348765313625e-03
4.351839423179626465e-03
9.585128165781497955e-03
-2.244687406346201897e-03
-9.106659563258290291e-04
4.294043174013495445e-04
-5.902993027120828629e-03
9.563415311276912689e-03
-2.626508288085460663e-02
-2.013894543051719666e-02
4.744393809232860804e-04
-4.373824689537286758e-03
-1.085156667977571487e-02
-1.580980978906154633e-02
-2.112969942390918732e-02
1.833992265164852142e-02
2.687000669538974762e-03
3.941976930946111679e-03
-5.317259114235639572e-03
-2.378704957664012909e-03
1.187578076496720314e-03
6.752777379006147385e-03
1.406094757840037346e-03
-8.182676974684000015e-04
5.947058554738759995e-03
-2.012563782045617700e-04
-2.672215923666954041e-03
-2.185343392193317413e-02
-5.594897083938121796e-04
5.201537162065505981e-03
-2.680995268747210503e-03
-2.493875101208686829e-03
1.008223276585340500e-03
-3.005586331710219383e-03
1.604337245225906372e-02
-3.739913518074899912e-04
1.375894760712981224e-03
-1.014513708651065826e-02
-7.234598509967327118e-03
-1.609073765575885773e-02
-9.704495896585285664e-04
7.429889519698917866e-04
-6.481528398580849171e-04
8.832138963043689728e-03
-1.764643820933997631e-03
-8.620903245173394680e-04
5.144539754837751389e-03
2.450795145705342293e-03
-5.018914584070444107e-03
1.498240046203136444e-03
-3.186868736520409584e-03
1.116645638830959797e-03
1.370063982903957367e-02
-7.822922430932521820e-03
4.808875732123851776e-03
4.960719379596412182e-04
1.021645963191986084e-02
6.186532322317361832e-03
1.685822382569313049e-03
2.421926334500312805e-02
-2.100747777149081230e-03
-3.625454148277640343e-03
4.272437581676058471e-05
2.907855436205863953e-03
-6.976406089961528778e-03
-3.615395165979862213e-03
-1.927388645708560944e-02
-9.133020415902137756e-03
5.429326556622982025e-04
-3.317857161164283752e-03
6.114664953202009201e-03
-2.816398860886693001e-03
-1.387116499245166779e-03
1.114128343760967255e-02
2.971288980916142464e-03
8.759033516980707645e-04
-1.032657921314239502e-03
2.246222429675981402e-04
-2.086923457682132721e-03
9.034344111569225788e-04
-2.204853855073451996e-02
-3.312211483716964722e-03
1.782819163054227829e-03
7.480023428797721863e-03
3.990292549133300781e-03
1.548720989376306534e-03
-2.120276726782321930e-02
9.785749018192291260e-03
-2.828705357387661934e-03
-5.455311038531363010e-04
-7.781381718814373016e-04
-3.116864943876862526e-03
-2.637560246512293816e-03
1.186225097626447678e-03
1.335649867542088032e-03
9.652986191213130951e-03
-1.166027504950761795e-02
2.049808390438556671e-03
-4.811039194464683533e-03
-1.439155661500990391e-03
1.148151885718107224e-02
-1.176527235656976700e-03
-1.355523243546485901e-03
1.011671993182972074e-04
-1.702027628198266029e-03
-2.047257497906684875e-03
1.068668498191982508e-04
-5.477233324199914932e-03
1.010347739793360233e-03
-4.419708275236189365e-04
-1.154871642938815057e-04
-4.984353203326463699e-03
4.943728446960449219e-03
-3.434108104556798935e-03
1.833902439102530479e-03
-5.193695891648530960e-03
5.223440937697887421e-03
8.531285449862480164e-03
-1.506074477219954133e-04
-1.003143005073070526e-02
-1.364433323033154011e-03
7.024661637842655182e-03
-5.076575558632612228e-03
3.150216303765773773e-03
-5.509561859071254730e-03
1.260566525161266327e-03
-2.359497593715786934e-03
-6.169909611344337463e-03
1.144684501923620701e-03
-4.534085281193256378e-03
-1.344021037220954895e-02
1.779937651008367538e-03
9.442806243896484375e-03
-1.050753425806760788e-02
-1.965435221791267395e-03
2.778944144665729254e-05
-5.277959629893302917e-03
-5.444893613457679749e-04
-1.533454982563853264e-03
6.086603272706270218e-03
7.871356792747974396e-03
5.636260029859840870e-04
-1.453638193197548389e-03
-5.768996197730302811e-03
-2.721413737162947655e-03
7.192447083070874214e-04
-1.597600756213068962e-03
-7.337398710660636425e-04
1.187705784104764462e-03
-2.952392445877194405e-03
-1.111632678657770157e-02
1.501188986003398895e-02
-3.577154129743576050e-04
-4.036790342070162296e-04
-1.103058923035860062e-03
-5.568071268498897552e-03
4.470258951187133789e-03
-3.428451251238584518e-03
-4.881267377641052008e-04
6.980269099585711956e-04
3.783583524636924267e-04
-1.359507790766656399e-03
-1.607165299355983734e-02
-3.620949428295716643e-05
-1.269507687538862228e-03
-1.424026209861040115e-03
-1.064287847839295864e-03
-1.945768669247627258e-02
-1.142956461990252137e-04
-6.415970274247229099e-04
6.551097612828016281e-03
5.207553040236234665e-03
5.410751327872276306e-03
-6.111772265285253525e-03
2.193373069167137146e-02
1.573091559112071991e-02
-4.484768141992390156e-04
-7.303248159587383270e-03
2.486394718289375305e-03
-1.818489748984575272e-03
8.397849742323160172e-04
-2.884857123717665672e-03
-2.102693310007452965e-03
1.584904640913009644e-02
-1.398108201101422310e-03
-4.272689577192068100e-03
2.686207182705402374e-03
3.354962682351469994e-04
9.231482632458209991e-03
1.481426646932959557e-03
1.738547231070697308e-03
-9.047447383636608720e-05
1.024384517222642899e-03
1.755203818902373314e-03
1.127684582024812698e-02
4.452508874237537384e-03
1.183718442916870117e-03
5.010782741010189056e-03
-2.012630691751837730e-03
-8.323157671838998795e-04
-4.977008211426436901e-05
-1.959222834557294846e-03
-5.903413519263267517e-03
1.300376490689814091e-03
2.665047300979495049e-03
-4.709002969320863485e-04
-2.783078467473387718e-03
-3.101904643699526787e-03
-4.173622466623783112e-03
2.033003792166709900e-02
8.287015953101217747e-04
-3.928272519260644913e-03
-5.044616409577429295e-04
-7.246209774166345596e-03
1.270377542823553085e-03
1.166242919862270355e-02
1.338237058371305466e-02
1.523452665423974395e-04
-3.162450157105922699e-03
-5.559077486395835876e-03
-1.251867506653070450e-02
-4.927421920001506805e-03
-3.224254818633198738e-03
-1.401035580784082413e-03
-4.622927401214838028e-03
2.669915789738297462e-03
-4.057998303323984146e-04
-3.064953908324241638e-02
-3.475819015875458717e-03
5.658529116772115231e-04
-2.764903008937835693e-03
1.315853558480739594e-02
-1.570929634908679873e-05
6.706219865009188652e-04
