1.271534413099288940e-01
-5.566048994660377502e-02
1.712885126471519470e-02
5.555619485676288605e-03
-1.634287647902965546e-02
6.622354686260223389e-02
1.949815824627876282e-02
1.220359932631254196e-02
7.865147665143013000e-03
-1.363222002983093262e-01
-9.284856915473937988e-02
6.046744808554649353e-02
5.123877897858619690e-02
-9.713913500308990479e-02
-1.167142298072576523e-03
3.087608329951763153e-02
-5.229992792010307312e-02
-9.404303878545761108e-02
-6.318003684282302856e-02
-1.144631057977676392e-01
1.413813978433609009e-02
-5.056770052760839462e-03
-7.245030254125595093e-02
-4.745710641145706177e-02
-3.708273544907569885e-02
-1.257134228944778442e-01
-1.504310173913836479e-03
-5.045832693576812744e-02
1.160006411373615265e-02
-4.284374415874481201e-02
-6.783418357372283936e-02
1.275080814957618713e-02
9.615547955036163330e-02
9.278451651334762573e-02
3.913930803537368774e-02
6.128961220383644104e-02
-4.181080311536788940e-02
-2.861624769866466522e-02
-3.639567643404006958e-02
-9.074682742357254028e-02
-4.151186719536781311e-02
-3.624109923839569092e-02
-1.660486683249473572e-03
7.603567093610763550e-02
-6.463010609149932861e-02
9.672763943672180176e-02
-2.135086059570312500e-02
-1.431792229413986206e-02
7.775828242301940918e-02
-1.502821892499923706e-01
3.746920498088002205e-03
-1.066812314093112946e-02
-6.836469471454620361e-02
-1.137702167034149170e-01
-7.431919872760772705e-02
3.058089874684810638e-03
-9.549602866172790527e-02
-4.602564126253128052e-02
1.636222749948501587e-01
-4.845865070819854736e-02
6.891343742609024048e-02
-4.999932646751403809e-02
-9.685955941677093506e-02
-5.345846991986036301e-03
1.907901023514568806e-03
-6.251828745007514954e-03
8.073651790618896484e-02
-1.397870364598929882e-03
-4.490826278924942017e-02
2.936530485749244690e-02
-3.215909469872713089e-03
7.574710249900817871e-02
1.589812897145748138e-02
7.507459074258804321e-02
3.097491571679711342e-04
-2.171228639781475067e-02
4.023612942546606064e-03
9.045536071062088013e-02
-4.878159146755933762e-03
-3.488896880298852921e-03
6.994941830635070801e-02
5.971951410174369812e-02
-6.085693091154098511e-02
-1.048413962125778198e-01
-1.815787144005298615e-02
8.067654818296432495e-02
5.481742322444915771e-02
-1.110574901103973389e-01
-9.175116568803787231e-02
7.196616381406784058e-02
-6.381642818450927734e-02
-1.429542750120162964e-01
-7.208011299371719360e-02
8.528485894203186035e-02
-5.852553993463516235e-02
-8.700835704803466797e-02
9.678294509649276733e-02
-3.847108408808708191e-02
5.242172628641128540e-02
5.763397738337516785e-02
-4.700822010636329651e-02
7.702622562646865845e-02
2.184592373669147491e-02
6.447906792163848877e-02
-1.495015528053045273e-02
-1.080409884452819824e-01
-1.127886325120925903e-01
4.284961521625518799e-02
-1.895694062113761902e-03
-9.228468686342239380e-02
2.898005396127700806e-02
-1.633933559060096741e-02
-1.915781944990158081e-02
4.865115508437156677e-02
2.524903975427150726e-02
5.051989480853080750e-02
8.192600309848785400e-02
9.419745206832885742e-02
3.319551236927509308e-03
-1.015930343419313431e-02
6.942012161016464233e-02
5.899093579500913620e-03
-8.680463582277297974e-02
-9.766712784767150879e-02
3.090487979352474213e-02
1.685004122555255890e-02
-3.882955759763717651e-02
-6.348583102226257324e-02
1.366673409938812256e-01
-1.047200709581375122e-01
-5.670575425028800964e-02
1.064196079969406128e-01
-5.138072650879621506e-03
9.728313982486724854e-02
2.172032929956912994e-02
-7.339446246623992920e-02
-5.762636289000511169e-02
1.616319566965103149e-01
-8.685120940208435059e-02
9.517068415880203247e-02
-1.252409517765045166e-01
-1.311519294977188110e-01
1.388116553425788879e-02
2.540652081370353699e-02
7.515640556812286377e-02
-1.432004868984222412e-01
-9.818308753892779350e-04
9.200356155633926392e-02
2.489931182935833931e-03
-6.881661713123321533e-02
-6.879442930221557617e-02
1.110645607113838196e-01
-3.123428858816623688e-02
6.443478632718324661e-03
7.626286894083023071e-02
4.608102515339851379e-02
3.347770869731903076e-02
4.972085729241371155e-02
-1.109713166952133179e-01
8.721363730728626251e-03
1.270925998687744141e-02
-7.816409319639205933e-02
-9.106661193072795868e-03
1.008034572005271912e-01
1.079489365220069885e-01
3.192707896232604980e-02
1.026896107941865921e-02
-7.471712678670883179e-02
4.337262362241744995e-02
-4.352026432752609253e-02
3.750665485858917236e-02
-6.470238417387008667e-02
-8.571892976760864258e-02
-2.368235960602760315e-02
-1.982269994914531708e-02
-2.373258769512176514e-02
-2.738352306187152863e-02
4.339753091335296631e-02
1.276279538869857788e-01
5.496504530310630798e-02
6.163918226957321167e-02
-7.164362818002700806e-02
-9.581044316291809082e-02
-4.329481348395347595e-02
1.444713920354843140e-01
-9.621413052082061768e-02
1.354098618030548096e-01
-9.843283891677856445e-02
-1.121238246560096741e-02
-5.605018138885498047e-02
1.037612855434417725e-01
1.496697366237640381e-01
-1.327409874647855759e-02
3.587681055068969727e-02
6.693216413259506226e-02
4.943675547838211060e-02
1.000077351927757263e-01
-1.265393048524856567e-01
-6.077346950769424438e-02
-5.425563547760248184e-03
