-1.000579893589019775e-01
9.155356138944625854e-02
1.130355987697839737e-02
-1.228332892060279846e-02
-2.412507385015487671e-01
3.712835162878036499e-02
1.021357849240303040e-01
7.077262550592422485e-02
1.625191420316696167e-02
6.321495771408081055e-02
-1.354344636201858521e-01
3.097076416015625000e-01
-2.607036568224430084e-02
1.534226685762405396e-01
6.765038520097732544e-02
7.366135716438293457e-02
7.843507081270217896e-02
1.435943692922592163e-01
7.284849137067794800e-02
1.021928861737251282e-01
2.888627946376800537e-01
1.645001471042633057e-01
-1.119988486170768738e-01
9.221686422824859619e-02
1.239290609955787659e-01
7.203853223472833633e-03
1.253653317689895630e-01
1.949311979115009308e-02
1.746331155300140381e-01
1.380332410335540771e-01
1.949867010116577148e-01
7.076312787830829620e-03
2.525798417627811432e-02
2.247080206871032715e-02
-2.590233646333217621e-02
1.066828668117523193e-01
-1.484026480466127396e-02
1.141771115362644196e-02
-5.444712564349174500e-02
1.169287413358688354e-01
-5.893235281109809875e-02
2.134685516357421875e-01
1.548398733139038086e-01
-5.967165157198905945e-02
-9.616532362997531891e-03
5.133752152323722839e-02
4.638992249965667725e-02
-2.152368575334548950e-01
1.313180625438690186e-01
-2.933099120855331421e-02
2.530176937580108643e-02
2.973336279392242432e-01
1.958093196153640747e-01
4.771507810801267624e-03
1.416487693786621094e-01
5.419006571173667908e-03
1.563309691846370697e-02
1.791281253099441528e-02
-6.189351901412010193e-03
1.394874453544616699e-01
8.997007273137569427e-03
1.101008709520101547e-02
2.354995347559452057e-02
-1.105977073311805725e-01
2.964347414672374725e-02
-6.028554588556289673e-02
-3.297080844640731812e-02
1.976521462202072144e-01
4.072104394435882568e-01
1.128343045711517334e-01
1.641688309609889984e-02
-1.797990798950195312e-01
-1.494993641972541809e-02
1.242922767996788025e-01
3.366666734218597412e-01
5.567188188433647156e-02
8.690105378627777100e-02
3.120715916156768799e-01
1.939270943403244019e-01
8.410789072513580322e-02
1.671438813209533691e-01
-2.959927730262279510e-02
8.420091867446899414e-02
1.053364947438240051e-02
7.706273347139358521e-02
2.815339714288711548e-03
8.490561693906784058e-02
1.382165998220443726e-01
5.204701051115989685e-02
-4.543290659785270691e-02
3.766573965549468994e-02
-1.087395846843719482e-01
1.214032620191574097e-01
9.364226460456848145e-02
8.780725300312042236e-02
1.769938021898269653e-01
7.490288116969168186e-04
-5.948779731988906860e-02
-1.333946138620376587e-01
1.224170327186584473e-01
1.998049765825271606e-01
7.373744249343872070e-02
1.580324470996856689e-01
7.112835347652435303e-02
1.986742317676544189e-01
1.142903268337249756e-01
1.079295426607131958e-01
2.741887271404266357e-01
3.967396169900894165e-02
-1.002597808837890625e-02
-2.580400183796882629e-02
1.241652574390172958e-02
8.865366876125335693e-02
-7.326208800077438354e-02
4.410671442747116089e-02
4.237753897905349731e-02
3.364431113004684448e-02
1.691919169388711452e-04
1.631909608840942383e-01
2.600722908973693848e-01
3.366246223449707031e-01
9.053566306829452515e-02
6.611379235982894897e-02
-1.186959668993949890e-01
5.010467022657394409e-02
-1.271094232797622681e-01
8.280216157436370850e-02
2.319470793008804321e-01
-1.756495982408523560e-02
7.958696037530899048e-02
-6.211711559444665909e-03
1.133671179413795471e-01
1.317450255155563354e-01
-9.185071289539337158e-02
1.030688732862472534e-01
2.978701889514923096e-01
1.183100938796997070e-01
-1.819720566272735596e-01
9.768531471490859985e-02
5.592651292681694031e-02
1.730867922306060791e-01
6.958223134279251099e-02
-5.489180237054824829e-02
-5.182457622140645981e-03
7.084791362285614014e-02
1.440574824810028076e-01
7.982600480318069458e-02
3.844053745269775391e-01
7.657265663146972656e-02
9.689867496490478516e-02
2.196510285139083862e-01
1.942254006862640381e-01
1.288070082664489746e-01
5.788617134094238281e-01
-2.309160530567169189e-01
3.399962186813354492e-01
2.170891761779785156e-01
3.751370310783386230e-01
6.810585409402847290e-02
2.377365082502365112e-01
-1.007439121603965759e-01
1.379598677158355713e-01
2.785542011260986328e-01
3.249934613704681396e-01
3.008199036121368408e-01
1.431927829980850220e-01
8.757022023200988770e-02
6.243212521076202393e-02
3.984535932540893555e-01
3.793731033802032471e-01
-7.877006530761718750e-01
2.254933565855026245e-01
3.762528002262115479e-01
6.669961661100387573e-02
1.890034228563308716e-01
9.460402280092239380e-02
-6.616709232330322266e-01
-1.093243062496185303e-01
1.180889457464218140e-01
5.924050807952880859e-01
3.884638547897338867e-01
4.083173573017120361e-01
3.107950091361999512e-01
2.026485800743103027e-01
3.626104295253753662e-01
-2.855078279972076416e-01
5.662096291780471802e-02
3.882329463958740234e-01
4.287457466125488281e-01
3.028030693531036377e-01
2.993483543395996094e-01
-2.328170239925384521e-01
-5.001707747578620911e-02
2.178321778774261475e-01
2.444008141756057739e-01
2.083212435245513916e-01
-1.108447760343551636e-01
4.734750688076019287e-01
6.566367298364639282e-02
5.520024299621582031e-01
2.885960042476654053e-01
4.566432442516088486e-03
-2.301989793777465820e-01
3.223701417446136475e-01
6.814697384834289551e-01
1.528292298316955566e-01
3.985970020294189453e-01
3.032391965389251709e-01
-6.633146852254867554e-02
1.094838380813598633e-01
4.446733295917510986e-01
2.837068736553192139e-01
-7.649894058704376221e-02
4.211984872817993164e-01
3.316545486450195312e-01
2.848450839519500732e-01
2.818842232227325439e-01
1.694965362548828125e-01
-3.021408915519714355e-01
2.509245872497558594e-01
2.467016726732254028e-01
3.778100609779357910e-01
4.318065643310546875e-01
3.966984450817108154e-01
-5.120092034339904785e-01
4.145368933677673340e-01
-1.492795497179031372e-01
-1.663465350866317749e-01
-3.353520929813385010e-01
2.616094052791595459e-01
1.608196198940277100e-01
3.466670215129852295e-01
-1.555851101875305176e-01
4.100344479084014893e-01
-4.449814930558204651e-02
-2.252990007400512695e-01
2.116945832967758179e-01
5.067127346992492676e-01
3.165011703968048096e-01
3.976096212863922119e-01
2.892639935016632080e-01
-2.879024147987365723e-01
7.802683860063552856e-02
2.134761214256286621e-01
-3.447203636169433594e-01
8.959545940160751343e-02
2.001203596591949463e-01
4.082676768302917480e-02
5.378820374608039856e-02
1.843173950910568237e-01
5.295129865407943726e-02
2.975053191184997559e-01
3.080089688301086426e-01
3.735190331935882568e-01
-3.532914221286773682e-01
9.939420223236083984e-02
2.186319828033447266e-01
-3.797551244497299194e-02
3.239710032939910889e-01
1.873449087142944336e-01
4.568416774272918701e-01
1.804768145084381104e-01
3.149263188242912292e-02
3.221290707588195801e-01
4.242962896823883057e-01
3.060368895530700684e-01
3.173905313014984131e-01
1.244350597262382507e-01
-2.810002565383911133e-01
9.960595518350601196e-02
2.041011750698089600e-01
1.978819370269775391e-01
2.728329896926879883e-01
1.390395462512969971e-01
3.238648921251296997e-02
-8.141770958900451660e-02
2.656379342079162598e-01
1.267145127058029175e-01
4.114623069763183594e-01
3.988246917724609375e-01
6.274506915360689163e-03
3.387842476367950439e-01
9.920027852058410645e-02
-9.545187652111053467e-02
5.495401844382286072e-02
2.727548480033874512e-01
-5.427449941635131836e-01
5.689727067947387695e-01
1.996943205595016479e-01
-2.443265020847320557e-01
-1.458417028188705444e-01
-4.429389536380767822e-02
5.360365509986877441e-01
4.527629539370536804e-02
1.995077729225158691e-01
2.290638387203216553e-01
1.897056996822357178e-01
-2.558141015470027924e-02
-8.386374264955520630e-02
1.347658336162567139e-01
-5.866644531488418579e-02
1.686825007200241089e-01
1.484426707029342651e-01
1.213339716196060181e-01
-1.530221402645111084e-01
7.766418159008026123e-02
-2.387774586677551270e-01
7.520033419132232666e-02
1.123717799782752991e-01
2.122480794787406921e-02
-2.552401721477508545e-01
3.449662625789642334e-01
-6.044951081275939941e-02
-1.111477315425872803e-01
1.519197970628738403e-01
-3.454799950122833252e-02
1.000099927186965942e-01
3.003832399845123291e-01
1.417587250471115112e-01
7.307320833206176758e-02
-7.280798163264989853e-03
7.064159214496612549e-02
3.916900232434272766e-02
-3.274714648723602295e-01
1.947000175714492798e-01
2.517251111567020416e-02
-2.057304531335830688e-01
2.965751104056835175e-02
1.034463569521903992e-01
-3.211185038089752197e-01
-6.570646911859512329e-02
2.831357158720493317e-02
5.718838796019554138e-02
1.862572878599166870e-01
1.151988133788108826e-01
1.011563744395971298e-02
-3.604742139577865601e-02
-6.432247906923294067e-02
-4.486549645662307739e-02
-1.006934195756912231e-01
-7.758169621229171753e-02
1.115010157227516174e-01
-1.130587309598922729e-01
-4.033927246928215027e-02
-1.472973972558975220e-01
-2.425615340471267700e-01
-7.522062212228775024e-02
-3.418990969657897949e-02
-1.177484095096588135e-01
1.833796203136444092e-01
-6.366172432899475098e-02
-5.563598126173019409e-02
2.353892847895622253e-02
-1.437431722879409790e-01
1.709862728603184223e-03
-3.337943926453590393e-02
4.362445324659347534e-02
3.905575722455978394e-03
2.964642941951751709e-01
7.979358732700347900e-02
3.729023411870002747e-02
1.306595504283905029e-01
1.996361315250396729e-01
1.176194939762353897e-02
1.964971423149108887e-01
-3.107659891247749329e-02
-3.347676992416381836e-02
3.132842183113098145e-01
-1.807228624820709229e-01
-4.110505059361457825e-02
1.459820121526718140e-01
1.325285583734512329e-01
-4.716092348098754883e-02
-7.191685028374195099e-03
2.878528535366058350e-01
-3.886054456233978271e-02
1.102274432778358459e-01
3.663913011550903320e-01
1.806682050228118896e-01
-1.324479579925537109e-01
-4.994377493858337402e-02
-5.419274792075157166e-03
-3.432376682758331299e-01
2.725970745086669922e-01
-4.174757897853851318e-01
1.469258815050125122e-01
-2.345106750726699829e-02
-6.299111992120742798e-02
-8.342843502759933472e-02
8.122868835926055908e-02
1.481364816427230835e-01
8.427681773900985718e-02
-2.343428283929824829e-01
-1.108455471694469452e-02
1.206169575452804565e-01
4.230850934982299805e-02
-2.047872245311737061e-01
-6.413986533880233765e-02
-4.739635065197944641e-02
-8.898503333330154419e-02
-1.866340339183807373e-01
-1.800994277000427246e-01
6.861084699630737305e-02
1.124909147620201111e-01
3.208529055118560791e-01
-5.220948457717895508e-01
-4.090701416134834290e-02
-2.327331006526947021e-01
-2.996642375364899635e-03
1.436526626348495483e-01
1.074882522225379944e-01
6.807270459830760956e-03
-3.233001381158828735e-02
-1.240004226565361023e-01
-7.847003638744354248e-02
-1.824803836643695831e-02
2.263192273676395416e-02
1.704741865396499634e-01
-2.211393862962722778e-01
-9.342503547668457031e-02
3.663276880979537964e-02
-2.186219207942485809e-02
-4.366420209407806396e-01
-1.419104337692260742e-01
3.022572025656700134e-02
1.488719433546066284e-01
-3.855773061513900757e-02
2.742952108383178711e-01
-2.141264379024505615e-01
1.755007356405258179e-01
-1.024755164980888367e-01
-7.372955232858657837e-02
1.938840933144092560e-02
8.198173344135284424e-02
1.511218212544918060e-02
-1.512387096881866455e-01
2.827307283878326416e-01
-8.361934125423431396e-02
-4.857541248202323914e-02
2.619723677635192871e-01
9.529189020395278931e-02
-1.565755456686019897e-01
1.156449243426322937e-01
1.104598492383956909e-01
-8.901792764663696289e-02
-4.528179019689559937e-02
7.524146139621734619e-02
1.605972796678543091e-01
5.344786867499351501e-02
-2.182498276233673096e-01
