-8.704138547182083130e-02
7.761198282241821289e-02
-7.264182716608047485e-02
1.114229783415794373e-01
-2.102479636669158936e-01
2.461898373439908028e-03
1.425052061676979065e-02
4.691182821989059448e-02
-8.948197960853576660e-02
6.352432817220687866e-02
3.905614372342824936e-03
1.829694956541061401e-01
-1.826682314276695251e-02
5.383448302745819092e-02
3.758334368467330933e-02
4.018758609890937805e-02
2.362759113311767578e-01
1.929890066385269165e-01
8.881551027297973633e-02
1.572530269622802734e-01
2.574921548366546631e-01
9.871719032526016235e-02
-1.394670158624649048e-01
2.982282079756259918e-02
1.016040518879890442e-01
-4.914541915059089661e-02
6.435585767030715942e-02
-2.309383265674114227e-02
9.475579857826232910e-02
1.297525018453598022e-01
1.870972216129302979e-01
-1.043671555817127228e-02
2.888487838208675385e-02
-7.715511322021484375e-02
7.376222312450408936e-02
8.126419782638549805e-02
4.645504802465438843e-02
6.731354445219039917e-02
8.885768800973892212e-02
1.394703537225723267e-01
-1.041242629289627075e-01
9.246762096881866455e-02
9.430573135614395142e-02
-1.007422730326652527e-01
-6.614019721746444702e-02
1.910774037241935730e-03
-4.130026325583457947e-02
-1.946112364530563354e-01
3.825598163530230522e-03
-5.780459195375442505e-02
6.486354023218154907e-02
2.718383967876434326e-01
1.533187329769134521e-01
7.346275448799133301e-02
1.467777490615844727e-01
4.560422617942094803e-03
3.794533386826515198e-02
-1.770924404263496399e-02
3.282931074500083923e-02
1.896826922893524170e-01
-4.959486797451972961e-02
5.900501459836959839e-02
-8.851040154695510864e-02
-2.316618710756301880e-02
-1.405941694974899292e-02
-6.626427918672561646e-02
5.981903150677680969e-02
1.651331186294555664e-01
3.528412878513336182e-01
-3.380176052451133728e-02
-1.076795451808720827e-04
-2.055802941322326660e-01
4.274158552289009094e-02
1.061470154672861099e-02
2.549940943717956543e-01
7.392548769712448120e-02
4.676494374871253967e-02
2.138532698154449463e-01
2.543782591819763184e-01
5.924592539668083191e-02
1.617358922958374023e-01
-9.384002769365906715e-04
-2.812962979078292847e-02
1.074827089905738831e-02
2.111290544271469116e-01
-9.707038104534149170e-02
8.353765122592449188e-03
7.074415683746337891e-02
1.373905837535858154e-01
-1.730925776064395905e-02
8.607530593872070312e-02
-1.131641343235969543e-01
4.919464886188507080e-02
9.199583530426025391e-02
6.919980049133300781e-02
6.089626252651214600e-02
6.912911683320999146e-02
2.021499676629900932e-03
-3.385913372039794922e-02
1.180382966995239258e-01
1.711174696683883667e-01
7.832939922809600830e-02
1.185811087489128113e-01
-6.869111955165863037e-02
1.712141931056976318e-01
2.255015969276428223e-01
5.681246891617774963e-02
2.682053446769714355e-01
8.943961560726165771e-02
-9.779065847396850586e-02
9.655255079269409180e-02
-2.993055060505867004e-02
3.643796220421791077e-02
4.015664383769035339e-02
-8.882666379213333130e-02
3.581435605883598328e-02
4.167934879660606384e-02
4.012077581137418747e-03
9.662123024463653564e-02
2.258844375610351562e-01
2.345327138900756836e-01
1.112886369228363037e-01
1.042710170149803162e-01
-8.993508666753768921e-02
8.453052490949630737e-02
-8.107362315058708191e-03
2.116181887686252594e-03
2.015057951211929321e-01
-2.637559920549392700e-02
9.586013108491897583e-02
2.978240326046943665e-02
1.190816834568977356e-01
6.232376024127006531e-02
-7.790267467498779297e-02
-5.056580994278192520e-03
3.153430521488189697e-01
2.130484580993652344e-01
-2.004912942647933960e-01
1.617425978183746338e-01
3.861894458532333374e-02
1.549285650253295898e-01
4.062295705080032349e-02
-5.433243885636329651e-02
4.712507873773574829e-02
1.229163073003292084e-02
1.273448616266250610e-01
8.115823566913604736e-02
2.672142386436462402e-01
1.014229580760002136e-01
1.729208230972290039e-01
2.376632839441299438e-01
2.547520995140075684e-01
5.845054611563682556e-02
6.241305470466613770e-01
-9.158426523208618164e-02
4.312241673469543457e-01
2.737610042095184326e-01
3.250475227832794189e-01
-1.544212736189365387e-02
3.387370705604553223e-01
-1.930817067623138428e-01
2.503359019756317139e-01
2.122552692890167236e-01
3.759573698043823242e-01
2.954745292663574219e-01
2.796817123889923096e-01
1.438472867012023926e-01
5.068387463688850403e-02
3.165816664695739746e-01
2.784071564674377441e-01
-7.253868579864501953e-01
2.821722328662872314e-01
4.035517275333404541e-01
-3.147429600358009338e-02
1.314380466938018799e-01
1.042571514844894409e-01
-6.567755341529846191e-01
-1.054519936442375183e-01
4.475921764969825745e-02
5.347803831100463867e-01
4.483347535133361816e-01
3.873195946216583252e-01
3.121987283229827881e-01
1.828016489744186401e-01
3.482380211353302002e-01
-2.341476976871490479e-01
1.021333882817998528e-04
4.211176931858062744e-01
5.664442777633666992e-01
2.915230989456176758e-01
2.276425063610076904e-01
-2.958317697048187256e-01
-9.553722292184829712e-02
2.359098792076110840e-01
2.453792691230773926e-01
2.412247359752655029e-01
-9.737718850374221802e-02
4.126709103584289551e-01
2.792754583060741425e-02
4.733222723007202148e-01
2.691228687763214111e-01
7.707262877374887466e-03
-2.883487939834594727e-01
4.195635616779327393e-01
5.947799682617187500e-01
1.544400304555892944e-01
2.826802730560302734e-01
2.835840880870819092e-01
-1.053485199809074402e-01
1.486651450395584106e-01
4.118711352348327637e-01
3.873367607593536377e-01
-1.115812435746192932e-01
4.124938249588012695e-01
3.011294007301330566e-01
3.334327042102813721e-01
2.829387784004211426e-01
2.889996767044067383e-01
-3.856093585491180420e-01
3.146932423114776611e-01
1.952927112579345703e-01
4.300479292869567871e-01
4.268458485603332520e-01
2.681916654109954834e-01
-5.188689827919006348e-01
3.333206474781036377e-01
-2.129466235637664795e-01
-2.161576151847839355e-01
-2.317668348550796509e-01
2.140392065048217773e-01
2.424021959304809570e-01
4.522521495819091797e-01
-1.930671781301498413e-01
2.976483702659606934e-01
-9.510199725627899170e-02
-2.726342976093292236e-01
2.270917445421218872e-01
5.429515838623046875e-01
3.893237709999084473e-01
3.483785390853881836e-01
3.064058125019073486e-01
-1.877607107162475586e-01
2.174366731196641922e-03
2.191795706748962402e-01
-2.735994458198547363e-01
7.576623558998107910e-02
1.637550294399261475e-01
-2.413083985447883606e-02
9.997818619012832642e-02
9.899595379829406738e-02
-2.829839475452899933e-02
2.581423521041870117e-01
2.136782109737396240e-01
3.685889244079589844e-01
-2.620016634464263916e-01
1.449956297874450684e-01
2.599823772907257080e-01
-7.143657654523849487e-02
3.142215013504028320e-01
2.203038483858108521e-01
4.719767868518829346e-01
2.158898562192916870e-01
6.281211972236633301e-02
3.473404645919799805e-01
3.147456645965576172e-01
2.271679043769836426e-01
3.029680848121643066e-01
1.980722993612289429e-01
-2.457009106874465942e-01
2.009553648531436920e-02
1.700940728187561035e-01
1.469964385032653809e-01
2.339117527008056641e-01
1.248221769928932190e-01
-6.132682040333747864e-02
5.919041484594345093e-02
3.309949934482574463e-01
1.620587706565856934e-01
4.427947700023651123e-01
3.580435812473297119e-01
-5.797146353870630264e-03
2.516738474369049072e-01
6.791681796312332153e-02
-1.678379625082015991e-01
1.603920161724090576e-01
2.185988575220108032e-01
-4.522300064563751221e-01
5.451686382293701172e-01
1.048797443509101868e-01
-1.196124628186225891e-01
-1.860633641481399536e-01
-1.100819855928421021e-01
5.400137901306152344e-01
8.475023508071899414e-02
2.287556231021881104e-01
8.195330947637557983e-02
2.022003829479217529e-01
1.798271201550960541e-03
-5.732094869017601013e-02
6.379634886980056763e-02
1.188770979642868042e-01
8.347820490598678589e-02
-5.884963274002075195e-01
3.003487177193164825e-02
-2.280635526403784752e-03
-2.020215243101119995e-01
-2.499568462371826172e-01
-4.862863197922706604e-02
1.627331525087356567e-01
-2.815189361572265625e-01
-6.141500473022460938e-01
8.221330121159553528e-03
-8.768291026353836060e-02
4.620702937245368958e-02
1.240427047014236450e-01
1.984519138932228088e-02
3.611826002597808838e-01
1.903236210346221924e-01
8.771032840013504028e-02
1.275558024644851685e-01
1.423461288213729858e-01
2.101416587829589844e-01
-9.189071506261825562e-02
-9.591024518013000488e-01
-3.377401456236839294e-02
3.541157767176628113e-02
8.634169399738311768e-02
-2.818062305450439453e-01
-1.362864375114440918e-01
1.411618385463953018e-02
1.010949313640594482e-01
-6.687087565660476685e-02
-2.310208044946193695e-02
4.673277735710144043e-01
-7.734541594982147217e-02
-1.560569554567337036e-01
2.979685366153717041e-02
6.330387294292449951e-02
-5.289854109287261963e-02
3.067376790568232536e-03
-1.379334330558776855e-01
-4.091342091560363770e-01
-2.444926202297210693e-01
1.608382314443588257e-01
-1.325989216566085815e-01
-1.860612630844116211e-01
-7.632705848664045334e-03
8.853498846292495728e-03
1.318964064121246338e-01
3.011422455310821533e-01
7.075331360101699829e-02
1.210113391280174255e-01
-4.830252528190612793e-01
-7.466293126344680786e-02
1.534597873687744141e-01
-1.707376539707183838e-02
-2.191668152809143066e-01
-9.078166633844375610e-02
5.695055723190307617e-01
-8.020667731761932373e-02
6.358645111322402954e-02
8.831753581762313843e-02
3.629761636257171631e-01
-8.897335268557071686e-03
4.191472753882408142e-02
-4.096871614456176758e-02
-2.062075026333332062e-02
3.269459307193756104e-01
-5.695014819502830505e-02
3.188904747366905212e-02
5.714060738682746887e-02
6.657551229000091553e-02
-3.430922701954841614e-02
1.890906393527984619e-01
1.908640563488006592e-01
-3.685509786009788513e-02
-4.989434778690338135e-02
1.786566972732543945e-01
4.476765692234039307e-01
-2.883840501308441162e-01
1.821158975362777710e-01
1.157880276441574097e-01
3.918141126632690430e-01
-2.441715002059936523e-01
-3.179893493652343750e-01
-5.482224747538566589e-02
-6.229244172573089600e-02
1.276834905147552490e-01
1.470535099506378174e-01
8.302780240774154663e-02
1.133360490202903748e-01
-2.178430855274200439e-01
2.307116091251373291e-01
7.470365613698959351e-02
-5.482396483421325684e-01
-1.206917315721511841e-01
-2.021112293004989624e-01
-4.147445410490036011e-02
7.973556965589523315e-02
1.195512637495994568e-01
-2.101337760686874390e-01
-2.368734478950500488e-01
3.237656131386756897e-02
1.258135139942169189e-01
1.605196148157119751e-01
-7.871731519699096680e-01
1.357600465416908264e-02
-5.114284157752990723e-01
-1.104170531034469604e-01
3.145296871662139893e-01
8.439411967992782593e-02
-7.223303616046905518e-02
-1.645138263702392578e-01
-1.613670587539672852e-01
-8.270230889320373535e-02
6.145232170820236206e-02
4.771495237946510315e-02
1.327050030231475830e-01
-4.015801846981048584e-02
8.722429163753986359e-03
8.966992050409317017e-02
-7.564595434814691544e-03
-3.222434222698211670e-01
-1.359824389219284058e-01
-4.526514112949371338e-01
3.171148300170898438e-01
-1.847116947174072266e-01
4.263744354248046875e-01
-4.424480795860290527e-01
1.618195921182632446e-01
4.483191370964050293e-01
-1.120543032884597778e-01
-2.134251408278942108e-02
-1.176828518509864807e-01
-1.582359224557876587e-01
3.460415601730346680e-01
5.222491025924682617e-01
-7.262498140335083008e-02
7.011180371046066284e-02
4.645474255084991455e-02
3.823580741882324219e-01
-2.721201181411743164e-01
3.483705222606658936e-01
3.405545949935913086e-01
-4.060904681682586670e-02
-5.779334902763366699e-01
2.161468267440795898e-01
-7.066563516855239868e-02
1.398573219776153564e-01
-8.983709663152694702e-02
