2.905518934130668640e-02
9.342315606772899628e-03
-7.469708919525146484e-01
-8.497610092163085938e-01
1.586072593927383423e-01
6.198594570159912109e-01
3.150984942913055420e-01
8.220414817333221436e-02
-1.002191230654716492e-01
6.506335139274597168e-01
-3.658063709735870361e-01
1.246937155723571777e+00
2.157243490219116211e+00
-2.527596354484558105e-01
-2.672493755817413330e-01
6.084451675415039062e-01
-1.890370100736618042e-01
6.648439168930053711e-02
-5.797507762908935547e-01
-1.711113937199115753e-02
-3.744370043277740479e-01
-2.004422247409820557e-01
-2.162732183933258057e-01
-1.184351086616516113e+00
-7.968460023403167725e-02
-6.938703656196594238e-01
-1.691835820674896240e-01
1.704147756099700928e-01
-6.027805618941783905e-03
-2.570801377296447754e-01
-1.378455758094787598e-01
-5.247457027435302734e-01
-1.167294383049011230e+00
-2.706503868103027344e-01
-4.501572549343109131e-01
-1.811564899981021881e-02
4.693277776241302490e-01
1.664307266473770142e-01
-3.066687881946563721e-01
-1.973788589239120483e-01
1.824394315481185913e-01
-4.480789899826049805e-01
-5.986182093620300293e-01
-2.928586602210998535e-01
1.352164506912231445e+00
-4.534207880496978760e-01
-4.134162902832031250e+00
-5.717088934034109116e-03
-2.066164165735244751e-01
4.918118119239807129e-01
-3.569048345088958740e-01
6.056962490081787109e+00
-2.294604480266571045e-01
2.658503055572509766e-01
-3.595558404922485352e-01
2.653352618217468262e-01
-4.882830977439880371e-01
2.407261878252029419e-01
1.632938832044601440e-01
-2.636974453926086426e-01
-4.365814924240112305e-01
1.006663918495178223e+00
-2.258351445198059082e-01
1.261180341243743896e-01
5.945010185241699219e-01
3.423867523670196533e-01
2.077451497316360474e-01
-1.703064143657684326e-01
1.262799054384231567e-01
-1.351299643516540527e+00
1.704787611961364746e-01
6.162276864051818848e-02
7.684782147407531738e-02
6.311113834381103516e-01
9.937879443168640137e-02
2.030394822359085083e-01
-2.669268548488616943e-01
-1.161734685301780701e-01
1.508646607398986816e-01
4.464161992073059082e-01
1.498904228210449219e-01
3.622182309627532959e-01
-7.715381383895874023e-01
3.503506481647491455e-01
1.473359167575836182e-01
-2.210617959499359131e-01
1.446060538291931152e-01
-1.460344493389129639e-01
5.878580212593078613e-01
2.811966538429260254e-01
3.125206381082534790e-02
3.087584078311920166e-01
4.241378307342529297e-01
1.370462179183959961e-01
4.534939527511596680e-01
-8.643499761819839478e-02
3.434028923511505127e-01
3.949179053306579590e-01
-2.244659066200256348e-01
2.045077383518218994e-01
3.371307253837585449e-01
-1.612470746040344238e-01
2.609829306602478027e-01
-1.912196159362792969e+00
3.440810739994049072e-01
-1.132537245750427246e+00
-2.361737012863159180e+00
-6.127318143844604492e-01
-3.662204369902610779e-03
1.411055475473403931e-01
7.817722111940383911e-02
-1.289692223072052002e-01
2.630763649940490723e-01
-8.089046478271484375e-01
3.709798753261566162e-01
5.298840403556823730e-01
1.269181072711944580e-01
4.335241317749023438e-01
2.020902186632156372e-01
2.587475478649139404e-01
7.163494080305099487e-02
2.018503844738006592e-01
-1.953924000263214111e-01
1.317693036980926991e-03
-1.742209345102310181e-01
-1.483549952507019043e+00
1.526757329702377319e-01
4.095421433448791504e-01
-1.020686775445938110e-01
-7.162673771381378174e-02
-4.900068789720535278e-02
4.820875078439712524e-02
2.053455561399459839e-01
-3.609108552336692810e-02
-3.776698932051658630e-02
-5.513241514563560486e-03
1.829450279474258423e-01
1.579486578702926636e-01
-3.113677911460399628e-02
2.529644370079040527e-01
-3.947529569268226624e-02
1.255863346159458160e-02
5.314760282635688782e-02
-3.042079694569110870e-02
3.897031303495168686e-03
-2.612623199820518494e-02
3.462758660316467285e-02
3.958203364163637161e-03
-5.290415138006210327e-02
2.794273495674133301e-01
1.595025807619094849e-01
6.755129899829626083e-03
-9.036298096179962158e-02
3.519281977787613869e-03
-7.061153301037847996e-04
1.492413878440856934e-01
-9.036672860383987427e-02
-3.395986557006835938e-02
-5.728011578321456909e-02
-1.333483308553695679e-01
-2.924523316323757172e-02
1.148631498217582703e-01
-1.424008160829544067e-01
2.045746296644210815e-01
-5.404658988118171692e-02
1.937740296125411987e-02
-3.668220937252044678e-01
-3.408810123801231384e-03
2.398298494517803192e-02
-2.141409553587436676e-02
1.371132731437683105e-01
3.758412972092628479e-02
1.502859499305486679e-02
6.596089899539947510e-02
7.300327718257904053e-02
1.573669761419296265e-01
4.385871347039937973e-03
-4.658890515565872192e-02
2.818373441696166992e-01
-2.947264611721038818e-01
3.050001896917819977e-02
1.865651831030845642e-02
5.168991908431053162e-02
-1.088474690914154053e-01
4.905436187982559204e-02
2.692466974258422852e-01
-4.971583932638168335e-02
1.360323559492826462e-02
2.366188019514083862e-01
-3.704115375876426697e-02
-2.129028290510177612e-01
-2.626569196581840515e-02
-3.548728227615356445e-01
1.044375151395797729e-01
2.401928186416625977e+00
-2.597805559635162354e-01
-1.039531975984573364e-01
1.637957930564880371e+00
1.596202254295349121e-01
3.882816731929779053e-01
2.546138167381286621e-01
-1.813636347651481628e-02
4.250267148017883301e-01
2.232640027999877930e+00
5.890502333641052246e-01
-2.143677920103073120e-01
4.725440964102745056e-02
7.139264047145843506e-02
2.114320039749145508e+00
-8.601745963096618652e-02
-1.564176201820373535e+00
9.543328285217285156e-01
2.935235798358917236e-01
4.030727386474609375e+00
9.174130856990814209e-02
4.450074434280395508e-01
1.978247016668319702e-01
3.228495121002197266e+00
7.947829961776733398e-01
4.358037114143371582e-01
-2.528459206223487854e-02
-3.419024646282196045e-01
2.366913706064224243e-01
5.786109566688537598e-01
4.183957576751708984e-01
-4.629875421524047852e-01
1.224985003471374512e+00
2.420875877141952515e-01
2.289771586656570435e-01
-2.527862489223480225e-01
4.639014303684234619e-01
-9.568018317222595215e-01
-7.295295596122741699e-02
2.761155553162097931e-02
2.388307809829711914e+00
2.226441144943237305e+00
2.614770233631134033e-01
9.942635893821716309e-02
-4.031975269317626953e-01
4.621940851211547852e-01
2.599048912525177002e-01
1.772987008094787598e+00
-3.295534551143646240e-01
2.872618734836578369e-01
3.669064342975616455e-01
1.443263441324234009e-01
1.165283247828483582e-01
1.504834890365600586e-01
9.738974571228027344e-01
8.376389145851135254e-01
-1.738793030381202698e-02
4.094302356243133545e-01
7.436602711677551270e-01
3.457462787628173828e-01
1.286197543144226074e+00
1.440529078245162964e-01
