3.477486222982406616e-02
-1.732103526592254639e-02
7.282163482159376144e-03
-1.261411793529987335e-02
-1.069032866507768631e-02
-6.371979136019945145e-03
3.033850714564323425e-02
4.308054596185684204e-02
-7.228028494864702225e-03
-9.933642111718654633e-03
1.919135265052318573e-02
-2.586196176707744598e-03
1.452569011598825455e-02
4.849889315664768219e-03
1.035108417272567749e-02
-1.626198552548885345e-02
1.495003402851580177e-06
-4.870988894253969193e-03
-1.058078929781913757e-01
2.623975975438952446e-03
5.391680449247360229e-02
-1.997496746480464935e-02
-1.650667376816272736e-02
-6.492056697607040405e-02
7.083748932927846909e-03
-5.357766523957252502e-02
-9.990374743938446045e-02
-1.463556438684463501e-01
1.408767886459827423e-02
2.789694117382168770e-03
-6.843069195747375488e-02
-4.390011355280876160e-02
-1.842318847775459290e-02
-2.151950495317578316e-03
6.971102207899093628e-02
-1.432934659533202648e-03
5.497212335467338562e-02
4.137360304594039917e-02
2.269199118018150330e-02
-5.526130646467208862e-02
8.654845878481864929e-03
-6.137838214635848999e-02
1.012677624821662903e-01
-4.176328331232070923e-02
-1.116865198127925396e-03
5.152278390596620739e-05
1.057352498173713684e-01
1.550233736634254456e-02
2.705253660678863525e-03
5.318730697035789490e-02
-1.773797720670700073e-01
-7.330035790801048279e-03
-1.222033053636550903e-01
-2.334523946046829224e-03
8.531345054507255554e-03
4.052957892417907715e-02
1.351158320903778076e-02
1.933113858103752136e-02
8.012852631509304047e-04
-1.373780705034732819e-02
-6.966494768857955933e-02
2.108629606664180756e-02
-2.379644196480512619e-03
-4.677643254399299622e-02
1.843277178704738617e-02
2.779920212924480438e-02
-3.563100844621658325e-02
2.345562539994716644e-02
4.012682661414146423e-02
-3.904238343238830566e-03
-6.760037690401077271e-02
2.675519883632659912e-02
-1.041433867067098618e-02
-3.921670094132423401e-02
8.450628817081451416e-02
3.520699217915534973e-03
-4.256547987461090088e-02
-4.063114523887634277e-02
-1.565058343112468719e-02
5.426511168479919434e-02
6.586664170026779175e-02
8.906691277843492571e-07
-6.196658685803413391e-02
-4.540683701634407043e-03
-1.676721149124205112e-03
-1.777966320514678955e-02
-1.843490079045295715e-02
-4.889816627837717533e-04
-6.561863236129283905e-03
2.227079868316650391e-02
3.819819912314414978e-02
5.011453140468802303e-06
2.770412713289260864e-02
6.750594079494476318e-02
-4.768294095993041992e-02
1.084781438112258911e-02
1.272161118686199188e-02
-3.304564207792282104e-02
1.732884347438812256e-02
3.785160952247679234e-04
-9.543138556182384491e-03
-9.951627254486083984e-02
4.865023307502269745e-03
-9.984814096242189407e-04
-7.891979068517684937e-03
6.896296050399541855e-03
1.768094673752784729e-02
1.910175383090972900e-02
-8.060115505941212177e-04
-5.527486652135848999e-02
6.985806673765182495e-02
-9.505179710686206818e-03
2.920709550380706787e-02
-1.494016796350479126e-01
-2.923744358122348785e-02
1.757945679128170013e-02
1.712370291352272034e-02
-1.732673868536949158e-02
-1.946490630507469177e-02
1.660987921059131622e-02
-6.236308719962835312e-03
-9.546061977744102478e-03
-1.375770010054111481e-02
9.820298873819410801e-05
-1.644292026758193970e-01
-5.186176672577857971e-02
-3.892704471945762634e-02
-6.699359510093927383e-03
1.136136986315250397e-02
1.980805210769176483e-02
-7.866301387548446655e-02
7.496680598706007004e-03
1.389506366103887558e-02
1.242753043770790100e-01
-1.127409338951110840e-01
-1.534088328480720520e-02
-1.635783351957798004e-03
1.574255824089050293e-01
1.597805880010128021e-02
-3.148469328880310059e-02
-6.486264057457447052e-03
8.202563971281051636e-03
8.778047049418091774e-04
-2.028140239417552948e-02
-3.408059105277061462e-02
2.924369834363460541e-02
-1.630422472953796387e-02
8.611730299890041351e-03
-4.949372634291648865e-02
2.797055244445800781e-02
-6.467282027006149292e-02
-4.096928238868713379e-02
-7.137444615364074707e-02
2.689977362751960754e-02
2.264489609160591499e-07
-1.770763844251632690e-02
-4.699378833174705505e-02
2.241009269710048102e-06
-4.667551815509796143e-02
1.235645357519388199e-02
2.426936756819486618e-03
-3.826652094721794128e-02
2.558853849768638611e-02
-4.047847911715507507e-02
-2.637692727148532867e-02
4.181497171521186829e-02
-1.921316652442328632e-07
5.483090262714540586e-06
-1.384318807140516583e-06
-5.698164924979209900e-02
-2.652927674353122711e-02
-2.384804002940654755e-02
-6.139634024293627590e-06
3.648840263485908508e-02
-2.071906465062056668e-06
-5.788029171526432037e-03
1.970064640045166016e-02
4.282855987548828125e-02
-5.879093691874004435e-07
-1.813484728336334229e-02
1.687843166291713715e-02
-3.859027987346053123e-03
-2.315401161467889324e-06
2.377561479806900024e-02
2.976727858185768127e-02
2.179870754480361938e-02
6.222385913133621216e-03
-4.633398475561989471e-06
-5.709015298634767532e-03
1.175141460407758132e-05
-2.133986353874206543e-02
1.158889848738908768e-02
5.535920877264288720e-07
7.066652756293478888e-07
1.471128407865762711e-02
-4.425085708498954773e-02
-1.223230810865061358e-06
-9.107628216042940039e-07
-6.167279556393623352e-03
3.330743312835693359e-02
-6.750854481651913375e-06
-8.268821984529495239e-03
-6.782180435038753785e-07
-3.680134564638137817e-02
-5.394419655203819275e-02
2.451143413782119751e-02
-3.896604850888252258e-02
4.689559806138277054e-03
-4.391893526189960539e-06
-5.381167866289615631e-04
1.452389028600009624e-06
3.586842492222785950e-02
-2.024188637733459473e-02
-6.661166995763778687e-02
2.336091827601194382e-03
4.722517728805541992e-02
3.666596114635467529e-02
-1.469321887270780280e-06
7.041253411443904042e-07
-1.789977774024009705e-02
3.987918607890605927e-03
-8.961500227451324463e-02
-7.753910496830940247e-03
-7.177424151450395584e-03
-1.561204669997096062e-03
1.585936360061168671e-02
2.150980383157730103e-02
9.837049059569835663e-03
2.500421032891608775e-06
-1.223752181977033615e-02
-3.613899694755673409e-03
8.277070833173638675e-07
3.349898179294541478e-05
-2.520401721994858235e-06
-1.412128843367099762e-02
-2.664629137143492699e-03
5.012570909457281232e-05
-2.011531591415405273e-02
6.319912699837004766e-07
-7.414879277348518372e-03
-5.398309975862503052e-02
-3.725841816049069166e-05
1.459893118590116501e-02
3.760655596852302551e-02
1.769361188053153455e-05
-6.480963528156280518e-02
8.931526167543779593e-07
-1.041469909250736237e-02
9.433880448341369629e-02
1.954335857590194792e-05
4.235385917127132416e-03
-2.200156636536121368e-02
3.024006448686122894e-02
-7.050658576190471649e-03
-3.937442228198051453e-02
-1.563084311783313751e-02
-4.168676212430000305e-02
-2.035651914775371552e-02
-2.183776359743205830e-06
9.150282479822635651e-03
2.170252446376252919e-05
-1.350061316043138504e-02
-2.755382657051086426e-02
-4.979732239007716998e-06
-5.480953678488731384e-02
1.608052663505077362e-02
-3.008375642821192741e-04
-1.007319428026676178e-02
-2.445811778306961060e-02
-3.052086941897869110e-02
3.027710590686183423e-06
-1.866815425455570221e-02
1.159230829216539860e-03
-1.164939068257808685e-02
2.484899141563801095e-06
-5.509541369974613190e-04
-2.248318865895271301e-02
8.337496779859066010e-03
2.598960418254137039e-03
7.614999264478683472e-02
1.449763216078281403e-02
1.192346028983592987e-02
1.881046220660209656e-02
5.780034139752388000e-02
3.363122045993804932e-02
-3.355147317051887512e-02
2.377606870140880346e-05
8.004471659660339355e-03
-3.934089466929435730e-02
-1.740981824696063995e-02
-3.556165378540754318e-03
-3.197368467226624489e-03
-4.062986408825963736e-05
4.789971171703655273e-06
4.451652330317301676e-06
-5.631452798843383789e-02
-1.648748060688376427e-03
-4.132414236664772034e-02
-2.722226269543170929e-02
-1.286274939775466919e-02
8.658637851476669312e-02
-6.723412312567234039e-03
-3.857760876417160034e-02
-1.157446485012769699e-02
1.493852585554122925e-01
1.176323276013135910e-02
3.163471072912216187e-02
-1.143943704664707184e-02
1.515663601458072662e-02
-1.172743067145347595e-01
-7.375126238912343979e-03
8.874014019966125488e-02
2.211612835526466370e-02
-4.314767569303512573e-02
-4.842168092727661133e-02
4.653621464967727661e-03
2.939375676214694977e-02
-6.358995568007230759e-03
-3.959083929657936096e-02
-4.565036296844482422e-02
-7.420010864734649658e-03
-6.737633049488067627e-02
1.543817296624183655e-02
-1.545216143131256104e-02
2.497480958700180054e-01
2.894925698637962341e-02
-2.970453724265098572e-02
-2.054770849645137787e-02
1.163659244775772095e-01
-2.195459604263305664e-02
-7.342770695686340332e-02
4.650210216641426086e-02
-5.503121390938758850e-02
-3.773106634616851807e-02
5.011621490120887756e-02
-1.074563805013895035e-02
4.537851084023714066e-03
1.384248584508895874e-02
5.982534959912300110e-02
-3.622972965240478516e-02
5.921518430113792419e-02
4.293013736605644226e-02
-2.353419549763202667e-02
-2.392008900642395020e-02
3.080254979431629181e-02
2.984211966395378113e-02
2.146970294415950775e-02
2.674737386405467987e-02
8.335384540259838104e-03
7.567222695797681808e-03
3.404697775840759277e-02
-5.045794323086738586e-02
5.634341388940811157e-02
8.773842453956604004e-02
2.464608475565910339e-02
-2.942053787410259247e-02
-2.423803880810737610e-02
1.331834346055984497e-01
2.319165691733360291e-02
5.041534081101417542e-02
-7.374649494886398315e-02
2.718725800514221191e-02
-6.360238045454025269e-02
8.773415349423885345e-03
-2.237787656486034393e-02
-1.608204282820224762e-02
2.207852900028228760e-02
-9.927116334438323975e-04
1.473622769117355347e-02
-1.482338644564151764e-02
-1.650064066052436829e-02
6.302300840616226196e-02
-5.697958171367645264e-03
5.053059756755828857e-02
1.708623603917658329e-03
-2.104394324123859406e-02
1.068395841866731644e-02
2.651656977832317352e-02
-2.025045221671462059e-03
5.569578614085912704e-03
-4.853306338191032410e-02
-4.004281014204025269e-02
-1.399833615869283676e-02
-2.616827143356204033e-03
4.097767546772956848e-02
7.049462199211120605e-02
-1.246622484177350998e-02
6.570902466773986816e-02
-9.331533312797546387e-02
-5.055736005306243896e-02
-3.589910920709371567e-03
3.590290667489171028e-03
4.926963523030281067e-02
-1.098613962531089783e-01
-1.014073491096496582e-01
6.998156011104583740e-02
-1.229275669902563095e-02
1.073676720261573792e-01
1.242839470505714417e-01
-1.309266537427902222e-01
2.621187083423137665e-02
-6.244083400815725327e-03
-2.927420847117900848e-02
8.612872660160064697e-02
6.477491464465856552e-03
-2.772168815135955811e-02
1.724154804833233356e-03
-2.054517716169357300e-02
-7.541854679584503174e-02
3.447415307164192200e-02
-6.454219669103622437e-02
-1.075776387006044388e-02
1.152443066239356995e-01
-1.046373322606086731e-02
-2.395886741578578949e-02
8.372990041971206665e-02
-5.069906357675790787e-03
1.224326193332672119e-01
-5.056498944759368896e-02
-7.201877236366271973e-02
-7.801771163940429688e-02
-1.227716282010078430e-01
8.887583017349243164e-02
-1.429881602525711060e-01
4.090647026896476746e-02
3.749140724539756775e-02
4.728463664650917053e-02
-8.162571489810943604e-02
4.197100549936294556e-02
-2.772056125104427338e-02
1.140238251537084579e-02
-4.064396768808364868e-02
2.198141627013683319e-02
1.632423400878906250e-01
2.166493795812129974e-02
-6.321541033685207367e-03
-5.209244042634963989e-02
-5.617400165647268295e-03
2.582491748034954071e-02
-1.630362309515476227e-02
-3.683762333821505308e-04
1.231186017394065857e-01
-1.695569045841693878e-02
-9.512651711702346802e-02
-4.600696638226509094e-02
3.049810789525508881e-02
1.109856553375720978e-02
-7.449814677238464355e-02
2.473699301481246948e-02
1.936792023479938507e-02
