1.585911393165588379e+00
1.948330163955688477e+00
2.137483507394790649e-01
-9.784372895956039429e-02
3.840634822845458984e+00
1.130899906158447266e+00
1.294106602668762207e+00
1.321125507354736328e+00
2.387386560440063477e+00
2.072507381439208984e+00
1.842113018035888672e+00
8.874280452728271484e-01
1.999121069908142090e+00
2.529130935668945312e+00
4.722153842449188232e-01
3.704080581665039062e-01
9.038504600524902344e+00
1.909497857093811035e+00
1.878289580345153809e-01
4.668509662151336670e-01
-1.331905722618103027e-01
9.038240909576416016e-01
-1.215830147266387939e-01
1.277938038110733032e-01
3.558371305465698242e+00
-2.326272241771221161e-02
-2.592447996139526367e-01
7.676903605461120605e-01
2.271122932434082031e+00
1.718737006187438965e+00
5.682228803634643555e-01
6.809550523757934570e-01
2.013887643814086914e+00
7.941062450408935547e-01
1.201869249343872070e+00
6.965611577033996582e-01
1.123589158058166504e+00
5.695468187332153320e-01
-7.753486931324005127e-02
1.793918609619140625e+00
1.389423370361328125e+00
6.926568597555160522e-02
-3.858430087566375732e-01
2.139946371316909790e-01
3.866854012012481689e-01
2.906892776489257812e+00
3.662850558757781982e-01
1.112607479095458984e+00
1.533254027366638184e+00
9.653346538543701172e-01
-1.814110428094863892e-01
1.138234138488769531e+00
8.540483117103576660e-01
1.120206952095031738e+00
1.620931863784790039e+00
1.048848867416381836e+00
2.863756895065307617e+00
7.949704527854919434e-01
1.881674289703369141e+00
6.321912407875061035e-01
2.463266551494598389e-01
5.679731369018554688e-01
1.636371016502380371e+00
1.102445840835571289e+00
1.322567939758300781e+00
1.928170919418334961e+00
3.957363963127136230e-01
-5.323193073272705078e-01
-1.524563133716583252e-01
5.043177604675292969e-01
2.693059742450714111e-01
3.006270647048950195e+00
7.770723700523376465e-01
9.810905456542968750e-01
1.082337617874145508e+00
2.543975591659545898e+00
3.042835295200347900e-01
7.559864223003387451e-02
1.507006406784057617e+00
9.916353821754455566e-01
1.129849441349506378e-02
8.843373298645019531e+00
-1.682283473201096058e-03
-3.430027663707733154e-01
2.763285160064697266e+00
7.968444228172302246e-01
-2.914615571498870850e-01
1.565182447433471680e+00
1.257358431816101074e+00
5.787866711616516113e-01
9.456946849822998047e-01
8.661945343017578125e+00
4.364096522331237793e-01
6.211776137351989746e-01
5.986541509628295898e-01
3.138085842132568359e+00
5.525277853012084961e-01
1.703232049942016602e+00
2.743211030960083008e+00
4.064916610717773438e+00
1.143423318862915039e+00
-1.263953894376754761e-01
-1.068234920501708984e+00
2.521460533142089844e+00
1.458980321884155273e+00
9.552007317543029785e-01
5.911670327186584473e-01
1.891119837760925293e+00
8.107173919677734375e+00
9.609093666076660156e-01
1.008279800415039062e+00
3.355445861816406250e+00
7.660117000341415405e-02
-2.161478102207183838e-01
3.090198636054992676e-01
1.186393022537231445e+00
4.224912822246551514e-02
1.446398735046386719e+00
1.691737651824951172e+00
1.251864910125732422e+00
4.669428348541259766e+00
1.088503837585449219e+00
1.578552246093750000e+00
1.958003520965576172e+00
5.080767348408699036e-02
1.862164616584777832e+00
2.121659040451049805e+00
5.919739603996276855e-01
3.047660589218139648e+00
1.281041979789733887e+00
9.551271796226501465e-01
9.091138839721679688e-01
2.313982248306274414e+00
1.359669804573059082e+00
6.494997143745422363e-01
1.051656365394592285e+00
6.605375766754150391e+00
5.614156126976013184e-01
9.093190431594848633e-01
7.987961769104003906e-01
3.293029963970184326e-01
2.504780530929565430e+00
-4.310705885291099548e-02
7.803826928138732910e-01
1.176815271377563477e+00
6.766519695520401001e-02
-3.313562273979187012e-01
1.167487263679504395e+00
4.479172527790069580e-01
1.320523738861083984e+00
1.419989943504333496e+00
1.013423919677734375e+00
1.116845965385437012e+00
-3.146761953830718994e-01
-9.949179649353027344e+00
8.176420331001281738e-01
1.350818276405334473e+00
-9.655966758728027344e+00
9.349727034568786621e-01
9.586863517761230469e-01
1.303292989730834961e+00
1.490197777748107910e+00
9.730746746063232422e-01
1.439326047897338867e+00
1.105374813079833984e+00
1.296345710754394531e+00
-9.898237228393554688e+00
-8.155006408691406250e+00
-1.000555801391601562e+01
1.283696651458740234e+00
3.055445849895477295e-01
2.806338667869567871e-01
-9.946323394775390625e+00
5.595872998237609863e-01
-1.005449390411376953e+01
-2.496599912643432617e+00
-7.766901850700378418e-01
1.682244420051574707e+00
-1.032871818542480469e+01
1.311295866966247559e+00
-4.665756821632385254e-01
-1.577348113059997559e+00
-1.560325622558593750e+01
1.052722334861755371e+00
1.268984556198120117e+00
5.780621170997619629e-01
1.107796669006347656e+00
-9.940460205078125000e+00
1.097393751144409180e+00
-9.406620979309082031e+00
1.415238857269287109e+00
-1.999418258666992188e+00
-1.089215660095214844e+01
-1.035220718383789062e+01
2.709706425666809082e-01
9.976248145103454590e-01
-1.074208736419677734e+01
-1.014262008666992188e+01
9.406147599220275879e-01
8.824557065963745117e-01
-9.929923057556152344e+00
9.822040796279907227e-01
-9.863205909729003906e+00
7.874631881713867188e-01
1.011241316795349121e+00
1.262067079544067383e+00
9.518267512321472168e-01
-1.535933852195739746e+00
-9.969544410705566406e+00
5.007328987121582031e-01
-9.283973693847656250e+00
9.982398748397827148e-01
-7.734628915786743164e-01
1.056491613388061523e+00
1.332893371582031250e+00
1.398225426673889160e+00
1.098044633865356445e+00
-1.400124168395996094e+01
-1.082657051086425781e+01
8.985861539840698242e-01
-7.504099011421203613e-01
1.190452337265014648e+00
-8.713424205780029297e-01
1.153152585029602051e+00
-1.320027112960815430e+00
8.534640669822692871e-01
-4.507506191730499268e-01
-3.276041507720947266e+00
-9.426639556884765625e+00
8.240534067153930664e-01
1.281466841697692871e+00
-9.862520217895507812e+00
-9.743076324462890625e+00
-1.104400539398193359e+01
4.597721621394157410e-02
-4.931995391845703125e+00
-9.828556060791015625e+00
1.367188811302185059e+00
-1.549742507934570312e+01
-4.598048925399780273e-01
1.351852655410766602e+00
-9.832491874694824219e+00
1.507293462753295898e+00
9.737936258316040039e-01
-9.821059226989746094e+00
1.098040342330932617e+00
-9.545026779174804688e+00
1.168865799903869629e+00
1.253311991691589355e+00
-9.812442779541015625e+00
7.946683764457702637e-01
-5.316694974899291992e-01
-3.741413652896881104e-01
-3.167377710342407227e+00
1.440510630607604980e+00
1.042824029922485352e+00
1.154032230377197266e+00
1.338977336883544922e+00
-1.209088897705078125e+01
-6.004533767700195312e-01
-1.006666660308837891e+01
1.227222323417663574e+00
1.174081087112426758e+00
-9.410861968994140625e+00
1.383708000183105469e+00
1.254753589630126953e+00
-6.779075622558593750e+00
1.376729130744934082e+00
1.074651956558227539e+00
-1.138739705085754395e+00
-9.443460464477539062e+00
9.754918813705444336e-01
-3.467355728149414062e+00
1.489082455635070801e+00
-1.059011554718017578e+01
1.102499604225158691e+00
1.249510645866394043e+00
-7.041826844215393066e-01
1.243235707283020020e+00
1.227177023887634277e+00
-1.387953996658325195e+00
1.067039966583251953e+00
-2.058073505759239197e-02
6.260192990303039551e-01
7.349748611450195312e-01
1.231640934944152832e+00
-1.020867443084716797e+01
-8.198522329330444336e-01
1.329326033592224121e+00
1.130886435508728027e+00
-1.048455715179443359e+00
-3.597896337509155273e+00
1.286979675292968750e+00
-9.118241310119628906e+00
-9.755297660827636719e+00
8.202372789382934570e-01
-7.407558441162109375e+00
1.314321756362915039e+00
1.065074205398559570e+00
4.753624200820922852e-01
-5.821157097816467285e-01
-1.026050686836242676e+00
5.140813589096069336e-01
-7.347260951995849609e+00
-1.473766565322875977e+00
1.356568455696105957e+00
8.512663841247558594e-01
-1.119070410728454590e+00
-1.937156438827514648e+00
-2.466469764709472656e+00
3.633860647678375244e-01
1.476420640945434570e+00
1.353003025054931641e+00
-1.000611424446105957e+00
6.008991599082946777e-01
1.896937251091003418e+00
1.714328229427337646e-01
9.400396943092346191e-01
-8.771754264831542969e+00
1.215185403823852539e+00
4.777959823608398438e+00
3.018940091133117676e-01
4.740393638610839844e+00
8.229637145996093750e+00
-4.765895605087280273e-01
1.325337314605712891e+01
-8.688680648803710938e+00
-6.746202468872070312e+00
1.484029293060302734e+00
-1.311140894889831543e+00
-5.862863063812255859e+00
7.914640903472900391e+00
2.467826843261718750e+00
1.872234791517257690e-01
1.330078244209289551e+00
6.535307884216308594e+00
3.548848152160644531e+00
-5.296408176422119141e+00
6.589666008949279785e-02
-3.507346630096435547e+00
5.156254768371582031e-01
1.165511703491210938e+01
-1.081366920471191406e+01
-1.275213527679443359e+01
9.742598533630371094e+00
-2.972009778022766113e-01
1.493696117401123047e+01
-5.818164825439453125e+00
2.348350524902343750e+00
-8.442870140075683594e+00
5.327754020690917969e+00
6.812480688095092773e-01
-4.134656429290771484e+00
-2.253133654594421387e-01
-8.627115488052368164e-01
3.314846158027648926e-01
-6.553378701210021973e-01
-4.974371910095214844e+00
-1.993988007307052612e-01
7.893442630767822266e+00
-4.015079021453857422e+00
5.642528533935546875e+00
-2.995346546173095703e+00
2.057228088378906250e+00
-3.204930126667022705e-01
3.767564892768859863e-01
4.678298473358154297e+00
8.668646812438964844e+00
1.321141433715820312e+01
-7.514725685119628906e+00
-1.283543586730957031e+01
6.888028979301452637e-01
6.668718338012695312e+00
6.053081154823303223e-01
-7.303709030151367188e+00
-3.659024238586425781e-01
6.359681129455566406e+00
1.461830425262451172e+01
-1.559623241424560547e+00
1.466096162796020508e+00
4.707554578781127930e-01
-3.252376103773713112e-03
-1.083614540100097656e+01
-1.133999347686767578e+01
2.380774319171905518e-01
4.600252151489257812e+00
-4.178560972213745117e-01
-1.261045098304748535e+00
-5.613834857940673828e-01
-9.502820968627929688e+00
8.242779374122619629e-01
-9.174254536628723145e-02
-1.045113056898117065e-01
5.833504199981689453e+00
-3.263081550598144531e+00
-9.365364313125610352e-01
7.090848445892333984e+00
1.726998209953308105e+00
4.144075810909271240e-01
-1.917456507682800293e+00
-1.152563214302062988e+00
-1.352933025360107422e+01
1.526124328374862671e-01
-5.890533924102783203e-01
-8.922247886657714844e-01
-4.211168289184570312e+00
-4.063338935375213623e-01
1.225387334823608398e+00
4.598552286624908447e-01
3.723416566848754883e+00
3.577945470809936523e+00
-3.383817374706268311e-01
-4.517468214035034180e-01
-1.050049495697021484e+01
2.397147655487060547e+00
2.002180337905883789e+00
-1.277055740356445312e+01
1.974895596504211426e+00
2.606149435043334961e+00
2.815760076045989990e-01
1.175371408462524414e+00
1.238559722900390625e+00
4.017602443695068359e+00
-9.542198181152343750e-01
1.213491344451904297e+01
1.981951713562011719e+00
1.214082479476928711e+00
-7.321783065795898438e+00
7.272528409957885742e-01
-2.165386915206909180e+00
3.554027557373046875e+00
-3.162322998046875000e+00
-3.234102010726928711e+00
-4.365752696990966797e+00
1.304022216796875000e+01
1.695947885513305664e+00
-4.276374876499176025e-01
-1.081042480468750000e+01
1.693905144929885864e-01
-5.302859544754028320e-01
5.404540538787841797e+00
4.096028804779052734e+00
4.561162948608398438e+00
3.816489219665527344e+00
-2.674843072891235352e+00
-6.454473137855529785e-01
-1.228146839141845703e+01
-2.062242031097412109e+00
-2.096918106079101562e+00
2.580972433090209961e+00
