3.638630360364913940e-02
3.180004190653562546e-03
-1.625791005790233612e-02
-1.013099849224090576e-01
5.410658195614814758e-02
-6.405553966760635376e-02
1.081461180001497269e-02
-6.283503025770187378e-02
-9.259368479251861572e-02
1.576811075210571289e-02
-1.543542183935642242e-02
-1.252409350126981735e-02
1.320539694279432297e-02
-1.804391667246818542e-02
-2.890849299728870392e-02
9.814481437206268311e-02
6.202075630426406860e-02
-8.926903828978538513e-03
-5.424448102712631226e-02
-1.063931286334991455e-01
-7.097889482975006104e-02
-1.317020952701568604e-01
8.410894870758056641e-02
9.021992981433868408e-02
1.593600809574127197e-01
1.387027055025100708e-01
-1.142914593219757080e-01
-1.930186450481414795e-01
7.993832230567932129e-02
1.215434968471527100e-01
-9.995184093713760376e-02
2.634521387517452240e-02
6.627687066793441772e-02
-2.798465429805219173e-04
1.133927330374717712e-01
1.873920857906341553e-02
3.119986318051815033e-02
-5.782215297222137451e-02
4.056886583566665649e-02
2.385496394708752632e-03
9.204169362783432007e-02
1.428358722478151321e-02
-3.034730069339275360e-02
4.250593483448028564e-02
6.126774474978446960e-02
5.208140239119529724e-03
-6.441791355609893799e-02
5.693185143172740936e-03
5.964968726038932800e-02
6.301038432866334915e-03
2.680877745151519775e-01
1.722992211580276489e-02
-9.695558995008468628e-02
-1.079941987991333008e-01
5.604582279920578003e-02
1.159138083457946777e-01
-1.635660231113433838e-02
1.272430717945098877e-01
-2.249926887452602386e-02
-9.738293290138244629e-02
-1.351828724145889282e-01
3.596207499504089355e-02
2.204054035246372223e-02
1.299809366464614868e-01
1.383722387254238129e-02
-3.716969490051269531e-02
6.399527937173843384e-02
-4.326497670263051987e-03
-8.492660522460937500e-02
2.274596691131591797e-02
-1.071277186274528503e-01
-4.324552789330482483e-02
-1.908566243946552277e-02
5.411811172962188721e-02
-2.685295231640338898e-02
1.071750931441783905e-02
-2.973016165196895599e-02
4.501784965395927429e-02
1.885532587766647339e-02
-1.949878782033920288e-02
-3.413857147097587585e-02
4.422884434461593628e-03
-2.451788932085037231e-01
-2.405503205955028534e-02
-1.132550090551376343e-02
3.941062092781066895e-02
-4.073975980281829834e-02
-2.272240072488784790e-02
-3.002728894352912903e-02
-1.497912500053644180e-02
3.928957879543304443e-02
1.228343881666660309e-02
5.616892129182815552e-02
-2.522377073764801025e-01
4.965600371360778809e-02
6.402665376663208008e-02
-1.719127036631107330e-02
1.248214468359947205e-01
-5.547735467553138733e-02
-1.067733243107795715e-01
-7.781318854540586472e-03
-8.842670172452926636e-02
-3.535225288942456245e-03
1.229152642190456390e-02
-4.016757011413574219e-02
-7.047986984252929688e-02
-3.723574429750442505e-02
1.272400021553039551e-01
-5.853614583611488342e-02
-3.759200870990753174e-02
-1.670393720269203186e-02
3.101713722571730614e-03
1.264014691114425659e-01
-1.598522067070007324e-01
7.549995090812444687e-03
3.905524313449859619e-02
-2.236396819353103638e-02
1.219137310981750488e-01
-9.566474705934524536e-02
-1.378532648086547852e-01
-5.348025355488061905e-03
-4.651360958814620972e-02
4.845994338393211365e-02
-2.234774678945541382e-01
1.828225553035736084e-01
-5.941030755639076233e-02
-5.766224488615989685e-02
-4.481835290789604187e-02
1.591782122850418091e-01
-1.215517446398735046e-01
2.255342528223991394e-02
-7.778541743755340576e-02
-6.397475302219390869e-02
2.050078362226486206e-01
1.094217970967292786e-01
2.193744294345378876e-02
-3.922238573431968689e-02
3.398582711815834045e-02
-6.783983670175075531e-03
6.903004646301269531e-02
2.621724829077720642e-02
5.598753318190574646e-02
-2.535329014062881470e-02
5.478126555681228638e-02
-1.246732543222606182e-03
-2.517761895433068275e-03
-5.448108538985252380e-02
-1.334931328892707825e-02
-3.699387237429618835e-02
-4.764895513653755188e-02
