-1.532609295099973679e-02
-2.787597849965095520e-02
9.561914950609207153e-02
-1.135935191996395588e-03
-8.431820198893547058e-03
-1.070965547114610672e-03
5.165221169590950012e-02
5.596076324582099915e-02
2.989031188189983368e-02
4.447798058390617371e-02
8.715031296014785767e-02
2.436967333778738976e-03
-1.662966907024383545e-01
1.233936008065938950e-02
4.767088964581489563e-02
8.360348641872406006e-02
-7.464074514018648188e-08
-8.343512564897537231e-02
-3.856849856674671173e-03
1.209244318306446075e-02
-9.316638112068176270e-02
2.518379501998424530e-02
1.794337294995784760e-02
1.961343362927436829e-02
-1.064424589276313782e-01
1.108956709504127502e-02
-1.051728054881095886e-02
-3.849076107144355774e-02
-2.204357273876667023e-02
-1.554414536803960800e-02
6.393603514879941940e-03
6.095726857893168926e-04
1.658882200717926025e-02
1.305750608444213867e-01
2.124366909265518188e-02
-1.081583090126514435e-02
2.006577514111995697e-02
5.098139401525259018e-03
3.458555415272712708e-02
-2.763030119240283966e-02
-2.489770017564296722e-02
1.858114497736096382e-03
1.135628670454025269e-02
-1.516966987401247025e-02
3.435045480728149414e-03
3.675595298409461975e-02
8.607259020209312439e-03
2.578581683337688446e-02
-1.650818437337875366e-02
-2.048536576330661774e-02
-2.313304133713245392e-02
-5.869749560952186584e-02
-4.060140997171401978e-02
9.381719678640365601e-02
-4.292241937946528196e-04
3.396729007363319397e-02
-1.710104942321777344e-02
-7.830073125660419464e-03
1.246262192726135254e-01
-4.029726143926382065e-03
-2.895458601415157318e-02
7.684461306780576706e-03
-3.376837074756622314e-02
-4.455783218145370483e-02
2.668440714478492737e-02
-8.177754282951354980e-02
-6.077280733734369278e-03
-1.637258939445018768e-02
-2.228436432778835297e-02
2.623451687395572662e-02
-3.117679990828037262e-02
2.276588045060634613e-02
-5.013441666960716248e-02
-8.419192396104335785e-03
-1.177193503826856613e-02
-2.723243087530136108e-02
8.595426566898822784e-03
-1.356734335422515869e-02
-6.546963006258010864e-02
3.414332866668701172e-02
1.470048073679208755e-02
1.405002336696270504e-07
-3.805894870311021805e-03
1.735375076532363892e-02
1.241560876369476318e-01
1.620768918655812740e-03
2.950667403638362885e-02
3.715990483760833740e-02
7.858154922723770142e-02
1.662082038819789886e-02
-2.193066291511058807e-02
-9.730281647080119001e-08
5.029720813035964966e-02
-2.012282051146030426e-02
4.717039316892623901e-02
-2.034763246774673462e-02
-1.782515272498130798e-02
-8.381308615207672119e-02
-1.398920714855194092e-01
1.333497092127799988e-02
1.409356109797954559e-02
1.397267333231866360e-03
-4.796433448791503906e-02
9.616503864526748657e-02
-1.809824444353580475e-02
-8.401229046285152435e-03
1.683108694851398468e-02
2.020382322371006012e-02
3.793510794639587402e-02
-3.249239921569824219e-02
-1.907304674386978149e-02
1.087640076875686646e-01
6.243476271629333496e-02
1.110706105828285217e-02
1.823883876204490662e-02
3.753415308892726898e-03
2.277967706322669983e-02
-1.803584210574626923e-02
-8.120093494653701782e-03
6.419070810079574585e-02
1.128467917442321777e-01
-6.179919838905334473e-02
1.326817926019430161e-02
9.259415417909622192e-02
1.186105888336896896e-03
1.974571682512760162e-02
-3.572663664817810059e-02
6.919835228472948074e-03
-1.014278158545494080e-01
4.168372601270675659e-02
2.669052407145500183e-02
4.701864905655384064e-03
2.192576974630355835e-02
8.532792329788208008e-02
4.521466419100761414e-02
-3.605195879936218262e-02
-1.660243421792984009e-01
1.953221857547760010e-02
3.502336516976356506e-02
5.451422929763793945e-02
-1.301233656704425812e-02
2.733691409230232239e-02
1.266745775938034058e-01
-1.430525630712509155e-02
5.386654287576675415e-03
6.482200324535369873e-02
-1.655027084052562714e-02
3.234081203117966652e-03
-1.582294330000877380e-02
3.456086665391921997e-02
-5.217028781771659851e-03
1.298118475824594498e-02
5.387583281844854355e-03
6.135045737028121948e-02
4.932029185056308052e-08
-9.175720624625682831e-03
-1.885531004518270493e-03
1.118696530966190039e-07
-1.081450656056404114e-02
-7.944258861243724823e-03
-1.033843867480754852e-02
-8.387548848986625671e-03
-4.426597151905298233e-03
8.299894630908966064e-03
-2.209028601646423340e-02
1.131284050643444061e-02
6.087428516821091762e-08
-1.303468888380621138e-09
2.956816480548241088e-08
-2.422511111944913864e-03
1.897696405649185181e-03
5.509319249540567398e-03
1.534434446170962474e-08
1.590117253363132477e-02
-1.219315208800253458e-07
8.690065145492553711e-02
-2.417800575494766235e-02
9.033236652612686157e-03
4.498111394468651270e-08
5.109940189868211746e-03
3.440904198214411736e-03
-6.654357165098190308e-02
1.716406047344207764e-01
1.301311235874891281e-02
-8.132720366120338440e-03
-1.769605907611548901e-03
7.337039802223443985e-03
3.656573355215186893e-08
-5.883670412003993988e-03
-1.417236639156271849e-08
1.004427205771207809e-02
-4.804315418004989624e-02
-1.749392453120890423e-08
8.570879828084798646e-08
3.730455413460731506e-02
6.919100880622863770e-03
2.359964845766171493e-08
1.708230357166939939e-08
2.455139183439314365e-04
-4.947772994637489319e-02
5.867897101552443928e-08
-1.460740249603986740e-02
1.572852568187954603e-07
-1.028662198223173618e-03
-3.405981697142124176e-03
1.108856685459613800e-02
-6.917010992765426636e-03
5.113215371966362000e-02
3.350143940039629342e-09
2.915661968290805817e-02
-2.172448193560327923e-10
1.909817941486835480e-02
-7.727330178022384644e-02
-4.453555680811405182e-03
-5.372139625251293182e-03
1.617686823010444641e-02
-2.420853823423385620e-02
-1.612944304943084717e-01
-1.598714441061019897e-01
-1.411963347345590591e-02
-5.132419615983963013e-02
-8.758180774748325348e-03
5.852268077433109283e-03
2.180712763220071793e-03
-4.287968575954437256e-02
7.651133462786674500e-03
-7.283966522663831711e-03
-2.482765540480613708e-02
4.116217644511976914e-10
-4.369719419628381729e-03
1.200049184262752533e-02
5.579761719332054781e-08
2.553198363841602259e-08
2.664107512373448117e-08
-4.729118198156356812e-02
2.015793323516845703e-01
4.580435586376552237e-08
3.037351882085204124e-03
1.625587791204452515e-01
1.265731751918792725e-01
6.898543797433376312e-03
1.034085386208971613e-07
4.460028139874339104e-04
7.477464526891708374e-02
-9.695979485968564404e-08
-1.308191101998090744e-03
-5.877044184643409608e-09
-2.005931176245212555e-02
1.698039472103118896e-02
1.776833968847313372e-08
-8.811471983790397644e-03
7.716319710016250610e-02
-1.930120401084423065e-02
-8.998326212167739868e-02
-1.754701370373368263e-03
-7.878149859607219696e-03
-2.243627794086933136e-03
2.061130013316869736e-03
1.512349992990493774e-01
-6.464464217424392700e-02
9.419278512723394670e-08
2.471664687618613243e-03
2.874781202990561724e-04
4.729076863441150635e-08
-1.078874617815017700e-02
-3.647391218692064285e-03
1.543053686618804932e-01
-4.408914130181074142e-03
1.718186959624290466e-02
-7.645881175994873047e-02
-1.002070320055281627e-07
1.657870016060769558e-03
-1.092596650123596191e-01
-2.374740876257419586e-02
9.755436281011498068e-08
-2.180051378672942519e-04
1.079295878298580647e-03
5.370583385229110718e-02
4.636437166482210159e-03
-4.258894827216863632e-03
1.508622467517852783e-01
-1.944977673701941967e-03
4.112806916236877441e-02
-3.098578890785574913e-04
1.629926711320877075e-01
-7.947878330014646053e-04
4.717071178106380103e-08
6.086499989032745361e-02
-8.286901284009218216e-04
2.073549292981624603e-02
-8.716951310634613037e-02
1.190820261836051941e-01
-1.202486921101808548e-02
1.095828636721307703e-07
6.021683418566681212e-08
-3.157274099066853523e-03
-1.531264483928680420e-01
-6.389035843312740326e-03
-7.819395978003740311e-04
-1.034908182919025421e-02
2.422164659947156906e-03
-2.663461491465568542e-03
1.198699814267456532e-03
2.221170812845230103e-02
-1.599356345832347870e-02
-1.640954869799315929e-04
-9.088804014027118683e-03
1.776910852640867233e-03
-1.343422569334506989e-02
-1.373839471489191055e-02
-6.144519429653882980e-03
2.718501165509223938e-02
-2.009984105825424194e-02
5.955504602752625942e-04
2.669139020144939423e-02
7.220548391342163086e-02
2.470160543452948332e-04
2.417354658246040344e-02
-3.797672223299741745e-03
-1.756418496370315552e-02
7.261091470718383789e-02
2.469200873747467995e-03
9.815487079322338104e-03
2.690280228853225708e-02
-1.901481859385967255e-02
-2.080593816936016083e-02
1.805155165493488312e-02
1.706014387309551239e-02
1.555015660414937884e-05
7.524885237216949463e-03
-8.579629473388195038e-03
4.052846226841211319e-03
1.041749399155378342e-02
5.914232693612575531e-03
2.790229208767414093e-02
-1.208206173032522202e-02
-1.136610866524279118e-03
-7.700835820287466049e-03
-1.751002669334411621e-02
-2.066371776163578033e-02
-2.355798892676830292e-02
-8.928772062063217163e-03
4.472865164279937744e-02
-1.424594596028327942e-02
9.755230857990682125e-04
-8.494657464325428009e-03
2.247895300388336182e-02
-3.892771201208233833e-03
-1.319456100463867188e-02
-2.293926849961280823e-02
-6.003646925091743469e-02
-1.101748179644346237e-02
2.178685925900936127e-02
8.373685181140899658e-03
-5.620465148240327835e-03
-2.893140073865652084e-03
-2.448168583214282990e-03
-8.009161800146102905e-03
-1.428335439413785934e-03
-2.136680856347084045e-02
4.228168725967407227e-02
-1.804356835782527924e-02
-2.035686001181602478e-02
-3.677505068480968475e-03
-1.145053654909133911e-02
-1.807218044996261597e-02
5.869753658771514893e-03
-6.272328644990921021e-02
2.862338675186038017e-03
-6.875031441450119019e-02
3.383467346429824829e-02
6.959490012377500534e-03
-4.948037490248680115e-02
1.052597723901271820e-02
3.258641064167022705e-02
6.972962059080600739e-03
3.990276902914047241e-02
2.939375862479209900e-02
-1.934877783060073853e-02
-6.945328786969184875e-03
-1.958461245521903038e-03
6.090226583182811737e-03
1.527310721576213837e-02
5.880811810493469238e-02
2.401829957962036133e-01
-2.280588075518608093e-02
-5.765909794718027115e-03
1.912855170667171478e-02
1.682825735770165920e-03
3.620835393667221069e-02
-3.281668573617935181e-02
1.443149894475936890e-02
-1.258586719632148743e-02
-6.428875029087066650e-02
-5.982655100524425507e-03
1.671374629950150847e-04
7.649344624951481819e-04
2.825790643692016602e-02
1.909968070685863495e-02
1.856990158557891846e-02
-5.545219406485557556e-03
2.926652319729328156e-03
-1.549709960818290710e-02
8.697622455656528473e-03
-1.034587342292070389e-02
-4.204251244664192200e-02
6.660849787294864655e-03
-1.077450811862945557e-02
1.787572912871837616e-02
2.788472222164273262e-03
4.911367222666740417e-02
7.302400772459805012e-04
9.730970486998558044e-03
-8.653145050629973412e-04
4.928500577807426453e-02
1.327388267964124680e-02
7.343578152358531952e-03
1.526401843875646591e-02
-4.502661898732185364e-02
2.628629794344305992e-03
5.618162453174591064e-03
3.877085633575916290e-03
-1.888542622327804565e-02
-2.652453780174255371e-01
2.268746495246887207e-03
-2.068134956061840057e-02
1.078297151252627373e-03
-1.803476549685001373e-02
-1.666741445660591125e-03
-1.405901089310646057e-02
-2.480504661798477173e-02
2.066758275032043457e-02
-2.114699222147464752e-02
-1.265828013420104980e-01
1.100139226764440536e-02
-1.844491111114621162e-03
-1.070752646774053574e-02
3.607898578047752380e-02
1.166853820905089378e-03
-2.544034738093614578e-03
-4.495055880397558212e-03
2.769958227872848511e-02
-3.983478248119354248e-02
-1.213575247675180435e-02
-3.925172612071037292e-02
-4.421655088663101196e-03
-1.122461911290884018e-02
-1.816410385072231293e-02
2.742056734859943390e-03
-4.395227879285812378e-04
