4.736761003732681274e-02
3.182243704795837402e-01
-7.042465358972549438e-02
-2.921885550022125244e-01
1.191132068634033203e-01
-1.516822874546051025e-01
1.737263500690460205e-01
4.092079401016235352e-01
2.879441976547241211e-01
2.968022525310516357e-01
-1.566231995820999146e-01
3.892293274402618408e-01
-3.149387985467910767e-02
-1.624863892793655396e-01
-6.045518815517425537e-02
-3.515358567237854004e-01
-1.094531081616878510e-02
-1.330085247755050659e-01
7.891678810119628906e-02
-8.310102671384811401e-02
-4.788665100932121277e-02
-6.233141571283340454e-02
-8.294881880283355713e-02
-1.529438793659210205e-02
-3.148007020354270935e-02
7.244598120450973511e-02
-2.661854401230812073e-02
6.564445793628692627e-02
1.161435246467590332e-01
-2.616580948233604431e-02
