1.658018469810485840e+00
1.905806064605712891e+00
2.855197787284851074e-01
-6.386165320873260498e-02
3.838013410568237305e+00
9.827697277069091797e-01
1.285952806472778320e+00
1.232198357582092285e+00
2.406882047653198242e+00
2.038876533508300781e+00
1.868602275848388672e+00
9.902564287185668945e-01
2.006834506988525391e+00
2.571802139282226562e+00
4.304812848567962646e-01
3.115712404251098633e-01
9.026041984558105469e+00
1.977836966514587402e+00
2.746280431747436523e-01
4.250000119209289551e-01
-2.160113155841827393e-01
8.529776334762573242e-01
-1.831091493368148804e-01
6.353142112493515015e-02
3.582961559295654297e+00
-1.269629001617431641e-01
-2.809978723526000977e-01
7.471740245819091797e-01
2.301903963088989258e+00
1.754098773002624512e+00
6.114766001701354980e-01
5.811295509338378906e-01
2.018831968307495117e+00
7.903206944465637207e-01
1.068966627120971680e+00
6.307407021522521973e-01
1.181365370750427246e+00
5.285984873771667480e-01
-1.133686751127243042e-01
1.801143527030944824e+00
1.453209280967712402e+00
8.042696118354797363e-02
-3.383576273918151855e-01
2.203971147537231445e-01
4.703572690486907959e-01
2.948356151580810547e+00
3.110522031784057617e-01
1.119008660316467285e+00
1.445950865745544434e+00
9.417129158973693848e-01
-1.045888811349868774e-01
1.139841437339782715e+00
7.901388406753540039e-01
1.160698413848876953e+00
1.689498662948608398e+00
1.055338382720947266e+00
2.903494834899902344e+00
7.928508520126342773e-01
1.837542414665222168e+00
7.426447868347167969e-01
1.551082730293273926e-01
5.325291752815246582e-01
1.609571099281311035e+00
1.203551530838012695e+00
1.381278872489929199e+00
1.980129599571228027e+00
3.165325224399566650e-01
-5.777346491813659668e-01
-3.000476956367492676e-01
4.233953356742858887e-01
3.679729402065277100e-01
3.045754909515380859e+00
6.701720952987670898e-01
8.555132150650024414e-01
1.137482404708862305e+00
2.546597242355346680e+00
3.995898663997650146e-01
4.064001142978668213e-02
1.612043738365173340e+00
1.006329894065856934e+00
5.202124267816543579e-02
8.905141830444335938e+00
2.289960347115993500e-02
-4.277762174606323242e-01
2.684903860092163086e+00
8.168655633926391602e-01
-2.537416517734527588e-01
1.628137946128845215e+00
1.179419279098510742e+00
5.862988233566284180e-01
9.814388155937194824e-01
8.715762138366699219e+00
4.418927431106567383e-01
6.118071079254150391e-01
5.919271707534790039e-01
3.075735330581665039e+00
5.851225256919860840e-01
1.711232781410217285e+00
2.602643489837646484e+00
4.005789279937744141e+00
1.244557023048400879e+00
3.571298904716968536e-03
-9.363322854042053223e-01
2.575185298919677734e+00
1.466788172721862793e+00
9.886063337326049805e-01
5.349792838096618652e-01
1.863895297050476074e+00
8.029855728149414062e+00
1.030989885330200195e+00
1.039114952087402344e+00
3.386015892028808594e+00
-3.077393770217895508e-02
-9.794175624847412109e-02
3.432921767234802246e-01
1.097825288772583008e+00
-7.662913948297500610e-02
1.397738575935363770e+00
1.595995426177978516e+00
1.183668851852416992e+00
4.673371315002441406e+00
1.087161064147949219e+00
1.617762327194213867e+00
1.966545343399047852e+00
1.697481237351894379e-02
1.847997903823852539e+00
2.210210800170898438e+00
6.707578897476196289e-01
2.922028541564941406e+00
1.312323808670043945e+00
9.546005129814147949e-01
9.608240723609924316e-01
2.332613706588745117e+00
1.305539608001708984e+00
6.975138783454895020e-01
1.030269861221313477e+00
6.531400203704833984e+00
4.844400882720947266e-01
1.029453635215759277e+00
7.389639616012573242e-01
2.468605488538742065e-01
2.524877548217773438e+00
7.513665407896041870e-02
8.264048695564270020e-01
1.166769623756408691e+00
1.166148558259010315e-01
-3.630922436714172363e-01
1.134738564491271973e+00
4.262780845165252686e-01
1.393267154693603516e+00
1.450409650802612305e+00
1.027906775474548340e+00
1.120475292205810547e+00
-2.467276453971862793e-01
-1.005330371856689453e+01
8.583357334136962891e-01
1.378188490867614746e+00
-9.605474472045898438e+00
8.066631555557250977e-01
1.020550370216369629e+00
1.309892296791076660e+00
1.469650745391845703e+00
1.021896839141845703e+00
1.491000413894653320e+00
9.485716819763183594e-01
1.202182769775390625e+00
-9.992354393005371094e+00
-8.074190139770507812e+00
-1.003066062927246094e+01
1.225052595138549805e+00
4.079304039478302002e-01
2.786248028278350830e-01
-1.007125854492187500e+01
4.544723033905029297e-01
-1.006705570220947266e+01
-2.487279891967773438e+00
-6.407204270362854004e-01
1.723722457885742188e+00
-1.032728195190429688e+01
1.256674528121948242e+00
-4.487679302692413330e-01
-1.638363718986511230e+00
-1.559797382354736328e+01
1.185667276382446289e+00
1.329112529754638672e+00
5.365721583366394043e-01
1.105985164642333984e+00
-9.991264343261718750e+00
1.143409967422485352e+00
-9.405887603759765625e+00
1.407255530357360840e+00
-1.923677921295166016e+00
-1.095638370513916016e+01
-1.023568820953369141e+01
1.707730442285537720e-01
9.292272925376892090e-01
-1.070196628570556641e+01
-1.022103023529052734e+01
8.485993742942810059e-01
9.118149876594543457e-01
-1.000426101684570312e+01
1.076264858245849609e+00
-9.928608894348144531e+00
7.381542325019836426e-01
1.108975291252136230e+00
1.305265188217163086e+00
9.537104368209838867e-01
-1.443987250328063965e+00
-1.008100032806396484e+01
4.938710629940032959e-01
-9.249631881713867188e+00
1.011442303657531738e+00
-9.026288986206054688e-01
1.006427645683288574e+00
1.341854095458984375e+00
1.438834071159362793e+00
1.123777627944946289e+00
-1.392294502258300781e+01
-1.079147434234619141e+01
8.519039750099182129e-01
-8.542838692665100098e-01
1.143403887748718262e+00
-9.147630929946899414e-01
1.072558641433715820e+00
-1.289598941802978516e+00
8.640603423118591309e-01
-4.119397699832916260e-01
-3.240536451339721680e+00
-9.457428932189941406e+00
7.655263543128967285e-01
1.297224402427673340e+00
-9.871201515197753906e+00
-9.664300918579101562e+00
-1.100870227813720703e+01
-2.522030472755432129e-02
-4.889660835266113281e+00
-9.874795913696289062e+00
1.357260227203369141e+00
-1.546875095367431641e+01
-4.833193421363830566e-01
1.242297649383544922e+00
-9.855833053588867188e+00
1.420320868492126465e+00
9.314625859260559082e-01
-9.869050025939941406e+00
1.058985590934753418e+00
-9.461335182189941406e+00
1.199107170104980469e+00
1.197740435600280762e+00
-9.830507278442382812e+00
7.436740398406982422e-01
-5.220672488212585449e-01
-3.115133047103881836e-01
-3.102447986602783203e+00
1.373044013977050781e+00
1.023119688034057617e+00
1.169857740402221680e+00
1.238953113555908203e+00
-1.205923271179199219e+01
-6.047345399856567383e-01
-9.993279457092285156e+00
1.312003493309020996e+00
1.210355281829833984e+00
-9.342977523803710938e+00
1.261003971099853516e+00
1.197208881378173828e+00
-6.726189613342285156e+00
1.371351838111877441e+00
1.016905784606933594e+00
-1.106849789619445801e+00
-9.471661567687988281e+00
1.031730413436889648e+00
-3.345670700073242188e+00
1.598377227783203125e+00
-1.055643177032470703e+01
1.016242861747741699e+00
1.185700297355651855e+00
-6.816233992576599121e-01
1.232912778854370117e+00
1.199506044387817383e+00
-1.388627290725708008e+00
1.153661131858825684e+00
-5.621275305747985840e-02
5.679636597633361816e-01
8.730210065841674805e-01
1.213184356689453125e+00
-1.018014621734619141e+01
-7.411525249481201172e-01
1.256732940673828125e+00
1.222836613655090332e+00
-1.059595942497253418e+00
-3.701995611190795898e+00
1.216270208358764648e+00
-9.211754798889160156e+00
-9.681448936462402344e+00
7.687875628471374512e-01
-7.317975044250488281e+00
1.269548177719116211e+00
1.196077346801757812e+00
6.093537807464599609e-01
6.839115619659423828e-01
8.757619261741638184e-01
-7.929258346557617188e-01
1.674649810791015625e+01
1.262227177619934082e+00
-1.751902103424072266e+00
-8.784987926483154297e-01
1.573772907257080078e+00
3.101544380187988281e+00
3.332085609436035156e+00
3.823614418506622314e-01
-2.217801332473754883e+00
-7.691888809204101562e-01
6.989381909370422363e-01
-1.308212995529174805e+00
-2.757051706314086914e+00
4.304697364568710327e-02
-1.553014755249023438e+00
1.382221317291259766e+01
-2.236066341400146484e+00
-1.138043308258056641e+01
-4.177452325820922852e-01
-9.751254081726074219e+00
-1.524403953552246094e+01
4.626145064830780029e-01
-2.512954521179199219e+01
1.993057250976562500e+01
9.679810523986816406e+00
-1.454238295555114746e+00
1.598889112472534180e+00
1.017113399505615234e+01
-1.142141056060791016e+01
-2.423480510711669922e+00
4.150604307651519775e-01
-1.767979621887207031e+00
-9.090544700622558594e+00
-5.177972316741943359e+00
6.774143695831298828e+00
1.480451464653015137e+00
3.512480497360229492e+00
-7.375913858413696289e-01
-2.066532135009765625e+01
3.160403060913085938e+01
1.939853858947753906e+01
-1.454942131042480469e+01
2.566561400890350342e-01
-2.354388427734375000e+01
6.964793682098388672e+00
-3.432778120040893555e+00
1.076358413696289062e+01
-1.301010131835937500e+01
-1.522751688957214355e+00
5.479437828063964844e+00
5.834791064262390137e-01
1.083649396896362305e+00
-1.262820839881896973e+00
6.854684948921203613e-01
6.578794956207275391e+00
2.188856005668640137e-01
-1.069128704071044922e+01
7.465937614440917969e+00
-7.889605522155761719e+00
3.505598306655883789e+00
-2.423553228378295898e+00
1.379327058792114258e+00
-1.278588533401489258e+00
-7.508988857269287109e+00
-2.781532859802246094e+01
-2.941363143920898438e+01
1.140954208374023438e+01
2.080749320983886719e+01
-1.109380245208740234e+00
-8.727395057678222656e+00
-8.824158310890197754e-01
8.900349617004394531e+00
4.570824503898620605e-01
-1.108075237274169922e+01
-2.548906517028808594e+01
1.808964610099792480e+00
-1.916169881820678711e+00
-2.065860748291015625e+00
9.984021633863449097e-02
1.996247100830078125e+01
3.547856903076171875e+01
-1.802704483270645142e-01
-5.930933952331542969e+00
6.576126217842102051e-01
1.637287259101867676e+00
9.139429926872253418e-01
1.317569828033447266e+01
-1.737842679023742676e+00
1.015293598175048828e-01
2.806862071156501770e-02
-9.557518959045410156e+00
4.761224746704101562e+00
1.005202889442443848e+00
-9.697496414184570312e+00
-2.121406555175781250e+00
7.804297804832458496e-01
1.847985267639160156e+00
2.720201969146728516e+00
2.584536170959472656e+01
-5.151091575622558594e+00
3.749564290046691895e-01
9.528179764747619629e-01
5.440530776977539062e+00
2.179337739944458008e+00
-1.501522421836853027e+00
-7.247920036315917969e-01
-5.250837326049804688e+00
-4.299089908599853516e+00
6.053842902183532715e-01
1.469214320182800293e+00
2.350124740600585938e+01
-4.394701957702636719e+00
-2.715457677841186523e+00
2.625723838806152344e+01
-2.829288244247436523e+00
-3.208212852478027344e+00
-4.828350245952606201e-01
-1.288765788078308105e+00
-1.886347770690917969e+00
-4.518514156341552734e+00
1.069596171379089355e+00
-2.269865226745605469e+01
-2.175232648849487305e+00
-1.336478829383850098e+00
1.021487903594970703e+01
-1.111672401428222656e+00
2.985003709793090820e+00
-5.076343059539794922e+00
4.221454620361328125e+00
3.609448671340942383e+00
5.108772277832031250e+00
-1.765401077270507812e+01
-2.275073528289794922e+00
4.090923964977264404e-01
1.483726787567138672e+01
-6.902114152908325195e-01
1.727240085601806641e+00
-9.622818946838378906e+00
-4.306107521057128906e+00
-9.129879951477050781e+00
-5.088460445404052734e+00
3.006152391433715820e+00
9.633685350418090820e-01
3.189459419250488281e+01
2.402602672576904297e+00
3.327035188674926758e+00
-2.939256906509399414e+00
