2.160544633865356445e+00
-3.177662849426269531e+00
-1.202025222778320312e+01
-1.730150222778320312e+00
1.304745078086853027e+00
-3.061714887619018555e+00
-1.033552765846252441e+00
1.238769054412841797e+00
6.808286309242248535e-01
1.003646564483642578e+01
-1.120256710052490234e+01
6.958985328674316406e-02
-3.656948089599609375e+00
-1.461811447143554688e+01
-4.725485992431640625e+01
2.698316872119903564e-01
-2.119086384773254395e-01
-2.446574401855468750e+01
-2.108641052246093750e+01
-2.882332801818847656e+00
-1.445448845624923706e-01
-7.103700041770935059e-01
-4.935977235436439514e-02
-4.944422912597656250e+01
8.264296531677246094e+00
-6.494746357202529907e-02
-1.196141052246093750e+01
2.163673400878906250e+00
-1.788817048072814941e+00
1.272063732147216797e+00
-3.182505846023559570e+00
-4.042471408843994141e+00
-1.553527259826660156e+01
9.374117255210876465e-01
-1.772525215148925781e+01
-4.284469127655029297e+00
-2.439836561679840088e-01
1.526311784982681274e-01
-5.963288784027099609e+00
-2.218120813369750977e+00
-3.300189971923828125e+01
2.608308792114257812e+00
3.282277822494506836e+00
-7.767248153686523438e+00
8.544383049011230469e-01
-5.505487918853759766e-01
-4.607939720153808594e+00
-8.628973007202148438e+00
-2.997781991958618164e+00
-3.451134872436523438e+01
-1.059464740753173828e+01
1.958705484867095947e-01
-6.492648601531982422e+00
5.187703609466552734e+00
4.637083530426025391e+00
3.399778157472610474e-02
-1.218653011322021484e+01
-4.685860633850097656e+00
4.640392363071441650e-01
-2.586110830307006836e+00
-6.084738731384277344e+00
-7.483400702476501465e-01
3.819368600845336914e+00
-3.200825119018554688e+01
-5.485581874847412109e+00
-1.289333629608154297e+01
-2.354717254638671875e+00
-2.525538253784179688e+01
-3.286602720618247986e-02
1.032678008079528809e+00
-1.807546973228454590e+00
4.005701541900634766e-01
8.766229748725891113e-01
1.408223211765289307e-01
7.358888387680053711e-01
-3.761459350585937500e+00
-1.962800598144531250e+01
5.338905334472656250e+00
-8.817615509033203125e+00
-7.464478164911270142e-02
-3.134116172790527344e+01
-4.041040420532226562e+00
-7.375995635986328125e+00
2.434772491455078125e+00
-1.329974085092544556e-02
4.223728179931640625e-01
4.752507686614990234e+00
-1.322310352325439453e+01
-2.191036939620971680e+00
3.757098913192749023e+00
1.300241589546203613e+00
-8.659008026123046875e+00
3.207275390625000000e+00
-5.249603271484375000e+01
1.242221713066101074e+00
-1.484977436065673828e+01
-4.708385467529296875e+00
-3.623848724365234375e+01
-6.078104972839355469e+00
1.414576917886734009e-01
