-6.908147931098937988e-01
-1.594072103500366211e+00
-1.440780758857727051e-01
3.087972998619079590e-01
9.114832878112792969e-01
-1.619810819625854492e+00
3.035067319869995117e+00
-2.788335084915161133e+00
-2.831333130598068237e-02
6.015906333923339844e-01
5.900558829307556152e-02
1.629105925559997559e+00
-3.851282894611358643e-01
2.237653970718383789e+00
1.108680367469787598e+00
-1.075882720947265625e+01
1.293041944503784180e+00
1.086000680923461914e+00
-1.931642889976501465e+00
-6.125097274780273438e-01
-4.585169255733489990e-01
4.882515072822570801e-01
1.641529560089111328e+00
-2.885143280029296875e+00
2.507115364074707031e+00
1.068699598312377930e+00
3.770800530910491943e-01
9.885879158973693848e-01
-1.422645211219787598e+00
-5.319203376770019531e+00
8.603839874267578125e-01
-2.278562039136886597e-01
-1.348755002021789551e+00
6.989271640777587891e-01
-6.341194629669189453e+00
1.498160839080810547e+00
-1.909918308258056641e+00
-3.154436126351356506e-02
-2.333013862371444702e-01
5.022675916552543640e-02
-1.250232905149459839e-01
-3.726492404937744141e+00
-2.319553136825561523e+00
8.492039442062377930e-01
-1.408500003814697266e+01
1.346958518028259277e+00
-4.952512383460998535e-01
-1.417249590158462524e-01
7.036620378494262695e-01
3.415802001953125000e+00
6.208781599998474121e-01
6.192842125892639160e-01
1.743341565132141113e+00
2.360761165618896484e-01
9.181455969810485840e-01
-2.629261314868927002e-01
6.685767173767089844e-01
-2.900956869125366211e+00
9.376626014709472656e-01
-1.376128792762756348e+00
-7.542909383773803711e-01
5.007009506225585938e-01
-7.355782985687255859e-01
-3.004701614379882812e+00
4.201919138431549072e-01
5.590222477912902832e-01
-8.646133542060852051e-01
-4.041453897953033447e-01
3.516240715980529785e-01
6.921454668045043945e-01
-3.297871828079223633e+00
1.841414570808410645e+00
-8.352799415588378906e-01
-3.916043996810913086e+00
-4.904659271240234375e+00
4.741568863391876221e-01
2.338603258132934570e+00
-1.384117794036865234e+01
-7.615551471710205078e+00
8.783339262008666992e-01
9.846531748771667480e-01
-1.477700471878051758e+00
1.731447219848632812e+00
5.973531603813171387e-01
-8.161634802818298340e-01
-3.594818413257598877e-01
2.648712396621704102e-01
-2.509890317916870117e+00
-2.116232872009277344e+00
3.110434412956237793e-01
2.964723587036132812e+00
-1.401330709457397461e+00
-3.881765365600585938e+00
-2.153484970331192017e-01
-1.241404652595520020e+00
2.052430152893066406e+00
-2.087687253952026367e-01
7.836604118347167969e-01
9.013859033584594727e-01
8.182842731475830078e-01
