8.554336382076144218e-04
2.926142327487468719e-02
-9.336644411087036133e-01
-9.514413475990295410e-01
9.187898039817810059e-02
4.796249866485595703e-01
2.438239604234695435e-01
2.130052745342254639e-01
-2.519610524177551270e-01
5.368977189064025879e-01
-3.316536545753479004e-01
1.286703228950500488e+00
2.052281379699707031e+00
-3.916267752647399902e-01
-3.152785003185272217e-01
6.241226792335510254e-01
-8.081129193305969238e-02
1.194067448377609253e-01
-4.731186628341674805e-01
-1.399450004100799561e-01
-1.834171563386917114e-01
-3.022504448890686035e-01
-2.377260029315948486e-01
-1.102311611175537109e+00
-1.423755586147308350e-01
-7.200020551681518555e-01
-2.180796414613723755e-01
1.872002780437469482e-01
5.531912297010421753e-02
-1.562841385602951050e-01
-1.235007643699645996e-01
-4.973305165767669678e-01
-1.333341121673583984e+00
-3.985172808170318604e-01
-6.074721217155456543e-01
1.905963122844696045e-01
4.737317264080047607e-01
-5.096994340419769287e-02
-1.462218761444091797e-01
-9.508938342332839966e-02
9.769516438245773315e-02
-6.170248389244079590e-01
-5.216973423957824707e-01
-1.598653197288513184e-01
1.488892912864685059e+00
-4.426508843898773193e-01
-4.283836364746093750e+00
5.984652414917945862e-02
-2.630138993263244629e-01
4.537158906459808350e-01
-3.254877030849456787e-01
6.033876895904541016e+00
-3.113857805728912354e-01
2.868081331253051758e-01
-4.490662515163421631e-01
2.168146371841430664e-01
-6.500716209411621094e-01
2.383575737476348877e-01
9.875933825969696045e-02
-2.029687464237213135e-01
-3.809503018856048584e-01
9.058691263198852539e-01
-7.387362420558929443e-02
5.425842106342315674e-02
5.282376408576965332e-01
3.112475275993347168e-01
9.381625801324844360e-03
-1.140959039330482483e-01
1.560365408658981323e-01
-1.351820468902587891e+00
1.386991888284683228e-01
2.600141614675521851e-02
5.701290443539619446e-02
5.272527933120727539e-01
1.018739715218544006e-01
1.268030703067779541e-01
-2.968327701091766357e-01
-1.548060774803161621e-01
-6.656737625598907471e-02
4.785129725933074951e-01
2.089644521474838257e-01
2.113674730062484741e-01
-7.230097651481628418e-01
3.752946257591247559e-01
8.501029014587402344e-02
-1.943774670362472534e-01
1.844370812177658081e-01
7.109162211418151855e-02
3.954538404941558838e-01
1.532025635242462158e-01
-1.480733901262283325e-01
2.605525255203247070e-01
3.578569293022155762e-01
1.330057382583618164e-01
4.518363773822784424e-01
-2.090063840150833130e-01
1.930817216634750366e-01
2.534096539020538330e-01
-1.603723019361495972e-01
2.374373823404312134e-01
3.651696145534515381e-01
-1.806540489196777344e-01
2.292542457580566406e-01
-1.990236997604370117e+00
3.248891532421112061e-01
-1.295300006866455078e+00
-2.323258638381958008e+00
-7.015603780746459961e-01
-1.079663448035717010e-02
1.896781474351882935e-01
3.684635832905769348e-02
-9.898793697357177734e-02
3.559014797210693359e-01
-7.680082917213439941e-01
3.288232088088989258e-01
4.712917804718017578e-01
2.321919202804565430e-01
2.342721670866012573e-01
1.381002366542816162e-01
1.782069653272628784e-01
6.970290839672088623e-02
2.934154570102691650e-01
-2.540519237518310547e-01
1.227138657122850418e-02
-2.733827233314514160e-01
-1.517727851867675781e+00
-4.060113057494163513e-02
4.349349141120910645e-01
7.964813709259033203e-02
2.462066337466239929e-02
-9.768859297037124634e-02
1.438946649432182312e-02
1.913566142320632935e-01
-1.962250620126724243e-01
-4.102052375674247742e-02
8.110468834638595581e-02
1.142121255397796631e-01
7.313172519207000732e-02
-8.284354954957962036e-02
1.583267003297805786e-01
-9.049958549439907074e-03
2.438749361317604780e-04
1.217117682099342346e-01
-1.593699604272842407e-01
4.189972765743732452e-03
8.808212727308273315e-02
5.861287191510200500e-02
2.650026418268680573e-02
-1.127991080284118652e-01
1.964334249496459961e-01
1.657142341136932373e-01
1.496205925941467285e-01
-1.265215426683425903e-01
3.722190484404563904e-02
9.817917644977569580e-02
-2.329280972480773926e-02
-1.826904118061065674e-01
1.212757676839828491e-01
-6.224182620644569397e-02
1.891298964619636536e-02
7.319834828376770020e-02
2.252349816262722015e-02
-1.182830408215522766e-01
-4.907970316708087921e-03
-9.674821048974990845e-02
1.127568036317825317e-01
-2.885236442089080811e-01
-1.751096099615097046e-01
2.521042525768280029e-02
-2.360701002180576324e-02
2.070645838975906372e-01
9.541640430688858032e-02
8.922569453716278076e-02
1.092916503548622131e-01
1.664690822362899780e-01
7.375591993331909180e-02
-8.677237480878829956e-02
-2.037812024354934692e-03
2.891963422298431396e-01
-1.775404214859008789e-01
1.610053926706314087e-01
2.812224999070167542e-02
8.154755458235740662e-03
3.202023357152938843e-02
6.723717600107192993e-02
3.666469156742095947e-01
-1.407906264066696167e-01
5.379398167133331299e-02
6.574548780918121338e-02
3.640529513359069824e-02
-1.452799886465072632e-01
4.314542561769485474e-02
-4.770234227180480957e-01
3.033845722675323486e-01
2.506106376647949219e+00
-2.044806778430938721e-01
-1.123022809624671936e-01
1.694343328475952148e+00
3.075813353061676025e-01
2.426422387361526489e-01
2.391268461942672729e-01
2.699318807572126389e-03
4.607512354850769043e-01
2.285996437072753906e+00
5.069710612297058105e-01
-4.063417911529541016e-01
1.123936399817466736e-01
8.912044763565063477e-02
2.239465713500976562e+00
-3.199630975723266602e-02
-1.481334567070007324e+00
8.449171185493469238e-01
2.714276015758514404e-01
3.935153484344482422e+00
1.673795878887176514e-01
4.409182667732238770e-01
1.555821597576141357e-01
3.212707757949829102e+00
8.805834650993347168e-01
4.328608810901641846e-01
-1.235953718423843384e-01
-1.781833469867706299e-01
2.549114823341369629e-01
5.087620615959167480e-01
2.804822027683258057e-01
-5.909122228622436523e-01
1.094921946525573730e+00
3.351137638092041016e-01
1.721230149269104004e-01
-1.503219604492187500e-01
3.190957009792327881e-01
-9.886268973350524902e-01
-1.228035986423492432e-01
2.372066825628280640e-01
2.249341487884521484e+00
2.210390090942382812e+00
1.918256431818008423e-01
9.401171654462814331e-02
-5.880672931671142578e-01
3.733038008213043213e-01
3.569152653217315674e-01
1.851729989051818848e+00
-2.425138950347900391e-01
3.472940623760223389e-01
4.136001467704772949e-01
2.643060684204101562e-01
1.640646308660507202e-01
1.359047740697860718e-01
9.972874522209167480e-01
8.927860260009765625e-01
8.401102572679519653e-02
3.502019345760345459e-01
5.794909596443176270e-01
3.257285058498382568e-01
1.326900839805603027e+00
6.871367990970611572e-02
