-2.395351380109786987e-01
-3.246068060398101807e-01
-7.039272785186767578e-02
6.500883609987795353e-04
2.105167508125305176e-02
-5.798787623643875122e-02
1.803079992532730103e-02
2.192640155553817749e-01
-1.687448769807815552e-01
2.390088587999343872e-01
-2.163576334714889526e-01
-1.253210455179214478e-01
-5.468967556953430176e-01
-1.615098416805267334e-01
2.273913472890853882e-01
1.965764313936233521e-01
7.461120933294296265e-02
-2.241732478141784668e-01
-5.166165828704833984e-01
-3.392736017704010010e-01
-1.165040885098278522e-03
-3.839457035064697266e-02
-3.328322470188140869e-01
-2.982049286365509033e-01
-5.242532491683959961e-02
-1.177632659673690796e-01
-7.868855446577072144e-02
3.839935362339019775e-01
-1.665325909852981567e-01
5.445531010627746582e-01
-1.101578865200281143e-02
3.768978714942932129e-01
6.640528887510299683e-02
-2.198690176010131836e-01
-1.224208101630210876e-01
-2.553364336490631104e-01
-1.595836877822875977e-01
-2.188365459442138672e-01
-5.057254806160926819e-02
-3.472756147384643555e-01
-2.742679417133331299e-02
-2.399355918169021606e-01
-3.123799264430999756e-01
-2.130679786205291748e-01
-1.858776658773422241e-01
-3.385032713413238525e-02
-6.186621189117431641e-01
2.868176102638244629e-01
4.822041466832160950e-02
-3.888188302516937256e-02
2.316889911890029907e-02
-8.767019608058035374e-04
-7.493284996598958969e-03
-1.876676641404628754e-02
-1.106354966759681702e-01
1.533775180578231812e-01
1.945870965719223022e-01
1.121339797973632812e-01
6.794443726539611816e-02
1.460996270179748535e-01
1.177154257893562317e-01
-6.354772299528121948e-02
2.441580593585968018e-01
-5.315494537353515625e-01
-1.204622313380241394e-01
-2.770422585308551788e-02
1.329025775194168091e-01
1.565722078084945679e-01
6.855181604623794556e-02
-1.199201419949531555e-01
-7.653114944696426392e-02
-3.212873637676239014e-01
-1.178669854998588562e-01
-3.025121986865997314e-01
7.999211549758911133e-01
1.640492528676986694e-01
8.100532889366149902e-01
1.342391818761825562e-01
9.986472129821777344e-02
-1.366965621709823608e-01
-1.538047194480895996e-02
-4.583346843719482422e-01
-3.324165642261505127e-01
4.934310913085937500e-01
6.081855297088623047e-02
-1.770740002393722534e-01
-2.126582115888595581e-01
1.052454672753810883e-02
2.397278547286987305e-01
-3.883574008941650391e-01
-7.502119541168212891e-01
3.306860327720642090e-01
-4.928979873657226562e-01
-3.742759823799133301e-01
-1.749725639820098877e-01
-1.713755875825881958e-01
-1.504339426755905151e-01
-1.378351897001266479e-01
-1.632291823625564575e-02
-2.430285662412643433e-01
2.226050794124603271e-01
1.360785812139511108e-01
1.767492592334747314e-01
6.805635988712310791e-02
1.321067959070205688e-01
-2.206390500068664551e-01
-1.000267863273620605e-01
6.005679070949554443e-02
-2.193239778280258179e-01
-3.728160560131072998e-01
6.796309351921081543e-01
-3.973980545997619629e-01
-2.661954164505004883e-01
-3.271838128566741943e-01
-1.170587390661239624e-01
-1.515391319990158081e-01
1.593930087983608246e-02
3.006618022918701172e-01
-1.667274087667465210e-01
-2.756403759121894836e-02
-2.397747933864593506e-01
1.949763298034667969e-01
-1.331995576620101929e-01
2.667329311370849609e-01
-2.628330886363983154e-01
4.665692523121833801e-02
-2.459397315979003906e-01
-3.902123272418975830e-01
3.061972260475158691e-01
5.638371706008911133e-01
6.986456364393234253e-02
2.114202082157135010e-01
4.952956922352313995e-03
-3.017481863498687744e-01
-2.126253955066204071e-02
-4.098570942878723145e-01
-1.916858255863189697e-01
-7.309173047542572021e-02
1.966229081153869629e-01
1.249386463314294815e-02
1.607598543167114258e+00
-1.893632262945175171e-01
1.737735271453857422e-01
-3.779217302799224854e-01
-2.893497943878173828e-01
-6.280615925788879395e-02
1.076887965202331543e+00
2.063977867364883423e-01
-1.886681467294692993e-01
-1.282008588314056396e-01
-1.720978021621704102e-01
3.766757547855377197e-01
9.178864210844039917e-02
1.938303112983703613e-01
-2.925507426261901855e-01
-2.541448175907135010e-02
-1.745740622282028198e-01
5.317197181284427643e-03
-3.820717632770538330e-01
-4.404830336570739746e-01
6.035475730895996094e-01
-4.113243520259857178e-01
1.689936965703964233e-01
2.353271543979644775e-01
-2.451104223728179932e-01
5.140475183725357056e-02
-7.193194329738616943e-02
-9.218764491379261017e-03
1.059392020106315613e-01
2.148080058395862579e-02
-2.653476037085056305e-02
4.301901534199714661e-02
-2.221893221139907837e-01
7.284770160913467407e-02
5.765950679779052734e-01
-2.462242692708969116e-01
-1.370385140180587769e-01
-4.525796473026275635e-01
-1.145695298910140991e-01
-2.694493234157562256e-01
-5.081524699926376343e-02
-9.840071201324462891e-02
1.149688884615898132e-01
-4.487642645835876465e-02
-3.272157013416290283e-01
9.382417052984237671e-02
1.720802932977676392e-01
-1.628154218196868896e-01
2.140433490276336670e-01
3.286328017711639404e-01
2.101900875568389893e-01
4.953227639198303223e-01
-1.787059605121612549e-01
-1.148211862891912460e-02
-2.842144668102264404e-01
-1.036560013890266418e-01
4.022079110145568848e-01
8.249749429523944855e-03
-3.891570568084716797e-01
5.286018252372741699e-01
1.146872639656066895e-01
1.846299618482589722e-01
1.777360141277313232e-01
3.150969147682189941e-01
-3.508291244506835938e-01
6.671025604009628296e-02
6.926423311233520508e-02
-9.780518710613250732e-02
1.079456135630607605e-01
3.147048950195312500e-01
-2.084005810320377350e-02
-6.260059028863906860e-02
1.863559186458587646e-01
1.218970939517021179e-01
2.178091257810592651e-01
-4.524753987789154053e-02
2.355906739830970764e-02
2.916469573974609375e-01
7.510350942611694336e-01
-1.048944368958473206e-01
-4.052188619971275330e-02
-5.942511558532714844e-02
4.191772639751434326e-01
1.118426173925399780e-01
-2.087791711091995239e-01
-4.169232249259948730e-01
1.286012977361679077e-01
4.640564695000648499e-02
7.677862048149108887e-01
1.232751160860061646e-01
-1.515869796276092529e-01
1.505582928657531738e-01
2.537807822227478027e-01
6.332775950431823730e-02
7.063194364309310913e-02
-1.929581910371780396e-02
1.123540848493576050e-01
-2.684968709945678711e-01
-8.243086338043212891e-01
-8.431478589773178101e-02
1.560926288366317749e-01
7.689064145088195801e-01
2.984356284141540527e-01
-2.908594161272048950e-02
-6.425846815109252930e-01
1.579867899417877197e-01
-3.692302405834197998e-01
2.860922515392303467e-01
-2.180135250091552734e-01
-9.909646213054656982e-02
-7.865318655967712402e-02
2.264898121356964111e-01
-2.215123176574707031e-01
5.146519839763641357e-02
6.537473201751708984e-02
3.012140095233917236e-01
-2.014056444168090820e-01
1.767474040389060974e-02
-9.216665476560592651e-02
2.501137256622314453e-01
5.877559781074523926e-01
2.437013089656829834e-01
-5.252697467803955078e-01
-3.601865172386169434e-01
-3.872115910053253174e-01
1.009341999888420105e-01
1.688073277473449707e-01
-2.862829864025115967e-01
2.971670590341091156e-02
4.754931032657623291e-01
-4.148859996348619461e-03
2.474047094583511353e-01
-2.164465039968490601e-01
2.286254614591598511e-01
9.696293622255325317e-02
3.787694871425628662e-02
2.482898980379104614e-01
-1.079860627651214600e-01
8.731675893068313599e-02
2.838304042816162109e-01
-1.715640872716903687e-01
8.038894087076187134e-02
2.735787257552146912e-02
3.532500267028808594e-01
-4.245063960552215576e-01
-3.687403351068496704e-02
-2.328310757875442505e-01
2.088844217360019684e-02
-7.068069577217102051e-01
-2.775831818580627441e-01
1.991235911846160889e-01
2.610001899302005768e-02
-2.262495160102844238e-01
-1.703183799982070923e-01
1.471448093652725220e-01
-5.943830013275146484e-01
3.267186582088470459e-01
2.030752450227737427e-01
-7.626240849494934082e-01
1.599586009979248047e-01
-1.465159952640533447e-01
6.947408318519592285e-01
-1.011506244540214539e-01
-4.507649540901184082e-01
-2.613691985607147217e-01
-6.041454076766967773e-01
1.725944578647613525e-01
3.546612560749053955e-01
-1.643502265214920044e-01
1.041926592588424683e-01
-1.281029134988784790e-01
1.809054166078567505e-01
-3.660516738891601562e-01
1.072502806782722473e-01
6.527648121118545532e-02
-7.109826058149337769e-02
5.344391241669654846e-02
-2.156584411859512329e-01
-4.450497329235076904e-01
-7.302088290452957153e-02
8.172863721847534180e-02
3.236962258815765381e-01
2.381022423505783081e-01
7.300239205360412598e-01
7.318745255470275879e-01
-1.148233115673065186e-01
5.267217159271240234e-01
3.100333176553249359e-02
2.067234516143798828e-01
1.405738145112991333e-01
9.457861781120300293e-01
1.250253170728683472e-01
-3.476448729634284973e-02
3.350761160254478455e-02
2.919817529618740082e-02
-7.604317367076873779e-02
2.343612015247344971e-01
2.106689661741256714e-01
-1.264096647500991821e-01
4.165120422840118408e-02
-2.305396348237991333e-01
6.122214719653129578e-02
-1.509812474250793457e-01
3.147253692150115967e-01
1.355571299791336060e-01
-7.379624992609024048e-02
-7.800058275461196899e-02
-1.057839393615722656e-01
-4.295656979084014893e-01
-6.629386544227600098e-01
-2.023098319768905640e-01
-1.264601051807403564e-01
3.227668404579162598e-01
2.009004801511764526e-01
2.502967417240142822e-01
6.574776172637939453e-01
-2.990854978561401367e-01
6.018269807100296021e-02
1.696979105472564697e-01
-2.602459490299224854e-01
6.752268224954605103e-02
-2.373626679182052612e-01
-3.617785172536969185e-03
1.203096508979797363e-01
-3.227364122867584229e-01
4.785041511058807373e-01
1.059571281075477600e-01
-2.398393601179122925e-01
2.388283461332321167e-01
-2.202304005622863770e-01
-1.270747929811477661e-01
3.591934964060783386e-02
-2.668350636959075928e-01
9.282317012548446655e-02
3.643407225608825684e-01
2.331092208623886108e-01
2.203817814588546753e-01
-1.341670304536819458e-01
2.112755328416824341e-01
5.009547621011734009e-02
5.454628467559814453e-01
1.196752488613128662e-01
9.151589125394821167e-02
-2.630117833614349365e-01
4.591864347457885742e-01
4.621054530143737793e-01
2.155041322112083435e-02
2.806409895420074463e-01
2.429443597793579102e-01
-2.645661234855651855e-01
8.685673028230667114e-02
-2.682044506072998047e-01
-2.335427403450012207e-01
1.903172768652439117e-02
-1.510199345648288727e-02
-9.165663272142410278e-02
1.233868479728698730e+00
3.789324462413787842e-01
1.916176825761795044e-01
-5.142803862690925598e-02
4.096176102757453918e-02
-2.479767203330993652e-01
1.114706993103027344e+00
3.209950923919677734e-01
-9.936069697141647339e-02
-3.934922218322753906e-01
1.753642112016677856e-01
4.754101336002349854e-01
-2.637196183204650879e-01
4.303194582462310791e-02
2.770180813968181610e-02
4.005311429500579834e-01
3.342433646321296692e-02
1.331496119499206543e+00
-9.240604192018508911e-02
3.314131200313568115e-01
1.122020602226257324e+00
-8.595314621925354004e-02
-1.102574635297060013e-02
3.896169662475585938e-01
-2.648413777351379395e-01
-2.746967673301696777e-01
6.657713558524847031e-03
-2.294925600290298462e-02
2.064803540706634521e-01
-6.014481186866760254e-02
-3.947087526321411133e-01
-1.731751114130020142e-01
2.210369110107421875e-01
-3.448826670646667480e-01
6.566656827926635742e-01
-7.498559076339006424e-03
3.517318964004516602e-01
-3.573927581310272217e-01
-2.037844061851501465e-01
-2.461548708379268646e-02
3.259196281433105469e-01
3.743920847773551941e-02
1.533035188913345337e-01
1.602079868316650391e-01
-2.747787535190582275e-01
2.603925950825214386e-02
3.954243659973144531e-02
-1.559366136789321899e-01
-3.033333085477352142e-02
1.689132899045944214e-01
3.678934574127197266e-01
9.774266481399536133e-01
-2.599628176540136337e-03
-1.412023752927780151e-01
3.449166715145111084e-01
-5.163455381989479065e-02
8.966326713562011719e-02
4.168273508548736572e-02
-2.465831339359283447e-01
4.605322778224945068e-01
2.380250394344329834e-01
2.779143117368221283e-02
4.595685303211212158e-01
1.759676635265350342e-01
8.880741000175476074e-01
1.294291913509368896e-01
2.246058285236358643e-01
2.158651351928710938e-01
3.917522728443145752e-01
3.898097276687622070e-01
-3.146461546421051025e-01
-3.114484995603561401e-02
2.766534090042114258e-01
-4.686517640948295593e-03
5.731366872787475586e-01
2.679864466190338135e-01
3.434629738330841064e-02
3.597393035888671875e-01
8.553171157836914062e-01
-7.204988598823547363e-02
2.106141895055770874e-01
-7.392690777778625488e-01
3.895194828510284424e-01
7.991578578948974609e-01
-6.591875106096267700e-02
-3.885141611099243164e-01
3.699231147766113281e-02
5.427163839340209961e-02
4.541555643081665039e-01
2.834852039813995361e-01
3.041076846420764923e-02
5.215211957693099976e-02
2.121063172817230225e-01
1.223408877849578857e-01
2.182465493679046631e-01
-9.080433845520019531e-02
2.694172970950603485e-02
-7.371775805950164795e-02
9.604465961456298828e-01
-3.575233742594718933e-02
-1.203340962529182434e-01
2.393593937158584595e-01
4.996663630008697510e-01
-6.593164801597595215e-02
-2.858163416385650635e-01
4.171458184719085693e-01
-2.670767605304718018e-01
-5.370952188968658447e-02
-1.146386563777923584e-01
1.745224744081497192e-01
-1.711308956146240234e-01
2.900010347366333008e-02
-3.285432755947113037e-01
3.575673699378967285e-01
-5.311473738402128220e-03
3.388887643814086914e-01
