5.630738567560911179e-03
5.022973753511905670e-03
-5.595274269580841064e-03
-1.257792860269546509e-02
9.897083044052124023e-03
6.091119139455258846e-04
8.524173870682716370e-03
-3.574590757489204407e-02
-7.820306345820426941e-03
3.242569044232368469e-02
-7.709809578955173492e-03
9.488577023148536682e-03
-2.311661606654524803e-03
3.083593212068080902e-02
-3.517250297591090202e-04
-3.211478935554623604e-03
1.234576920978724957e-03
-4.782426636666059494e-03
-1.739072985947132111e-02
-1.183171868324279785e-01
-2.073645591735839844e-02
-2.368295565247535706e-02
9.060599841177463531e-03
1.214260328561067581e-02
-7.906430400907993317e-03
5.171477328985929489e-03
-6.746195256710052490e-02
1.116685476154088974e-02
-1.587517112493515015e-01
7.678788155317306519e-03
-5.565623287111520767e-03
1.323888916522264481e-02
9.103761054575443268e-03
5.279695615172386169e-04
-1.446156017482280731e-02
3.242174861952662468e-03
-7.692309562116861343e-03
-5.638366565108299255e-03
1.198176946491003036e-02
-2.460955642163753510e-02
-4.425366874784231186e-03
-1.199524756520986557e-02
-4.409559769555926323e-04
3.356359666213393211e-03
-6.141461431980133057e-03
-4.004276357591152191e-03
2.554874122142791748e-02
-5.390276014804840088e-02
3.925738111138343811e-02
-3.722902014851570129e-02
-7.142854388803243637e-03
-1.619270592927932739e-01
-1.296322513371706009e-02
7.523436797782778740e-04
-7.441780529916286469e-03
1.165622938424348831e-02
-5.675483960658311844e-03
-1.540501117706298828e-01
1.744702309370040894e-01
-1.205651834607124329e-02
-2.389484830200672150e-02
-8.734202943742275238e-03
3.815279342234134674e-03
7.836764678359031677e-03
-5.218503065407276154e-03
1.032979972660541534e-02
9.025114122778177261e-04
6.253276485949754715e-03
2.359432168304920197e-02
-1.893848739564418793e-02
1.055954606272280216e-03
-9.469964541494846344e-03
4.685922525823116302e-03
-1.371169346384704113e-03
1.646002978086471558e-01
5.923572927713394165e-03
1.160395611077547073e-02
1.333085075020790100e-02
1.948109269142150879e-02
-8.714963332749903202e-04
3.603451652452349663e-03
-1.677533835172653198e-01
6.072930525988340378e-03
2.178484108299016953e-03
-7.047178596258163452e-02
-1.833158917725086212e-02
-1.114492211490869522e-02
3.748261369764804840e-04
-1.792751485481858253e-03
-7.103124517016112804e-04
-2.654372481629252434e-03
2.379523590207099915e-02
-3.825941588729619980e-03
3.579664230346679688e-02
3.172273514792323112e-03
-7.300119847059249878e-03
3.361175069585442543e-03
5.849909503012895584e-04
1.065425761044025421e-02
-4.741747677326202393e-02
1.251228991895914078e-02
-3.503811731934547424e-02
-2.261880598962306976e-02
-3.921053186058998108e-02
-1.163607742637395859e-02
1.564214378595352173e-01
9.562480449676513672e-02
-1.494094077497720718e-02
-4.083381965756416321e-02
7.980892434716224670e-03
6.532451510429382324e-02
-2.594891004264354706e-02
-1.887664012610912323e-02
9.631380438804626465e-03
2.499507181346416473e-02
-1.531752292066812515e-02
2.233016071841120720e-03
-3.424847871065139771e-02
-7.772568147629499435e-03
-1.727238744497299194e-01
-3.063301183283329010e-02
2.330561866983771324e-03
3.032027743756771088e-02
-3.798597725108265877e-03
-8.459587581455707550e-03
6.817988585680723190e-03
1.673543080687522888e-02
-1.725185066461563110e-01
2.701479382812976837e-02
-2.262859418988227844e-02
-6.929922848939895630e-02
1.726573333144187927e-02
-5.017804214730858803e-04
6.476615555584430695e-03
6.509901024401187897e-03
-1.188182905316352844e-01
-1.062990538775920868e-02
-3.415267914533615112e-02
-5.878850445151329041e-02
-2.096328826155513525e-04
-1.805029958486557007e-01
-1.042627915740013123e-02
7.556225173175334930e-03
3.849411150440573692e-03
-5.012175068259239197e-03
3.296671900898218155e-03
8.765633217990398407e-03
1.374172326177358627e-02
7.980661466717720032e-04
-4.721829295158386230e-02
1.605223566293716431e-01
2.520575944799929857e-04
1.442897832021117210e-03
4.118855285923928022e-04
-7.611578912474215031e-04
-1.629221439361572266e-01
-9.494433761574327946e-04
1.764193293638527393e-03
-2.853743731975555420e-02
-8.570721838623285294e-04
1.423946465365588665e-03
-1.439218223094940186e-02
3.576535498723387718e-03
-1.106336426914822368e-07
-6.133131682872772217e-04
-1.105557545088231564e-03
4.642757994588464499e-05
-1.186405424959957600e-03
-1.193350414041560725e-07
4.091205541044473648e-03
2.124274894595146179e-02
5.907818234618389397e-08
-6.943771586520597339e-05
-5.678044632077217102e-02
-3.637079498730599880e-04
-5.750116892158985138e-03
1.623349264264106750e-02
2.051650313660502434e-03
1.331902410584007157e-07
-1.163868885487318039e-02
2.504369942471385002e-03
1.142864078283309937e-01
5.036633834242820740e-02
1.415658183395862579e-02
-1.023591379635035992e-03
-4.172131419181823730e-03
-1.548830866813659668e-01
-1.042924895882606506e-01
-1.557591706514358521e-01
-1.199668506160378456e-03
-4.968922695525179734e-08
5.497814156115055084e-03
-8.490854874253273010e-03
5.275331437587738037e-03
-3.499172255396842957e-02
7.664357690373435616e-05
2.688001841306686401e-03
-1.635963916778564453e-01
-2.223137766122817993e-03
-4.135752096772193909e-03
-3.133917693048715591e-03
-1.227806904353201389e-03
-5.331191234290599823e-03
6.496722926385700703e-04
1.982349203899502754e-03
-1.622559279203414917e-01
1.481137275695800781e-01
-2.372087351977825165e-02
9.702664613723754883e-02
-1.479857116937637329e-01
-9.104334749281406403e-04
-2.768030099105089903e-04
-9.059628355316817760e-04
-2.067673951387405396e-02
1.122990250587463379e-02
3.041925840079784393e-02
1.640688776969909668e-01
1.165275927633047104e-02
1.202524523250758648e-03
1.064620605006894039e-07
9.817762766033411026e-04
-1.442657131701707840e-02
-6.617780309170484543e-03
1.638883538544178009e-02
-1.639426946640014648e-01
8.408015593886375427e-03
2.618952654302120209e-02
-5.131557118147611618e-04
-1.965567935258150101e-03
-5.906750448048114777e-03
1.148204505443572998e-01
-1.324449101502978010e-07
2.115326002240180969e-03
2.097713993862271309e-03
-3.229089081287384033e-03
1.570020169019699097e-01
-2.350966678932309151e-03
3.655487671494483948e-02
3.290366439614444971e-04
-8.798591443337500095e-04
-3.998763114213943481e-02
1.193158403038978577e-01
2.825840376317501068e-03
3.031817963346838951e-03
8.494838140904903412e-03
2.421181090176105499e-02
1.706511829979717731e-03
1.129224547185003757e-03
2.371392957866191864e-02
2.195855043828487396e-02
-2.044202387332916260e-02
3.870559694973962905e-08
9.309932589530944824e-03
1.224788650870323181e-01
-7.573562754714657785e-08
1.605139821767807007e-01
-1.772911474108695984e-02
9.409429367224220186e-06
-1.510621458292007446e-01
6.592557183466851711e-04
-8.492303313687443733e-04
-2.889721421524882317e-03
3.587155370041728020e-03
-8.474883623421192169e-03
-6.066317856311798096e-02
2.193760126829147339e-02
-8.036281168460845947e-02
4.025309171993285418e-04
-5.152071244083344936e-04
3.142004832625389099e-03
1.098507507180102039e-08
2.388557884842157364e-03
6.112930606150257518e-08
7.173361256718635559e-03
6.624681409448385239e-03
-1.575552374124526978e-01
-1.654322296380996704e-01
-2.903284691274166107e-02
-1.613380014896392822e-01
-1.223983429372310638e-02
4.315605387091636658e-03
4.991403315216302872e-03
3.746649483218789101e-03
-1.168098999187350273e-03
2.816624194383621216e-02
-8.511962369084358215e-03
-1.067325379699468613e-02
-5.019195377826690674e-03
9.213100420311093330e-04
3.051581420004367828e-02
-1.605463176965713501e-01
-1.849950058385729790e-03
-7.109395228326320648e-04
1.405399106442928314e-02
-7.323609292507171631e-02
-1.579684168100357056e-01
5.983798764646053314e-04
4.157245159149169922e-02
1.220403821207582951e-03
-3.665937483310699463e-02
1.363729033619165421e-02
3.081029048189520836e-03
-3.213409567251801491e-03
1.085152663290500641e-02
-3.352129831910133362e-03
1.318014576099812984e-03
-2.088921517133712769e-02
6.509888917207717896e-03
-2.775119245052337646e-02
3.771967254579067230e-03
-3.059317823499441147e-03
2.967146784067153931e-02
9.154709987342357635e-03
-1.709604519419372082e-03
1.463137683458626270e-03
-1.342533068964257836e-04
7.315183989703655243e-03
-3.748486982658505440e-03
9.435578249394893646e-03
-1.461922973394393921e-01
-1.087184809148311615e-02
2.858484629541635513e-03
-4.970461130142211914e-03
1.130860648117959499e-03
-1.163692679256200790e-03
-2.080499427393078804e-03
-3.760304301977157593e-03
-7.772361487150192261e-02
2.070153132081031799e-03
-4.688292276114225388e-03
-8.045121096074581146e-03
9.821576066315174103e-03
-6.775837391614913940e-03
1.212992612272500992e-02
5.432611797004938126e-03
1.145879924297332764e-02
5.912516731768846512e-03
-8.854571729898452759e-03
-6.840087939053773880e-03
3.416253719478845596e-03
2.187956357374787331e-03
-6.683648098260164261e-03
-4.358535166829824448e-03
-1.620751060545444489e-02
1.835451833903789520e-02
1.641797483898699284e-03
-2.736735716462135315e-02
-1.206384971737861633e-02
-1.363635994493961334e-02
4.991657100617885590e-03
1.540693733841180801e-02
1.020719390362501144e-02
1.918449997901916504e-02
8.633271791040897369e-03
-6.090943352319300175e-04
4.031855147331953049e-03
-9.060767479240894318e-04
-1.511255651712417603e-02
-1.500555593520402908e-02
-2.659514918923377991e-02
1.420954335480928421e-02
-8.747535757720470428e-03
9.516550926491618156e-04
-1.160874217748641968e-02
1.951843500137329102e-03
1.422589877620339394e-03
-4.151015542447566986e-03
7.545079104602336884e-03
-5.591133609414100647e-03
2.863471396267414093e-03
6.736470386385917664e-03
-6.906813941895961761e-03
2.410991350188851357e-03
-1.799408160150051117e-02
-2.935290103778243065e-03
5.706149968318641186e-04
1.525118201971054077e-02
-4.719833377748727798e-03
-6.075072102248668671e-03
-2.504326403141021729e-03
2.445250051096081734e-03
-6.957138422876596451e-03
-3.402940230444073677e-03
1.328003592789173126e-03
1.392186898738145828e-02
7.736825384199619293e-03
4.311274271458387375e-03
1.229851692914962769e-02
-2.003605477511882782e-03
-4.467027320060878992e-04
-9.631037712097167969e-03
1.398910209536552429e-02
-4.309682175517082214e-03
-4.971997346729040146e-03
2.689109416678547859e-03
3.047669539228081703e-03
8.097718819044530392e-04
-9.185879025608301163e-05
3.380683192517608404e-04
2.052757516503334045e-02
-7.786593865603208542e-03
-4.438973031938076019e-03
3.988672979176044464e-03
-2.896824851632118225e-03
4.458400420844554901e-03
-1.553090289235115051e-02
-4.216399975121021271e-03
-4.608645685948431492e-04
7.155363447964191437e-03
6.792591884732246399e-04
-9.244358167052268982e-03
1.671087229624390602e-03
-2.090726775350049138e-04
-3.105369955301284790e-02
4.681764543056488037e-02
-2.642382495105266571e-02
-1.942668482661247253e-02
-9.200077620334923267e-04
-4.191016778349876404e-03
1.203466486185789108e-02
-3.570886328816413879e-03
-1.008481136523187160e-03
2.295362530276179314e-03
9.013276547193527222e-03
-4.040021449327468872e-03
6.655084900557994843e-03
-7.029220927506685257e-03
1.055636629462242126e-02
4.994191695004701614e-04
1.174844987690448761e-02
9.952513128519058228e-02
-1.539123337715864182e-02
-1.017361530102789402e-03
-2.234540181234478951e-03
-1.706244610249996185e-02
-2.673683222383260727e-03
3.828029439318925142e-04
1.849050261080265045e-02
-1.899451017379760742e-02
1.163135096430778503e-02
-9.773772209882736206e-03
-1.982577032322296873e-06
1.703977584838867188e-03
-1.514396048150956631e-03
-3.651334438472986221e-03
-2.057710289955139160e-02
-7.293639704585075378e-03
-3.232971765100955963e-03
-1.864176010712981224e-03
8.867745287716388702e-03
