-1.290960907936096191e-01
8.142060786485671997e-02
1.149002555757761002e-02
3.704421967267990112e-02
-4.240816459059715271e-02
-2.371652424335479736e-02
-1.046706810593605042e-01
7.730701472610235214e-03
-7.860821485519409180e-02
-9.566527605056762695e-02
3.144382312893867493e-02
-6.119943782687187195e-02
-5.044326931238174438e-02
1.013056561350822449e-01
-4.933672025799751282e-02
7.207628339529037476e-03
8.613865822553634644e-03
3.288928419351577759e-03
-1.855932921171188354e-02
-1.468421965837478638e-01
6.489614397287368774e-02
-2.122311852872371674e-02
-1.914152875542640686e-02
9.468887001276016235e-02
-5.956972390413284302e-02
-1.273675858974456787e-01
-6.058442592620849609e-02
8.742336183786392212e-02
5.550907179713249207e-02
-9.826043993234634399e-02
6.037672609090805054e-02
-1.791847683489322662e-02
1.067866291850805283e-02
-1.320325536653399467e-03
-1.842069439589977264e-02
-6.175603345036506653e-02
3.456049039959907532e-02
2.880080603063106537e-02
-9.285503625869750977e-02
1.171034947037696838e-01
3.922550007700920105e-02
1.956939697265625000e-02
3.894309513270854950e-03
-9.676499664783477783e-02
-1.162623688578605652e-01
-1.217668652534484863e-01
-7.388107944279909134e-03
-8.764173090457916260e-02
4.649697244167327881e-02
-7.441992312669754028e-02
-5.463216453790664673e-02
4.821095149964094162e-03
-2.488922514021396637e-02
1.296272873878479004e-01
-9.768866002559661865e-02
-1.542470008134841919e-01
-6.415868550539016724e-02
3.747415728867053986e-03
8.675145357847213745e-02
-1.505585946142673492e-02
-3.280400484800338745e-02
6.955196708440780640e-02
9.282690286636352539e-02
-1.321038603782653809e-02
1.551391333341598511e-01
6.618116796016693115e-02
7.153441663831472397e-03
-2.813908457756042480e-02
-4.607546329498291016e-02
5.178873240947723389e-02
8.229996263980865479e-02
8.550751209259033203e-02
8.895460516214370728e-02
1.305802166461944580e-01
-2.620361745357513428e-02
-2.903832681477069855e-02
7.306391000747680664e-02
-3.295408189296722412e-02
3.251210227608680725e-02
-7.401141524314880371e-02
-1.775579527020454407e-02
4.224556684494018555e-02
2.201714180409908295e-02
9.020762145519256592e-02
2.725624479353427887e-02
2.116036415100097656e-02
-3.016541339457035065e-02
-1.587437093257904053e-02
8.718181401491165161e-02
-2.784058637917041779e-02
3.681988641619682312e-02
-2.104078829288482666e-01
-7.496685534715652466e-02
9.419467300176620483e-03
5.996569246053695679e-02
1.523019522428512573e-01
9.978955984115600586e-02
-4.328093200456351042e-04
-5.840272177010774612e-03
2.919976599514484406e-03
3.293335065245628357e-02
-1.562597602605819702e-01
7.975777611136436462e-03
-2.445537745952606201e-01
1.429143920540809631e-02
5.407271161675453186e-02
7.548528257757425308e-03
-1.123231798410415649e-01
-7.588525116443634033e-02
-1.148351561278104782e-02
-8.311486244201660156e-02
3.138047456741333008e-02
4.151330515742301941e-02
2.510592155158519745e-02
-2.444023638963699341e-02
4.902702197432518005e-02
-1.916424930095672607e-01
8.141022175550460815e-02
8.478733152151107788e-02
-1.341967731714248657e-01
9.869743883609771729e-02
1.351090371608734131e-01
-7.294743508100509644e-02
-2.628016099333763123e-02
-2.787189744412899017e-02
7.473178952932357788e-02
-1.647663675248622894e-02
7.902213186025619507e-02
3.911575675010681152e-02
1.521460432559251785e-02
7.425860501825809479e-03
-7.312272489070892334e-02
2.852085530757904053e-01
6.328746676445007324e-02
9.071922302246093750e-02
-1.025882363319396973e-01
-1.287704054266214371e-02
-8.886225521564483643e-02
-1.158137023448944092e-01
-5.726725235581398010e-02
-9.241664409637451172e-02
-1.022041961550712585e-02
2.640678361058235168e-02
1.717703193426132202e-01
-1.092524379491806030e-01
1.628655195236206055e-02
-1.112480983138084412e-01
-1.171721145510673523e-01
-1.677491962909698486e-01
6.596969813108444214e-02
