-1.517111212015151978e-01
-1.894349753856658936e-01
1.599087566137313843e-01
-1.996059715747833252e-01
-1.556331664323806763e-01
1.731452196836471558e-01
2.045703679323196411e-01
2.359008789062500000e-01
-2.418459206819534302e-01
-3.353809118270874023e-01
-2.791845500469207764e-01
-2.090748250484466553e-01
-1.468741595745086670e-01
1.689450740814208984e-01
-1.505876183509826660e-01
1.424862891435623169e-01
-1.582080870866775513e-01
-1.537475138902664185e-01
-1.775803416967391968e-01
1.830361485481262207e-01
-1.589144319295883179e-01
1.788096278905868530e-01
1.781819760799407959e-01
-1.469250917434692383e-01
1.311981379985809326e-01
-1.352652460336685181e-01
1.239337176084518433e-01
-1.205851212143898010e-01
-1.676819473505020142e-01
-1.430774927139282227e-01
