-1.789838373661041260e-01
1.649531602859497070e+00
4.474850594997406006e-01
1.326593041419982910e+00
1.010019063949584961e+00
1.142762780189514160e+00
-4.851337373256683350e-01
6.883513927459716797e-01
-3.567316383123397827e-02
9.629902243614196777e-01
4.096065521240234375e+00
3.216840624809265137e-01
1.413112044334411621e+00
2.185348987579345703e+00
2.431446313858032227e+00
1.120773315429687500e+00
1.694620370864868164e+00
1.415181756019592285e+00
2.308229804039001465e-01
4.781987190246582031e+00
1.089098811149597168e+00
1.149672627449035645e+00
5.577683448791503906e-01
1.444485068321228027e+00
1.707181334495544434e-01
7.720679640769958496e-01
1.152183532714843750e+00
2.368718624114990234e+00
2.746054267883300781e+01
6.466787457466125488e-01
1.097219705581665039e+00
6.854189634323120117e-01
-1.694375276565551758e-01
1.541805118322372437e-01
1.856333255767822266e+00
2.545195817947387695e+00
3.407154604792594910e-02
-8.511590957641601562e-02
1.654148660600185394e-02
6.597110033035278320e-01
2.042881488800048828e+00
9.386426210403442383e-01
1.798285722732543945e+00
7.754832506179809570e-01
-1.668888330459594727e-01
1.206978321075439453e+00
8.062911033630371094e-01
2.179061174392700195e+00
1.475870132446289062e+00
2.793586015701293945e+00
3.353876471519470215e-01
1.744332695007324219e+01
1.541050076484680176e+00
1.266303896903991699e+00
2.125288248062133789e+00
2.253391504287719727e+00
2.819488525390625000e+00
2.051610946655273438e+01
1.979802513122558594e+01
5.399621725082397461e-01
4.659612774848937988e-01
2.427793741226196289e+00
1.110100269317626953e+00
9.840752482414245605e-01
-2.676622569561004639e-01
-5.863991752266883850e-02
1.619043469429016113e+00
1.065148115158081055e+00
2.647930622100830078e+00
1.587484955787658691e+00
1.245693564414978027e+00
2.223152518272399902e-01
1.429684638977050781e+00
5.531984195113182068e-02
2.672788619995117188e+01
1.150336027145385742e+00
-3.522459864616394043e-01
7.886832952499389648e-01
7.695720791816711426e-01
8.684004545211791992e-01
1.357536673545837402e+00
2.054782867431640625e+01
3.459959030151367188e-01
2.392223834991455078e+00
5.763644695281982422e+00
1.246209025382995605e+00
1.140012502670288086e+00
-1.936947740614414215e-02
1.261890411376953125e+00
1.384814739227294922e+00
1.041177101433277130e-02
9.333665370941162109e-01
1.691305875778198242e+00
3.054031848907470703e+00
1.402274727821350098e+00
2.027109384536743164e+00
1.122443199157714844e+00
1.266308546066284180e+00
1.499667048454284668e+00
1.434986114501953125e+00
1.649935603141784668e+00
4.182248115539550781e+00
1.486844778060913086e+00
2.998533725738525391e+00
2.636423349380493164e+00
2.533585739135742188e+01
-5.865287184715270996e-01
8.279510736465454102e-01
3.958552360534667969e+00
2.853172540664672852e+00
1.533017396926879883e+00
1.166402578353881836e+00
2.460811614990234375e+00
-1.686710715293884277e-01
1.138394832611083984e+00
6.131894588470458984e-01
6.364391744136810303e-02
1.473178625106811523e+00
1.525774717330932617e+00
-3.856247067451477051e-01
4.029061317443847656e+00
1.052561044692993164e+00
2.072177410125732422e+00
9.609515666961669922e-01
3.074689507484436035e-01
1.378243684768676758e+00
7.143015414476394653e-02
1.800700759887695312e+01
2.141226530075073242e+00
1.089569926261901855e+00
3.228583574295043945e+00
1.143839120864868164e+00
1.478845596313476562e+00
1.204557895660400391e+00
1.223364379256963730e-02
-6.157296299934387207e-01
1.148798108100891113e+00
2.916160821914672852e+00
1.739679574966430664e+00
2.966555356979370117e-01
2.084978103637695312e+01
4.602944254875183105e-01
1.521735072135925293e+00
-5.250847339630126953e-02
6.346898674964904785e-01
6.745138764381408691e-01
-7.962198555469512939e-02
2.819409072399139404e-01
4.425267279148101807e-01
2.091826915740966797e+00
-2.038914871215820312e+01
1.272816658020019531e+00
3.397133946418762207e-01
1.202461004257202148e+00
1.364025115966796875e+00
-1.875891494750976562e+01
1.296564579010009766e+00
1.238107681274414062e+00
-3.949447631835937500e+00
1.295482158660888672e+00
7.701868414878845215e-01
-8.749955147504806519e-02
1.397008180618286133e+00
-9.722414016723632812e+00
1.035977602005004883e+00
9.022589921951293945e-01
1.243805527687072754e+00
4.168259799480438232e-01
-1.033927536010742188e+01
8.800920844078063965e-02
8.349145054817199707e-01
-1.009236907958984375e+01
9.519938826560974121e-01
-1.963813900947570801e+00
1.221248269081115723e+00
9.255281090736389160e-01
1.480306148529052734e+00
1.191923618316650391e+00
-1.000071907043457031e+01
-1.986871838569641113e+00
1.276528477668762207e+00
-1.150221824645996094e+01
-5.042719364166259766e+00
-3.960066139698028564e-01
1.112236976623535156e+00
1.349327206611633301e+00
-1.315565013885498047e+01
-8.758916854858398438e+00
-2.427712821960449219e+01
1.255231499671936035e+00
-1.032485580444335938e+01
1.131766915321350098e+00
1.264217257499694824e+00
1.216918826103210449e+00
-3.105655431747436523e+00
1.221067667007446289e+00
-1.005966901779174805e+00
-1.402372932434082031e+01
1.158085107803344727e+00
1.220373392105102539e+00
6.782522797584533691e-02
1.251451253890991211e+00
1.382754087448120117e+00
1.020956277847290039e+00
1.222425818443298340e+00
-2.558483886718750000e+01
-1.567055225372314453e+01
-2.119682729244232178e-01
-8.073126792907714844e+00
-1.672241592407226562e+01
-1.451683759689331055e+00
1.072527170181274414e+00
1.293262481689453125e+00
6.552214026451110840e-01
-2.883408069610595703e+00
-3.073134660720825195e+00
-1.760169219970703125e+01
1.141290187835693359e+00
1.331453323364257812e+00
-9.820137023925781250e+00
1.251794338226318359e+00
-3.260806560516357422e+00
1.192700386047363281e+00
4.589715003967285156e-01
-2.033805847167968750e+01
-2.477701604366302490e-01
-1.277645468711853027e+00
1.351643681526184082e+00
6.703292131423950195e-01
1.475047349929809570e+00
-1.681314659118652344e+01
-9.492980003356933594e+00
-2.443744428455829620e-02
1.266038775444030762e+00
1.295041084289550781e+00
-1.607733726501464844e+01
8.656475543975830078e-01
-2.307379722595214844e+00
3.427184820175170898e-01
8.347092270851135254e-01
-3.491679728031158447e-01
-8.153603553771972656e+00
1.373979568481445312e+00
6.380473375320434570e-01
8.371710181236267090e-01
1.414830327033996582e+00
4.633275568485260010e-01
1.325138330459594727e+00
3.617712482810020447e-02
5.688073039054870605e-01
-1.183164939284324646e-01
-9.826786041259765625e+00
5.413684248924255371e-01
-9.696099281311035156e+00
-9.631591796875000000e+00
-1.743326950073242188e+01
2.964011393487453461e-02
9.747540950775146484e-01
-2.308693885803222656e+01
1.203776478767395020e+00
8.269204497337341309e-01
7.933176755905151367e-01
1.242841839790344238e+00
-1.600625514984130859e-01
-2.210993051528930664e+00
-1.500060081481933594e+00
-3.640923023223876953e+00
1.365438103675842285e+00
-1.547393053770065308e-01
7.518326640129089355e-01
-1.044939613342285156e+01
4.241918027400970459e-01
-9.943288803100585938e+00
5.124900341033935547e-01
-4.656408131122589111e-01
-1.171409416198730469e+01
-2.414418029785156250e+01
-5.168334245681762695e-01
-2.197451400756835938e+01
5.077911540865898132e-03
9.854477047920227051e-01
1.307428956031799316e+00
1.023491263389587402e+00
1.392354130744934082e+00
-1.816835552453994751e-01
1.439942121505737305e+00
1.239987730979919434e+00
9.134064912796020508e-01
9.218738675117492676e-01
-5.774025321006774902e-01
-1.206388187408447266e+01
1.193071126937866211e+00
1.220710277557373047e+00
4.006252884864807129e-01
-6.846773624420166016e+00
-2.275885391235351562e+01
1.053963780403137207e+00
-1.161785483360290527e+00
-5.506235361099243164e-01
-2.595795631408691406e+00
-1.170683479309082031e+01
1.794369697570800781e+00
8.228555679321289062e+00
1.454673290252685547e+00
8.167806267738342285e-01
-6.655475139617919922e+00
-2.653739929199218750e+00
4.337533414363861084e-01
-1.478137493133544922e+01
1.146123483777046204e-01
-5.409590527415275574e-02
1.593147039413452148e+00
1.315884113311767578e+00
-1.440690636634826660e+00
1.254609942436218262e+00
-2.444399356842041016e+00
-1.588294744491577148e+00
-2.247465372085571289e+00
5.447505474090576172e+00
6.894728541374206543e-01
-9.923071861267089844e-01
-1.067816376686096191e+00
-6.103329062461853027e-01
2.994624614715576172e+00
-6.190915107727050781e-01
-5.045535087585449219e+00
2.124380111694335938e+00
1.431064248085021973e+00
5.865188688039779663e-02
8.909087181091308594e+00
-1.229532361030578613e+00
-6.133230328559875488e-01
1.177020549774169922e+01
3.058744668960571289e+00
-2.151432275772094727e+00
7.212596535682678223e-01
-1.035884380340576172e+01
-1.373229598999023438e+01
1.290889739990234375e+01
-1.624069333076477051e+00
-1.557820200920104980e+00
2.930205106735229492e+00
-4.960008263587951660e-01
1.877405762672424316e+00
-1.033654975891113281e+01
-1.168641567230224609e+00
3.469078779220581055e+00
1.976089715957641602e+00
9.711620211601257324e-02
5.464838743209838867e-01
-1.012664318084716797e+01
-2.321839034557342529e-01
2.251998901367187500e+00
-7.275934815406799316e-01
2.192029237747192383e+00
-2.284930706024169922e+00
2.479421377182006836e+00
4.752007424831390381e-01
7.225773483514785767e-02
1.401134300231933594e+01
-1.060271072387695312e+01
1.057115554809570312e+00
-1.660956025123596191e+00
-9.916007518768310547e-01
1.256845664978027344e+01
1.482746219635009766e+01
1.391842603683471680e+00
-1.949450016021728516e+00
9.687685966491699219e-01
-1.557378888130187988e+00
-1.357107281684875488e+00
8.175611495971679688e+00
-1.482559323310852051e+00
7.529941082000732422e+00
9.640264511108398438e-02
2.274608373641967773e+00
-1.414939880371093750e+01
1.263016462326049805e+00
-4.703877866268157959e-01
1.808501005172729492e+00
-7.031235694885253906e-01
2.844441868364810944e-02
-5.528988838195800781e+00
8.831028342247009277e-01
3.942098021507263184e-01
3.758919477462768555e+00
3.600797653198242188e+00
-1.271398162841796875e+01
-1.158121466636657715e+00
-2.124344587326049805e+00
-9.987754821777343750e+00
7.219888687133789062e+00
-6.602149605751037598e-01
1.746489882469177246e+00
-2.105332136154174805e+00
1.342681944370269775e-01
1.831312894821166992e+00
-1.337139964103698730e+00
-1.208421325683593750e+01
-2.350540637969970703e+00
-5.288077354431152344e+00
2.547543048858642578e+00
1.942220687866210938e+00
1.812710642814636230e+00
2.625703811645507812e+00
1.697590947151184082e-01
3.215757846832275391e+00
-4.084145545959472656e+00
-1.870320916175842285e+00
6.028907895088195801e-01
-7.182729840278625488e-01
-1.264652490615844727e+00
-1.414893269538879395e-01
-7.913372516632080078e+00
5.810407161712646484e+00
5.965633869171142578e+00
-8.608570098876953125e+00
1.273344635963439941e+00
-5.299729108810424805e-01
3.307544946670532227e+00
-7.466286420822143555e-01
-1.858159542083740234e+00
-2.312804572284221649e-02
-7.885910034179687500e+00
-8.236426353454589844e+00
3.788127422332763672e+00
-9.058930397033691406e+00
4.823581874370574951e-01
-3.963201642036437988e-01
-5.419567108154296875e+00
8.629228472709655762e-01
2.297104358673095703e+00
-2.072559833526611328e+00
-1.248271107673645020e+00
-9.746541023254394531e+00
-2.928387403488159180e+00
1.399554491043090820e+00
-5.653998851776123047e-01
-3.496225923299789429e-02
-3.565836191177368164e+00
-2.877565026283264160e-01
-9.259934425354003906e-01
-1.449173569679260254e+00
1.138909339904785156e+01
6.708820819854736328e+00
-8.483532905578613281e+00
-2.903126716613769531e+00
8.886129379272460938e+00
-6.389804840087890625e+00
9.888632297515869141e-01
