-1.006751507520675659e-01
-2.157583646476268768e-02
-7.110363990068435669e-02
-8.136983215808868408e-02
5.574773531407117844e-03
-4.720238596200942993e-02
2.762798219919204712e-02
1.047616731375455856e-02
1.128917559981346130e-01
-1.818968355655670166e-02
-1.447301954030990601e-01
1.830586604773998260e-02
-2.582792192697525024e-02
1.317938268184661865e-01
1.306277979165315628e-02
-9.082040935754776001e-02
3.918954357504844666e-02
-6.227771192789077759e-02
-1.837696135044097900e-02
-2.662088349461555481e-02
-4.172814637422561646e-02
-2.278191782534122467e-02
3.583242371678352356e-02
8.016708306968212128e-03
1.563838124275207520e-02
-5.146516487002372742e-02
-1.842313073575496674e-02
-2.421311475336551666e-02
-7.459402084350585938e-02
-5.827879533171653748e-02
-1.864308305084705353e-02
-1.050246972590684891e-02
-6.520201265811920166e-02
-4.174599424004554749e-03
2.115870416164398193e-01
2.296679187566041946e-03
-1.747917234897613525e-01
1.178766135126352310e-02
3.622706979513168335e-02
-3.877848386764526367e-02
-2.515374720096588135e-01
3.405634686350822449e-02
6.800548732280731201e-02
-4.647031053900718689e-02
6.997705996036529541e-02
1.077414080500602722e-01
-4.607749171555042267e-03
2.852347912266850471e-03
-7.849550247192382812e-02
1.808559149503707886e-02
7.609163224697113037e-02
-8.669488131999969482e-03
-1.348161138594150543e-02
-1.797741465270519257e-02
-3.005772270262241364e-02
3.840200230479240417e-02
-9.433559328317642212e-02
-9.988523274660110474e-02
3.824484720826148987e-02
2.755874209105968475e-02
-3.733561933040618896e-02
-5.178112536668777466e-02
-6.056080386042594910e-02
-6.326713413000106812e-02
-8.621341735124588013e-02
6.537690758705139160e-02
-1.948851048946380615e-01
5.618488416075706482e-02
-3.969703242182731628e-02
2.703900076448917389e-02
1.878393068909645081e-02
5.132713913917541504e-02
6.031909026205539703e-03
-4.215855151414871216e-02
-5.007234588265419006e-02
5.073525011539459229e-02
-6.916294246912002563e-02
-5.642619729042053223e-02
-8.840712159872055054e-02
-8.514161407947540283e-02
7.508126646280288696e-02
4.580751701723784208e-04
3.118062578141689301e-02
-2.627811580896377563e-02
4.465774074196815491e-02
-9.954413026571273804e-02
6.017880886793136597e-02
5.169923976063728333e-02
-1.417787224054336548e-01
1.392806917428970337e-01
8.511093258857727051e-02
-3.248815611004829407e-02
2.184764482080936432e-02
-1.822645068168640137e-01
-7.160736713558435440e-03
7.223572582006454468e-03
-3.944750875234603882e-02
8.676793426275253296e-02
8.345996588468551636e-02
4.862201958894729614e-02
-6.362112239003181458e-03
6.525844335556030273e-02
-6.792446225881576538e-02
2.761293351650238037e-01
-8.857889473438262939e-02
-3.817272558808326721e-02
-8.119820058345794678e-02
9.687391109764575958e-03
5.431151390075683594e-02
-7.627040892839431763e-02
-1.492635160684585571e-01
7.581142336130142212e-02
-9.250250458717346191e-02
6.621697545051574707e-02
-1.567861810326576233e-02
4.909179359674453735e-02
7.619444280862808228e-02
7.082979381084442139e-02
-1.230266988277435303e-01
-1.081480644643306732e-02
-2.704692184925079346e-01
-1.868582703173160553e-02
-1.188576314598321915e-02
9.671491384506225586e-02
9.412579238414764404e-02
-4.033343493938446045e-02
-4.925195753457956016e-05
-1.256615947932004929e-02
-3.112019598484039307e-02
3.354015946388244629e-02
-1.859353855252265930e-02
-3.258930286392569542e-03
2.480930648744106293e-03
-8.638133294880390167e-03
7.477745413780212402e-02
-2.354673668742179871e-02
9.371066838502883911e-02
6.473232060670852661e-03
-1.479796320199966431e-01
1.941740810871124268e-01
3.348176553845405579e-02
8.455836772918701172e-02
-1.679924316704273224e-02
-1.132971271872520447e-01
-2.542678639292716980e-02
1.174282282590866089e-01
8.463104677502997220e-06
2.607853896915912628e-02
2.623926997184753418e-01
5.286598578095436096e-02
