5.432648467831313610e-04
5.765328928828239441e-02
7.310796529054641724e-02
1.674810498952865601e-01
-6.045702472329139709e-02
-6.240936461836099625e-03
-3.881459310650825500e-02
7.864580489695072174e-03
-3.696003695949912071e-03
-4.477889835834503174e-02
-2.714561298489570618e-02
2.660170197486877441e-02
3.526619076728820801e-02
-5.624184384942054749e-02
8.020659536123275757e-02
7.904446870088577271e-02
5.699189007282257080e-02
-7.011968176811933517e-03
-4.645909182727336884e-03
3.153717145323753357e-02
-8.340881764888763428e-02
2.510360069572925568e-02
4.607083275914192200e-02
-4.575037956237792969e-02
-9.456384927034378052e-03
7.418213039636611938e-02
-1.075296849012374878e-02
1.462402492761611938e-01
7.568310946226119995e-02
9.419966489076614380e-03
8.324556052684783936e-03
4.096881672739982605e-02
2.516169846057891846e-02
-7.684485614299774170e-02
8.156916499137878418e-02
-7.525686174631118774e-02
1.361555606126785278e-01
8.860850334167480469e-02
2.044239640235900879e-01
9.317736327648162842e-02
2.026207596063613892e-01
3.123452886939048767e-02
7.981495559215545654e-02
3.307752683758735657e-02
-5.157690495252609253e-02
8.497310429811477661e-02
-8.890106528997421265e-02
3.734475001692771912e-02
-3.912866860628128052e-02
-1.386088598519563675e-02
1.924251951277256012e-02
8.366230130195617676e-02
-2.973905764520168304e-03
7.032274454832077026e-02
3.687993809580802917e-02
5.318972095847129822e-02
9.795317053794860840e-02
-2.159358933568000793e-02
1.323759853839874268e-01
9.574373066425323486e-02
-4.620526358485221863e-02
6.736881285905838013e-02
5.286858603358268738e-02
1.650493592023849487e-02
5.523057188838720322e-03
3.383211791515350342e-02
-6.651783362030982971e-03
-3.339876979589462280e-02
4.034052789211273193e-02
-1.751317828893661499e-02
6.091938167810440063e-02
2.134045027196407318e-02
6.515745818614959717e-02
-5.421992018818855286e-02
3.043577633798122406e-02
1.857405453920364380e-01
6.580424308776855469e-02
1.057260856032371521e-01
8.254414051771163940e-02
-4.149855673313140869e-02
7.540454715490341187e-02
9.427957236766815186e-02
-1.192225068807601929e-01
-1.331606656312942505e-01
9.025561064481735229e-02
-4.286085069179534912e-02
-1.023359298706054688e-01
-1.726707629859447479e-02
1.459276527166366577e-01
-1.326078772544860840e-01
5.644221324473619461e-03
1.031056232750415802e-02
8.703812211751937866e-02
4.380518943071365356e-02
5.340430513024330139e-02
1.654380857944488525e-01
-4.969676584005355835e-02
7.686325162649154663e-02
5.431560426950454712e-02
8.142126351594924927e-02
-4.269609600305557251e-02
9.970644861459732056e-02
1.068785879760980606e-02
-5.535678192973136902e-02
-1.041907146573066711e-01
3.404326736927032471e-02
1.544683873653411865e-01
5.065768212080001831e-02
1.083468832075595856e-02
2.862360794097185135e-03
2.050216309726238251e-02
8.518474549055099487e-02
-3.005080297589302063e-02
-1.208315975964069366e-02
3.178808465600013733e-02
8.035419881343841553e-02
-6.093415245413780212e-02
1.147070378065109253e-01
-2.208096161484718323e-02
-3.155535552650690079e-03
1.169221848249435425e-01
6.856239051558077335e-04
-2.779223956167697906e-02
7.004673033952713013e-02
1.479912847280502319e-01
9.105393290519714355e-02
-4.661382641643285751e-03
1.432192474603652954e-01
3.728861361742019653e-02
2.964456565678119659e-02
8.790665864944458008e-02
1.192692518234252930e-01
2.075383998453617096e-02
9.159830212593078613e-02
1.579066924750804901e-02
1.595842987298965454e-01
8.457382023334503174e-02
6.739225238561630249e-02
-2.130671590566635132e-02
3.603915870189666748e-02
5.681998655200004578e-02
1.387056112289428711e-01
8.185785263776779175e-03
2.177306264638900757e-02
1.040173112414777279e-03
9.881342202425003052e-02
9.622548520565032959e-02
3.899507923051714897e-03
9.184196591377258301e-03
8.558868616819381714e-02
-9.477830678224563599e-02
-2.112784534692764282e-01
-1.843065619468688965e-01
8.998554199934005737e-02
1.595087051391601562e-01
7.558564841747283936e-02
5.167694389820098877e-02
2.763817273080348969e-02
-3.164600133895874023e-01
5.745141953229904175e-02
-5.871402844786643982e-02
-2.054316923022270203e-03
-2.969012856483459473e-01
2.078655958175659180e-01
-1.935273557901382446e-01
5.219391733407974243e-02
3.987034410238265991e-02
-1.844147406518459320e-02
2.419587969779968262e-01
-1.541972160339355469e-01
-1.161280572414398193e-01
-1.166999638080596924e-01
3.770273877307772636e-03
7.657425105571746826e-02
-4.141542017459869385e-01
-1.347961872816085815e-01
5.286578088998794556e-02
-6.525555998086929321e-02
9.371075034141540527e-02
-1.541251391172409058e-01
-8.933953195810317993e-02
-2.734843874350190163e-03
2.801875025033950806e-02
-1.622782498598098755e-01
-4.298976957798004150e-01
-3.376959264278411865e-01
-2.689272761344909668e-01
-5.164902806282043457e-01
-5.386196970939636230e-01
2.645544894039630890e-02
-1.861230432987213135e-01
4.176248610019683838e-02
1.336526125669479370e-01
-1.828618943691253662e-01
8.734054118394851685e-02
1.708521097898483276e-01
4.867361485958099365e-02
9.860339760780334473e-02
-2.853319048881530762e-01
-3.874120414257049561e-01
9.524431824684143066e-02
-2.666615135967731476e-02
5.557792261242866516e-02
-2.241173237562179565e-01
-2.639369666576385498e-01
5.514267459511756897e-02
-9.294819086790084839e-02
-7.723975181579589844e-02
-1.423771232366561890e-01
7.037551701068878174e-02
-1.759121380746364594e-02
4.160459339618682861e-02
-6.167351081967353821e-02
-2.199808210134506226e-01
-1.487920731306076050e-01
-7.650411874055862427e-02
1.788598001003265381e-01
1.309244632720947266e-01
-2.229833453893661499e-01
1.030344516038894653e-02
-7.570022344589233398e-02
6.663478910923004150e-02
-1.195060685276985168e-01
-4.512979090213775635e-02
-1.575401276350021362e-01
-1.509957164525985718e-01
-2.488053441047668457e-01
-5.497296899557113647e-02
-8.047756552696228027e-02
-3.576885759830474854e-01
2.962802909314632416e-02
9.953393042087554932e-02
-1.527248322963714600e-01
-3.227236494421958923e-02
5.227071419358253479e-02
-3.587680459022521973e-01
1.163454800844192505e-01
1.191975455731153488e-02
-3.845097124576568604e-01
-4.929468035697937012e-02
-6.160231679677963257e-02
-2.263642102479934692e-01
-2.350022047758102417e-01
-7.069427520036697388e-02
1.974295973777770996e-01
-1.170916184782981873e-01
-4.480212554335594177e-02
-1.036083102226257324e-01
-1.003649830818176270e-01
-2.733462490141391754e-03
-6.166563928127288818e-02
5.174732208251953125e-02
-8.671063929796218872e-02
-6.492203474044799805e-02
-2.541425824165344238e-01
-4.565473645925521851e-02
-3.192597329616546631e-01
-1.315860450267791748e-01
-1.883737891912460327e-01
-1.095124240964651108e-02
9.379312396049499512e-02
-2.676887810230255127e-02
-1.967614293098449707e-01
1.239813640713691711e-01
-2.562592625617980957e-01
7.549946010112762451e-02
-1.359585523605346680e-01
-2.151915282011032104e-01
-8.379266411066055298e-02
6.371753290295600891e-03
-2.765907533466815948e-02
8.224654197692871094e-02
7.139363139867782593e-02
5.192248523235321045e-02
-6.360991299152374268e-02
-1.686462461948394775e-01
9.162649512290954590e-02
-3.845362365245819092e-01
2.260867953300476074e-01
-1.100569516420364380e-01
-1.312539577484130859e-01
-1.035221889615058899e-01
1.200834289193153381e-01
8.524728938937187195e-03
2.194893918931484222e-02
-3.303408622741699219e-01
6.621009856462478638e-02
-1.481700241565704346e-01
-5.451083325169747695e-06
-3.672361075878143311e-01
-1.464037448167800903e-01
-4.591837227344512939e-01
1.155353859066963196e-01
1.645676195621490479e-01
-2.691319957375526428e-02
-4.941112548112869263e-02
-1.418408155441284180e-01
6.690639257431030273e-02
-3.921290338039398193e-01
3.598986426368355751e-03
5.603932589292526245e-02
-5.643714591860771179e-02
-2.289449097588658333e-03
6.511768791824579239e-03
-4.016675427556037903e-02
4.160059243440628052e-02
-1.205175369977951050e-02
1.037403270602226257e-01
-6.937143951654434204e-02
3.434215439483523369e-03
-7.166209816932678223e-02
2.831868827342987061e-02
-4.125699028372764587e-02
5.299240723252296448e-02
1.858983188867568970e-01
6.632021069526672363e-02
7.783322036266326904e-02
-1.905078813433647156e-02
4.970768839120864868e-02
4.211840778589248657e-02
5.653240531682968140e-02
-2.277820706367492676e-01
5.320688337087631226e-02
8.923496305942535400e-02
3.989201970398426056e-03
-8.941522240638732910e-02
8.581348508596420288e-02
-1.758302375674247742e-02
-3.648253390565514565e-03
1.047096922993659973e-01
-7.262807339429855347e-02
3.348812460899353027e-02
9.413609653711318970e-02
-1.046364679932594299e-01
6.081492826342582703e-02
1.404175255447626114e-02
7.016713172197341919e-02
8.176697045564651489e-02
1.908773183822631836e-01
-6.779541820287704468e-02
2.876767218112945557e-01
-6.566505134105682373e-02
5.159404501318931580e-02
-1.210359409451484680e-01
-9.001807123422622681e-02
2.459898963570594788e-02
-9.779316186904907227e-02
3.732702508568763733e-02
-1.149028390645980835e-01
9.562761336565017700e-02
8.988400804810225964e-04
-9.220124036073684692e-02
-5.333886295557022095e-02
6.449746340513229370e-02
-9.006544202566146851e-02
5.143634043633937836e-03
2.425019815564155579e-02
2.012800239026546478e-02
8.335732668638229370e-02
2.019972354173660278e-02
-4.228780046105384827e-03
2.689157240092754364e-02
-5.977270007133483887e-02
2.227164432406425476e-02
-1.271018385887145996e-01
6.332233548164367676e-02
4.063881561160087585e-02
3.934851661324501038e-02
8.062257431447505951e-03
3.101013973355293274e-02
-1.649040356278419495e-02
4.197468049824237823e-03
1.696096062660217285e-01
-5.681075900793075562e-02
6.279419362545013428e-02
-1.234669908881187439e-01
8.503620326519012451e-02
7.444061338901519775e-03
4.406082909554243088e-03
2.672941982746124268e-02
1.194996833801269531e-01
-1.566860824823379517e-01
-4.009041562676429749e-02
3.961842134594917297e-02
-2.042591338977217674e-03
8.211665600538253784e-02
6.242397800087928772e-02
-1.111124828457832336e-01
3.738253191113471985e-02
1.066545695066452026e-01
1.032521389424800873e-02
-5.156311392784118652e-02
-1.014437004923820496e-01
-4.883053526282310486e-02
-7.192082703113555908e-02
1.333990842103958130e-01
-6.229386478662490845e-02
-2.343105375766754150e-01
3.740619169548153877e-03
-1.800899021327495575e-02
5.220862221904098988e-04
7.855989038944244385e-02
-1.227932944893836975e-01
-7.908786088228225708e-02
7.212525606155395508e-02
1.259989570826292038e-02
3.872349858283996582e-02
-1.106324195861816406e-01
-8.689699321985244751e-02
-4.136596620082855225e-02
-1.589959301054477692e-02
4.412157461047172546e-02
4.058576002717018127e-02
2.055191807448863983e-02
3.286598995327949524e-02
1.154478359967470169e-02
-8.901623077690601349e-03
-4.593253508210182190e-02
-2.442579530179500580e-02
-3.309822827577590942e-02
8.407793194055557251e-02
1.840165443718433380e-02
4.823824018239974976e-02
1.674555242061614990e-02
-5.082352086901664734e-02
-7.047040760517120361e-02
-7.505728304386138916e-02
1.948248594999313354e-01
1.127859130501747131e-01
-1.388173699378967285e-01
8.108507096767425537e-02
6.563049554824829102e-02
5.893560871481895447e-02
3.572743758559226990e-02
1.247947849333286285e-02
7.985278218984603882e-02
2.618675120174884796e-02
1.419145464897155762e-01
-3.114309906959533691e-02
1.337690558284521103e-02
2.696618437767028809e-02
-1.071040555834770203e-01
-6.018611416220664978e-02
-2.996724471449851990e-02
3.263553231954574585e-02
1.495365351438522339e-01
2.656115591526031494e-01
-4.795173555612564087e-02
1.181851401925086975e-01
-4.001794755458831787e-02
