-1.133290957659482956e-02
1.272603571414947510e-01
-6.648285686969757080e-02
1.422449350357055664e-01
-1.379116997122764587e-02
-4.142488911747932434e-02
4.083565250039100647e-02
-4.128462821245193481e-02
5.011900141835212708e-02
2.304629236459732056e-02
-3.245430067181587219e-02
6.306995451450347900e-02
2.108559943735599518e-02
-1.211381051689386368e-02
-3.794598951935768127e-02
1.141160950064659119e-01
-8.448936860077083111e-04
2.371614985167980194e-02
-3.415789455175399780e-02
-6.563746836036443710e-03
1.866024802438914776e-03
1.166750416159629822e-01
6.760874390602111816e-02
-3.716941922903060913e-02
5.064065009355545044e-02
-1.054635737091302872e-02
-1.001530699431896210e-02
9.453998506069183350e-02
-4.248750954866409302e-02
5.803496763110160828e-02
5.449213087558746338e-02
1.427251398563385010e-01
-5.488988012075424194e-02
-1.511505711823701859e-02
4.562892764806747437e-02
6.730177998542785645e-02
4.804239049553871155e-02
1.209099665284156799e-01
1.705626398324966431e-01
2.225652337074279785e-02
1.044311001896858215e-01
-4.250669106841087341e-02
8.954046666622161865e-02
1.081198900938034058e-01
2.483537606894969940e-02
7.552458345890045166e-02
-2.010448090732097626e-02
1.039138287305831909e-01
7.212243229150772095e-02
9.654542431235313416e-03
-1.012969575822353363e-02
5.054095014929771423e-02
-4.315544292330741882e-02
1.014698296785354614e-01
1.487891376018524170e-01
1.118602529168128967e-01
-2.453423477709293365e-02
-6.580862402915954590e-02
2.754497528076171875e-02
8.236793428659439087e-02
1.048223897814750671e-01
-6.694971770048141479e-02
3.751644492149353027e-02
5.407841876149177551e-02
5.158958956599235535e-02
9.469949454069137573e-02
8.656030148267745972e-02
4.274100810289382935e-02
1.081982329487800598e-01
2.463580858602654189e-05
9.319151937961578369e-02
-1.732769608497619629e-02
3.351856395602226257e-02
7.492025941610336304e-02
-9.973852895200252533e-03
1.151847690343856812e-01
3.218079358339309692e-02
-3.645874559879302979e-02
-5.045482423156499863e-03
-1.353930216282606125e-02
1.069240123033523560e-01
3.187708323821425438e-03
2.217109128832817078e-02
-4.465460404753684998e-02
1.334673166275024414e-01
-2.493422664701938629e-02
-1.154333576560020447e-01
7.683069258928298950e-02
2.931565977632999420e-02
-5.936198681592941284e-02
3.838768601417541504e-02
-9.220050275325775146e-02
1.010888740420341492e-01
8.065880089998245239e-02
7.807459682226181030e-02
1.913951337337493896e-01
-1.387514173984527588e-01
1.167614106088876724e-02
2.080063521862030029e-02
8.149858564138412476e-02
4.714924842119216919e-02
1.255563944578170776e-01
-4.792877286672592163e-02
-9.963593445718288422e-03
2.960757724940776825e-02
6.518052518367767334e-02
2.281362749636173248e-02
1.381594389677047729e-01
9.898980148136615753e-03
-2.480445429682731628e-02
-1.005758717656135559e-01
8.117756247520446777e-02
-1.836377754807472229e-02
-6.938661634922027588e-02
2.062673214823007584e-03
2.046289481222629547e-02
-8.894526213407516479e-02
1.716039925813674927e-01
4.559227824211120605e-02
5.979833379387855530e-02
8.181559294462203979e-02
9.384233504533767700e-02
3.418959304690361023e-02
1.394655853509902954e-01
1.593145579099655151e-01
-1.818028092384338379e-02
2.709865383803844452e-02
1.187852025032043457e-01
4.646657779812812805e-02
4.155659675598144531e-02
5.610702559351921082e-02
8.179514110088348389e-02
-3.387919440865516663e-02
1.296196579933166504e-01
-9.847550839185714722e-02
5.755044892430305481e-02
7.968550175428390503e-02
1.863006316125392914e-02
-6.661533564329147339e-02
4.692893847823143005e-02
1.496248063631355762e-03
-1.002185139805078506e-02
-9.880339354276657104e-02
1.384510751813650131e-02
6.309716403484344482e-02
1.649903715588152409e-03
2.310742586851119995e-01
1.082553714513778687e-01
1.134900823235511780e-01
1.107479259371757507e-01
-4.339493811130523682e-02
-2.074777185916900635e-01
-1.521186381578445435e-01
-1.978725893422961235e-03
2.559652924537658691e-01
-4.036681354045867920e-02
7.555659860372543335e-02
1.948136463761329651e-02
-2.750133275985717773e-01
-2.563692629337310791e-02
3.214064612984657288e-02
-5.359566770493984222e-03
-2.320241332054138184e-01
1.315825432538986206e-01
-2.243084758520126343e-01
9.310055524110794067e-02
-1.411612797528505325e-02
-3.586125373840332031e-02
1.764427572488784790e-01
-1.629181802272796631e-01
-1.526251882314682007e-01
-1.959228813648223877e-01
-1.411244645714759827e-02
5.281024612486362457e-03
-4.390059709548950195e-01
-2.169005721807479858e-01
9.889829903841018677e-02
-1.227522082626819611e-02
3.171805292367935181e-02
-1.941608488559722900e-01
-1.134038940072059631e-01
1.392677798867225647e-02
9.758871048688888550e-02
-1.354296505451202393e-01
-3.236186802387237549e-01
-3.962770104408264160e-01
-2.597559690475463867e-01
-5.334571003913879395e-01
-4.312319755554199219e-01
1.105769202113151550e-01
-1.448878496885299683e-01
-7.338134944438934326e-02
9.990820288658142090e-02
-1.582383364439010620e-01
2.301882654428482056e-01
1.212133988738059998e-01
2.856362145394086838e-03
1.782398484647274017e-02
-2.009414881467819214e-01
-4.101621508598327637e-01
5.915474146604537964e-02
-2.482807636260986328e-02
7.510069012641906738e-02
-2.759095132350921631e-01
-2.744581103324890137e-01
-7.760759443044662476e-02
-1.246295422315597534e-01
-1.417895853519439697e-01
5.070189479738473892e-03
1.442091260105371475e-02
4.924868047237396240e-02
-4.179064184427261353e-03
-9.537559747695922852e-02
-1.602643728256225586e-01
-1.718628853559494019e-01
-2.494729822501540184e-03
7.565329968929290771e-02
1.836788356304168701e-01
-2.892114222049713135e-01
-5.372839048504829407e-02
-1.033698022365570068e-01
6.032122671604156494e-02
-6.302778422832489014e-02
3.760373964905738831e-02
-3.110770881175994873e-02
-1.697220206260681152e-01
-3.381727039813995361e-01
-4.836200177669525146e-02
-9.901428967714309692e-02
-4.376524686813354492e-01
-2.748915925621986389e-02
1.070830821990966797e-01
-1.426430940628051758e-01
-4.633822664618492126e-02
2.279212698340415955e-02
-3.890798091888427734e-01
1.363799721002578735e-01
-7.164116203784942627e-02
-4.337233901023864746e-01
-5.997367575764656067e-02
-1.208604276180267334e-01
-2.338828444480895996e-01
-3.491709232330322266e-01
-7.605576515197753906e-02
8.858842402696609497e-02
-2.455001883208751678e-02
-8.276528120040893555e-02
-8.084876090288162231e-02
-1.111661419272422791e-01
-8.423356711864471436e-02
-3.202526271343231201e-02
3.817682340741157532e-02
-2.054685354232788086e-01
-1.073385700583457947e-01
-1.895830482244491577e-01
-1.559729129076004028e-01
-2.718284130096435547e-01
-1.714446544647216797e-01
-1.500807702541351318e-01
5.381505563855171204e-02
5.062188580632209778e-02
-5.188735201954841614e-02
-2.059122323989868164e-01
7.507000118494033813e-02
-2.586662769317626953e-01
1.413544714450836182e-01
-8.209300227463245392e-03
-2.024572938680648804e-01
-1.882937252521514893e-01
2.024206332862377167e-02
-1.293350476771593094e-02
6.985376030206680298e-02
-6.773926317691802979e-02
-6.819789856672286987e-02
-9.561768919229507446e-02
-1.936009228229522705e-01
-1.949884369969367981e-02
-3.278645873069763184e-01
9.955140948295593262e-02
-6.397549062967300415e-02
-4.128756374120712280e-02
-6.245210394263267517e-02
1.696774661540985107e-01
-4.745534807443618774e-02
-6.698232889175415039e-02
-2.811662554740905762e-01
8.817623555660247803e-02
-4.308583214879035950e-02
1.124834059737622738e-03
-3.507242202758789062e-01
-3.547079116106033325e-02
-4.392938613891601562e-01
1.468430906534194946e-01
1.641626954078674316e-01
-1.200113445520401001e-01
-9.465267509222030640e-02
-1.516443938016891479e-01
1.450266968458890915e-02
-3.626335263252258301e-01
-3.108004853129386902e-02
-4.906235635280609131e-02
3.397986665368080139e-02
-9.426982700824737549e-02
-6.815234571695327759e-02
-5.550395697355270386e-03
4.459692910313606262e-02
-4.933101125061511993e-03
5.241130478680133820e-03
1.906063407659530640e-02
6.094096601009368896e-02
-4.356773197650909424e-02
1.672553643584251404e-02
-3.663663566112518311e-02
7.139918208122253418e-02
-3.127852082252502441e-02
3.754138248041272163e-03
5.717857182025909424e-02
-2.448934689164161682e-02
3.424758091568946838e-02
6.555206328630447388e-02
1.137720495462417603e-01
5.773328989744186401e-02
-9.641363285481929779e-03
3.704329952597618103e-02
-3.310168907046318054e-02
-3.696189075708389282e-02
1.386725008487701416e-01
-1.727028004825115204e-02
-4.100726917386054993e-02
5.704675987362861633e-02
2.138942480087280273e-03
1.423891484737396240e-01
-5.976923927664756775e-02
5.038282275199890137e-02
9.716751426458358765e-02
4.373599216341972351e-02
2.005923539400100708e-02
-2.161434143781661987e-01
6.184507161378860474e-02
-1.149730309844017029e-01
9.819635003805160522e-02
-4.815165698528289795e-02
7.706046849489212036e-02
5.370005220174789429e-02
1.905140839517116547e-02
-8.442437648773193359e-02
-6.206947565078735352e-02
8.169966749846935272e-03
-2.109503373503684998e-02
4.771068319678306580e-02
-3.803753480315208435e-02
-2.853775024414062500e-02
-1.023238301277160645e-01
2.263260632753372192e-01
-5.390647053718566895e-02
-3.368604555726051331e-02
-6.913357973098754883e-02
-6.095916032791137695e-02
8.712831884622573853e-02
-1.967822574079036713e-02
5.824238434433937073e-02
6.789702177047729492e-02
-1.161353886127471924e-01
4.793221876025199890e-02
-1.696039289236068726e-01
8.421228080987930298e-02
-6.353948265314102173e-02
7.331900298595428467e-02
-2.071995884180068970e-01
-2.925404161214828491e-02
-1.737067848443984985e-02
4.294373840093612671e-02
9.307169169187545776e-02
1.038717031478881836e-01
-1.612338796257972717e-02
3.033505380153656006e-02
6.311175972223281860e-02
8.170503377914428711e-02
1.015292853116989136e-01
3.567102923989295959e-02
-6.820359081029891968e-02
-3.092351928353309631e-02
8.804713375866413116e-03
2.773522026836872101e-02
-4.142558947205543518e-02
1.337007433176040649e-01
-7.025470584630966187e-02
9.687762940302491188e-04
4.335089400410652161e-02
-3.513532131910324097e-02
-6.801139563322067261e-02
-9.516383521258831024e-03
-9.117004275321960449e-02
-8.021852374076843262e-02
1.867267116904258728e-02
3.359188139438629150e-02
-5.879855528473854065e-02
-4.052422568202018738e-02
1.028256677091121674e-02
2.997416444122791290e-02
6.552306562662124634e-02
-1.855536922812461853e-02
1.108370423316955566e-01
-8.310545235872268677e-03
-3.011516928672790527e-01
7.941769063472747803e-02
1.739754676818847656e-01
-1.141904443502426147e-01
8.723509311676025391e-02
9.565036743879318237e-02
-7.472793012857437134e-02
-3.628274053335189819e-02
1.632413268089294434e-02
1.665334403514862061e-01
3.401499986648559570e-02
-1.327850073575973511e-01
9.579148143529891968e-02
-5.686447024345397949e-03
-2.017851546406745911e-02
1.754673384130001068e-02
-2.152556777000427246e-01
-4.729264229536056519e-02
2.256141975522041321e-02
-3.051155805587768555e-02
-5.855737719684839249e-03
6.007663160562515259e-02
-3.085634298622608185e-02
-2.150391638278961182e-01
-2.207419089972972870e-02
-8.730392903089523315e-02
-1.220466718077659607e-01
-3.258891776204109192e-02
-1.834766939282417297e-02
2.378204092383384705e-02
9.250237792730331421e-02
2.140511572360992432e-01
1.359337475150823593e-02
3.132510557770729065e-02
-7.094406336545944214e-02
1.527320742607116699e-01
-8.932673931121826172e-02
1.548997908830642700e-01
2.483078464865684509e-02
-9.553983807563781738e-02
-1.319685112684965134e-02
-5.435782298445701599e-02
-1.351936161518096924e-02
4.876607563346624374e-03
-2.046971917152404785e-01
4.871286824345588684e-02
