-9.801001101732254028e-02
-2.627320289611816406e-01
-3.546496853232383728e-02
-9.536896347999572754e-01
5.635352134704589844e-01
7.789663970470428467e-02
-1.543974727392196655e-01
1.267402917146682739e-01
1.202346086502075195e-01
-1.027868866920471191e+00
4.230691194534301758e-01
-2.812916338443756104e-01
-1.449988186359405518e-01
1.755177080631256104e-01
2.798043750226497650e-02
-6.462910026311874390e-02
1.923091560602188110e-01
3.063111901283264160e-01
2.932946681976318359e-01
1.710586696863174438e-01
1.847433000802993774e-01
-6.534232944250106812e-02
2.118146568536758423e-01
3.550624102354049683e-02
-5.198307707905769348e-02
-1.019200906157493591e-01
-1.139878034591674805e-01
-2.215982675552368164e-01
-2.409818768501281738e-01
-4.646189045161008835e-03
9.830845892429351807e-02
-4.573306068778038025e-02
-1.363809853792190552e-01
