2.863146131858229637e-03
-4.223694268148392439e-04
3.095660591498017311e-03
-4.826900083571672440e-03
-4.324624896980822086e-04
-8.861789247021079063e-04
-2.250371035188436508e-03
-2.898419974371790886e-03
-1.330961385974660516e-04
3.629061684478074312e-04
-2.564897760748863220e-03
-2.225614152848720551e-03
-2.142019337043166161e-03
-1.494278316386044025e-03
7.479026680812239647e-04
2.358281752094626427e-03
-3.873317502439022064e-03
-6.516762543469667435e-03
-7.532733958214521408e-03
-6.468179170042276382e-03
-3.301662392914295197e-03
-4.176757764071226120e-03
-2.046204637736082077e-03
-4.354890901595354080e-03
-5.176261998713016510e-03
-3.979477565735578537e-03
-5.415648221969604492e-03
-1.693521975539624691e-03
7.961636292748153210e-04
-3.753278870135545731e-03
-5.515702068805694580e-03
-3.366291639395058155e-04
1.152407145127654076e-03
2.529433462768793106e-03
-1.147362287156283855e-03
-5.350763443857431412e-03
-1.646227174205705523e-04
-1.652434584684669971e-03
1.959450310096144676e-04
-3.242721082642674446e-03
-2.456995425745844841e-03
1.636107452213764191e-03
4.473504959605634212e-04
2.429940272122621536e-03
-2.229918725788593292e-03
1.366609591059386730e-03
3.011229564435780048e-04
-1.019002957036718726e-04
-2.034116769209504128e-03
-4.237974528223276138e-03
-7.705996395088732243e-04
-6.625367328524589539e-03
2.329925308004021645e-03
-3.589746076613664627e-03
-2.718970878049731255e-03
7.085321471095085144e-03
-3.305256599560379982e-03
-8.597047068178653717e-03
-2.210292732343077660e-03
2.156626898795366287e-03
-2.408215543255209923e-03
2.894589211791753769e-03
5.000764504075050354e-03
-9.387265308760106564e-04
-1.667561824433505535e-03
1.656485954299569130e-03
-7.693408988416194916e-04
-6.825153715908527374e-03
-2.846431219950318336e-03
-7.437095977365970612e-03
2.460972871631383896e-03
3.541420679539442062e-03
-8.099677972495555878e-03
-4.284464288502931595e-03
5.840564146637916565e-03
-8.607995696365833282e-03
3.953695762902498245e-03
-3.695501247420907021e-03
2.469943836331367493e-03
-2.594338962808251381e-03
-1.873170956969261169e-03
-1.405997434630990028e-03
-6.478817202150821686e-03
-1.355176209472119808e-03
-4.290393553674221039e-03
3.695326158776879311e-03
-2.049696631729602814e-03
-2.397206379100680351e-03
3.122661029919981956e-03
-8.744854130782186985e-04
-4.925255198031663895e-03
-8.186616934835910797e-03
-3.858028911054134369e-03
5.197339123697020113e-05
-7.035615388303995132e-03
-4.074505995959043503e-03
-5.186116322875022888e-03
-2.441684948280453682e-03
-2.772381121758371592e-04
-4.657491517718881369e-04
-3.059517592191696167e-03
9.292030590586364269e-04
2.666912507265806198e-03
1.469324226491153240e-03
3.307501552626490593e-03
-4.423046018928289413e-03
-3.276415634900331497e-03
-5.116026382893323898e-03
-4.014579113572835922e-03
-6.066443864256143570e-03
2.478539710864424706e-03
-3.173096571117639542e-03
-3.378913505002856255e-03
-4.775930196046829224e-03
5.461880937218666077e-04
-8.197611896321177483e-04
-5.018524825572967529e-03
-2.166402991861104965e-03
-1.435503829270601273e-03
-7.934139110147953033e-03
-4.429437685757875443e-03
-2.573853125795722008e-03
-1.630305079743266106e-03
-2.555140061303973198e-03
-4.072725772857666016e-03
-5.774794146418571472e-03
-9.911098750308156013e-04
4.684051964432001114e-03
4.510056460276246071e-04
3.125026356428861618e-03
-3.380702575668692589e-03
-2.143816964235156775e-04
-5.263174884021282196e-03
-2.410393208265304565e-03
-1.622723066247999668e-03
1.553592155687510967e-03
-4.014086443930864334e-03
1.414222293533384800e-03
-5.536394659429788589e-03
9.194078156724572182e-04
-1.088691502809524536e-02
4.238164983689785004e-03
4.499430768191814423e-03
2.766272984445095062e-03
2.703214762732386589e-03
-5.447635427117347717e-03
-2.505156677216291428e-03
-1.240802957909181714e-04
-1.363915158435702324e-03
-3.351290011778473854e-03
-4.935653880238533020e-03
-4.181843716651201248e-03
-3.908167593181133270e-03
-3.878663410432636738e-04
1.355658285319805145e-03
-2.597437938675284386e-03
-3.590631065890192986e-03
-1.841449760831892490e-03
-2.675884170457720757e-03
-8.729284629225730896e-03
3.059291979297995567e-03
-5.154377780854701996e-03
-9.235258912667632103e-04
-1.846810220740735531e-03
5.695323343388736248e-04
3.079547313973307610e-03
-6.328198127448558807e-03
-4.950375296175479889e-03
-2.705073915421962738e-03
-2.085054526105523109e-03
-4.095328971743583679e-03
7.474760641343891621e-04
-2.956782234832644463e-03
-3.115004394203424454e-03
3.949112724512815475e-03
1.644308678805828094e-03
-3.277040086686611176e-03
-3.390674246475100517e-03
-4.291501827538013458e-03
-1.438788720406591892e-03
-3.999943379312753677e-03
-8.706117048859596252e-03
-2.659376477822661400e-03
2.533033955842256546e-03
-5.465094931423664093e-03
-3.957239096052944660e-05
-6.725557614117860794e-03
-8.873837999999523163e-03
-1.482795923948287964e-03
-3.125806106254458427e-04
-6.860849447548389435e-03
-1.709762145765125751e-03
-2.612884622067213058e-03
-7.785043679177761078e-03
-4.652975592762231827e-03
-2.803193929139524698e-04
-4.968419088982045650e-04
3.407010342925786972e-03
7.648167666047811508e-04
-3.945313219446688890e-04
-2.526142168790102005e-03
2.835601917468011379e-04
-4.644757602363824844e-03
9.235928882844746113e-04
2.396995405433699489e-04
1.094015198759734631e-03
4.816969740204513073e-04
-2.428150968626141548e-03
3.690873505547642708e-03
4.145097918808460236e-03
-1.504031126387417316e-03
-2.017296617850661278e-03
-1.962434500455856323e-03
2.638896228745579720e-03
-5.942747928202152252e-03
-5.008886568248271942e-03
-1.049708295613527298e-02
2.626893809065222740e-03
-3.821886843070387840e-03
-5.046933889389038086e-03
-3.836654592305421829e-03
-2.005205489695072174e-03
5.012204637750983238e-04
3.578794887289404869e-03
-2.399848774075508118e-03
1.995030615944415331e-04
-4.343866370618343353e-03
-1.951276208274066448e-03
-3.691395046189427376e-03
-8.462435565888881683e-03
-6.602071225643157959e-03
9.557712473906576633e-04
4.264415241777896881e-03
-4.329889547079801559e-03
-8.101703599095344543e-03
-1.698883133940398693e-04
-2.906150621129199862e-05
1.700805383734405041e-03
-8.628791547380387783e-04
1.128111733123660088e-03
-1.125925686210393906e-03
-4.573961254209280014e-03
-3.469818038865923882e-03
1.785475760698318481e-03
-7.516355719417333603e-03
-5.019419477321207523e-04
1.261831144802272320e-03
-7.835606113076210022e-03
-1.837173011153936386e-03
-1.731731463223695755e-03
-5.944250617176294327e-03
-4.155101254582405090e-03
-6.068175192922353745e-03
-2.486595185473561287e-03
-3.136856714263558388e-03
6.548112287418916821e-05
