9.872139573971734361e-01
2.411493042860681814e-03
9.293091912563337248e-03
7.449746853577954124e-03
1.846814855676528686e-02
1.246302882273726646e-02
-4.485884192677732085e-01
9.558898398963585619e-01
-5.386658239256753022e-01
6.139396308694453075e-02
-1.451479907743696285e-01
-4.722047976259097918e-02
-4.122013174088707821e-01
9.430140573725607211e-01
-5.790363578756564378e-01
-2.509648146267797961e-02
-2.990488552007904740e-05
4.473017603195101970e-04
1.802258113493443277e-05
-4.236867874291501998e-05
-4.591021099573245191e-04
1.568386940691910425e+00
-1.569866338202690725e+00
1.912256898439239437e-03
-2.024253985376191396e-04
-2.264682329111410500e-02
-1.250060533119620905e-02
3.471792037699465857e-04
-2.532540263033173852e-02
1.217347345752448534e-04
4.696152687811906050e-04
-1.568349202604422343e+00
1.569853766758151137e+00
-1.893155323093131991e-03
1.830803614344220394e-04
2.273606022113871042e-02
1.167075862816049914e-02
3.052752644784021974e-01
-3.783621015499977203e-03
-6.570560569982382935e-03
2.366926956803984232e-03
1.590321802618545419e-03
-4.447644746259583805e-04
1.005010666476229648e-03
-9.319291532378999772e-04
-3.775455290073956652e-03
-1.045184526773495007e-02
-2.586501038179490203e-02
8.221487168402629928e-03
-8.493880526324402991e-03
1.772313154692563633e-03
-3.945155882414303622e-03
-8.049742462525866921e-03
-3.023570271022043773e-02
1.943491455605029063e-04
-9.107370285994809697e-04
-9.440671714891327865e-03
8.503834970887544017e-04
2.340486292689715041e-03
3.421874954701250443e-03
-1.412349501970002700e-03
9.783705591736872789e-04
-6.357222725722803079e-03
1.587454706378542760e-03
2.860860453874324721e-02
1.945633592894585942e-02
-8.105096123717757395e-04
6.888666994757528840e-03
-8.635949127557050829e-04
-2.815061608544785956e-03
9.044722889065552780e-04
-1.215366802292345248e-03
6.301402704916335591e-03
-1.257936998967619860e-03
-2.845500116009447994e-02
-1.990927723008209527e-02
8.927684179914453511e-01
3.488573768362577265e-01
9.163359747175996162e-02
1.107192711602128232e-01
-7.688779003717547411e-01
3.326948891860587697e-03
8.561990011834465231e-02
3.069440834082600832e-03
7.561604150362094545e-02
-1.271954541544444151e-01
-7.691377187352399503e-01
3.205562668710751611e-03
8.905517736668941420e-02
-5.295074646128122842e-02
8.998783478207030007e-02
1.028339844342603115e-01
-7.133506445112066663e-01
4.326772725824195448e-02
-9.435386671697328087e-02
2.027865790931462908e-02
6.725318184588542636e-02
-1.151766641037293565e-01
-7.135666226079072638e-01
-5.526200774523711695e-02
-1.144315263710359992e-01
-1.401833678730461941e-01
