9.652393168307453475e-04
6.752823283579705103e-04
6.219008347616859821e-04
2.299850429360222881e-02
1.763606009398521052e-02
5.161277993779823763e-03
3.061916718345231159e-02
6.824983748672154571e-02
3.474176289124208949e-02
2.790393222735022480e-02
2.408051821145569885e-02
5.226064153445341386e-03
3.377388580208261909e-02
7.143162235690343753e-02
4.049073580015651735e-02
2.146161037730046073e-02
1.931555356679261432e-04
7.451443808738576329e-06
1.810118235798187621e-05
8.606652090487642345e-04
5.043394279226031925e-04
3.090586134644799201e-04
1.862148759977353719e-04
4.887169587557978851e-04
3.061635877993861937e-05
1.534465632698522744e-03
1.253608873545677006e-03
2.626824741833429783e-05
2.546176389868944892e-04
9.064623882471737996e-04
4.201563974554759547e-04
3.300948465053128006e-04
1.731811264169521095e-04
4.208901821484945741e-04
2.862161418259731715e-05
1.520141784869626566e-03
1.271373684289771235e-03
3.815129829340720841e-02
3.098081055602180944e-02
3.195333833888275993e-02
9.518476188735919274e-02
1.212583241388105054e-01
1.486768030237461513e+00
3.481604162389860146e+00
3.795297143859517885e-01
1.648972778156440500e+00
3.120216374371964196e+00
2.794488569056843730e+00
2.758584222674246078e+00
3.992250737448948428e+00
4.343911300729276781e-01
1.778378341849222055e+00
3.198131757930506858e+00
3.135690867559864703e+00
2.945042876294301504e+00
1.185951443774425185e+00
3.201568943370691062e-02
5.099584342556243155e-02
6.765455948298227939e-01
2.772361216088179980e-01
1.184483614398092743e-01
3.230997955440053637e-01
4.120484153559094698e-01
5.147093357456437868e-02
2.760132128038052635e+00
3.820257485567561950e+00
5.605186275974026466e-02
4.006738425384447910e-01
6.853902087519666564e-01
2.522343372105808612e-01
1.259127382925581129e-01
3.026402904491889978e-01
4.043444758784686677e-01
4.853455367731629444e-02
2.771445206863615951e+00
3.910685026719989743e+00
1.277098842422071719e-03
2.058723705159038950e-02
3.799110909286305179e-03
1.519843802130580379e-03
4.015000243207588956e-04
7.647866636738938828e-04
1.264838608935370777e-03
3.720360741463886196e-03
4.473010572894248020e-03
1.511585858366919178e-03
4.160363542689586775e-04
9.321779095833113019e-04
1.331445755077138079e-03
5.333091900108470271e-03
4.857960101630518814e-03
2.374245584825701843e-03
1.667497003462851306e-03
1.128614462666609024e-02
1.261315355603986194e-02
2.315583819126688231e-02
5.623081677067254952e-03
2.015529335561039304e-03
1.659270329804707431e-03
1.114231596280631890e-02
1.403073732488221113e-02
2.753352741341622695e-02
