1.457001566886901855e-01
3.310208022594451904e-02
1.316566467285156250e-01
-4.751237574964761734e-03
5.763782933354377747e-02
7.942703366279602051e-02
-2.917918376624584198e-03
1.277960538864135742e-01
-6.712603569030761719e-02
1.441937983036041260e-01
1.369762234389781952e-02
1.589532382786273956e-02
5.480274558067321777e-02
1.024586334824562073e-02
-1.961018890142440796e-02
-4.786819219589233398e-02
1.428223252296447754e-01
-3.113335557281970978e-02
2.149910777807235718e-01
1.239926903508603573e-03
-4.818354547023773193e-02
1.398167312145233154e-01
5.133749451488256454e-03
-3.549170913174748421e-03
1.848430186510086060e-01
-2.847041562199592590e-02
3.824028000235557556e-02
-1.305315643548965454e-01
7.031505811028182507e-04
-1.777798682451248169e-02
-7.888453081250190735e-03
3.265757113695144653e-02
3.185926005244255066e-02
5.947477370500564575e-02
7.005418837070465088e-02
5.931542068719863892e-02
-4.004054516553878784e-02
6.040538847446441650e-02
7.648466527462005615e-02
-5.672073893947526813e-05
4.452476277947425842e-03
6.771122664213180542e-02
-1.358872652053833008e-01
1.033727824687957764e-01
1.251567453145980835e-01
-3.654360398650169373e-02
1.295220665633678436e-02
-2.179241739213466644e-03
9.919273853302001953e-02
9.346426278352737427e-02
2.007958479225635529e-03
1.174117531627416611e-02
3.688240796327590942e-02
4.741231445223093033e-03
1.543576866388320923e-01
1.395816206932067871e-01
5.862347409129142761e-02
5.358396470546722412e-02
1.400257200002670288e-01
4.692429676651954651e-02
9.024772047996520996e-02
1.035347301512956619e-02
1.067156270146369934e-01
-1.543421763926744461e-02
9.980827569961547852e-02
5.018617585301399231e-02
7.528278231620788574e-02
-6.860251724720001221e-02
-6.720314174890518188e-02
7.602761685848236084e-02
-1.817331761121749878e-01
-8.064946532249450684e-02
4.245939478278160095e-02
-6.775435060262680054e-02
-4.302316810935735703e-03
-2.122123725712299347e-02
-4.180869145784527063e-04
1.295527443289756775e-02
-5.050179734826087952e-02
7.811877131462097168e-02
-2.433074265718460083e-02
-2.943375334143638611e-02
8.717475086450576782e-02
9.477964043617248535e-02
6.211407855153083801e-02
4.632991738617420197e-03
2.767328023910522461e-01
4.107093438506126404e-02
-2.364160493016242981e-02
1.247089281678199768e-01
1.316007375717163086e-01
3.916916623711585999e-02
1.092602219432592392e-02
9.258156642317771912e-03
-9.928207844495773315e-02
-9.420941025018692017e-02
3.614897653460502625e-02
1.402219235897064209e-01
-5.998066440224647522e-02
3.919291868805885315e-02
5.084405094385147095e-02
1.482395678758621216e-01
-5.721855163574218750e-02
-6.546492874622344971e-02
6.452916562557220459e-02
-1.256631407886743546e-02
5.598817020654678345e-02
-5.617446824908256531e-02
2.902134321630001068e-03
2.635965645313262939e-01
1.025736629962921143e-01
2.847555465996265411e-02
-3.488449752330780029e-02
-5.529584735631942749e-02
8.394553512334823608e-02
2.278562188148498535e-01
2.285837661474943161e-03
4.669799469411373138e-03
1.061844974756240845e-01
1.479349434375762939e-01
3.419659286737442017e-02
1.803249493241310120e-02
1.661748886108398438e-01
1.281997282058000565e-02
4.865587502717971802e-02
9.502696245908737183e-02
5.664069578051567078e-02
3.316955640912055969e-02
4.102001711726188660e-02
7.651931792497634888e-02
-5.572133883833885193e-02
-3.119845874607563019e-02
8.922071754932403564e-02
6.252826750278472900e-02
1.382748782634735107e-02
-3.907344490289688110e-02
1.656601876020431519e-01
6.168000400066375732e-02
-1.650970727205276489e-01
3.308148682117462158e-02
-3.343905508518218994e-02
-4.210001602768898010e-02
-1.050411835312843323e-01
3.811782971024513245e-02
-2.238200232386589050e-02
2.352492325007915497e-02
7.904938608407974243e-02
4.562738165259361267e-02
7.637860625982284546e-02
8.204070478677749634e-02
7.992891967296600342e-02
-4.046956300735473633e-01
-3.595711886882781982e-01
-1.419875472784042358e-01
-1.023513358086347580e-02
2.112689316272735596e-01
-8.241339772939682007e-02
-2.866439819335937500e-01
-9.173018485307693481e-02
-1.831955462694168091e-01
1.814567148685455322e-01
4.299809411168098450e-02
-2.455517500638961792e-01
2.503792941570281982e-01
-1.935750246047973633e-01
8.442327380180358887e-02
-6.294227838516235352e-01
-1.068441756069660187e-02
-4.163185060024261475e-01
-7.918380200862884521e-02
1.277244929224252701e-02
-7.818802446126937866e-02
-3.965283744037151337e-03
6.847711652517318726e-02
-4.455885589122772217e-01
-1.036072447896003723e-01
-1.749804019927978516e-01
-4.526685178279876709e-01
-1.555692553520202637e-01
1.465501040220260620e-01
-2.189355790615081787e-01
-8.566586673259735107e-02
-1.050050854682922363e-01
-1.225017942488193512e-02
-9.916892647743225098e-02
-4.571498036384582520e-01
8.081405609846115112e-02
-8.854918181896209717e-02
7.181405276060104370e-02
2.278386503458023071e-01
-2.248187065124511719e-01
-7.703319191932678223e-02
4.078989103436470032e-02
-1.822425574064254761e-01
-1.004146561026573181e-01
-8.742562681436538696e-02
-2.787532983347773552e-03
3.260514885187149048e-02
-3.363798260688781738e-01
1.190707366913557053e-02
5.353540182113647461e-02
4.712849855422973633e-02
-1.644917950034141541e-02
-2.461402267217636108e-01
-3.049122691154479980e-01
-9.991282969713211060e-02
-4.601044580340385437e-02
-1.416958719491958618e-01
-1.678950190544128418e-01
7.578675448894500732e-02
-4.813744127750396729e-01
3.728705644607543945e-02
1.894390583038330078e-01
-3.983698412775993347e-02
-4.711555540561676025e-01
1.728291362524032593e-01
-4.179638922214508057e-01
-1.929217278957366943e-01
-3.693330567330121994e-03
-2.311208546161651611e-01
-1.050962209701538086e-01
4.032277315855026245e-02
-8.084020763635635376e-02
1.671511912718415260e-03
5.498191341757774353e-02
9.915623813867568970e-03
-2.628166675567626953e-01
-7.806225866079330444e-02
-7.454035431146621704e-02
5.901256948709487915e-02
3.464571014046669006e-02
-1.151103302836418152e-01
-4.522655010223388672e-01
-4.269627034664154053e-01
-2.708364725112915039e-01
-1.118364632129669189e-01
-2.370260953903198242e-01
1.957902908325195312e-01
1.556646078824996948e-01
-2.223928570747375488e-01
-1.132601350545883179e-01
5.844458937644958496e-02
-1.123220399022102356e-01
8.651879429817199707e-02
-1.266591250896453857e-01
-1.641762852668762207e-01
6.789384782314300537e-02
7.224322855472564697e-02
-4.727011919021606445e-02
-4.642784595489501953e-02
6.908439844846725464e-02
7.750578224658966064e-03
1.048120930790901184e-01
8.997405320405960083e-02
-3.206609487533569336e-01
8.687780052423477173e-02
-1.061280369758605957e-01
-2.885078079998493195e-02
-7.788257300853729248e-02
-4.706022739410400391e-01
9.043369442224502563e-02
-1.943696141242980957e-01
3.423700854182243347e-02
-2.769311964511871338e-01
-5.922490358352661133e-02
-7.886654883623123169e-02
-7.499615848064422607e-02
2.831850051879882812e-01
-9.288189560174942017e-02
-1.473198384046554565e-01
-1.058184131979942322e-01
-2.216498367488384247e-02
-2.041399925947189331e-01
1.185846142470836639e-02
-2.139908820390701294e-01
2.589584328234195709e-04
1.301681101322174072e-01
-1.356746703386306763e-01
7.941726595163345337e-02
-8.061078377068042755e-03
-1.631522476673126221e-01
5.649704858660697937e-02
-7.958798110485076904e-02
-1.771847009658813477e-01
-4.270588755607604980e-01
6.497459858655929565e-02
8.151179552078247070e-02
1.714896783232688904e-02
-3.510811179876327515e-02
5.495322123169898987e-02
-7.919788360595703125e-02
-1.282590925693511963e-01
-2.694459632039070129e-02
-8.734236657619476318e-02
-1.113183572888374329e-01
-1.330948472023010254e-01
-2.023116871714591980e-02
-4.371863603591918945e-02
-2.000833153724670410e-01
-5.374646186828613281e-02
-3.540979698300361633e-02
1.308587789535522461e-01
8.307605236768722534e-02
-7.513260096311569214e-02
-2.670920686796307564e-03
-6.426151096820831299e-02
-6.243242695927619934e-02
-8.410541340708732605e-03
7.994077354669570923e-02
-2.954155392944812775e-02
1.219712495803833008e-01
-2.432232722640037537e-02
-9.254349768161773682e-02
-3.249515220522880554e-02
-4.554277658462524414e-02
-2.422172762453556061e-02
-2.301980927586555481e-02
-8.040810376405715942e-02
-6.481085717678070068e-02
6.570003181695938110e-02
-5.585338547825813293e-02
-2.739229984581470490e-02
-5.161897744983434677e-03
1.643684506416320801e-02
-5.754471197724342346e-02
-3.701258916407823563e-03
1.837434433400630951e-02
-5.683703348040580750e-02
4.958573728799819946e-02
4.398938268423080444e-03
-2.474176883697509766e-02
-2.004836499691009521e-02
-6.138882040977478027e-02
-1.005234196782112122e-01
1.091323122382164001e-01
6.235285475850105286e-02
-1.760252937674522400e-02
9.329394251108169556e-02
-3.098204173147678375e-02
9.647791832685470581e-02
-1.260328739881515503e-01
-8.689265814609825611e-04
6.610180437564849854e-02
6.692275404930114746e-02
-1.281518191099166870e-01
3.130970150232315063e-02
6.367381662130355835e-02
2.760648727416992188e-02
-1.167791187763214111e-01
-4.411343834362924099e-04
5.896740034222602844e-02
9.830088913440704346e-02
-7.354523986577987671e-02
9.278289228677749634e-02
1.231034845113754272e-01
-1.960501372814178467e-01
1.347589641809463501e-01
-4.340150952339172363e-02
1.288381463382393122e-04
1.383321173489093781e-02
-1.388515084981918335e-01
-5.182014778256416321e-02
9.402331709861755371e-02
6.619357317686080933e-02
-3.296978399157524109e-02
2.526118047535419464e-02
-4.655127972364425659e-02
2.061230503022670746e-02
6.862452626228332520e-02
-6.348691135644912720e-02
1.049580518156290054e-02
3.546732291579246521e-02
-9.195583313703536987e-02
1.019680351018905640e-01
8.705244213342666626e-02
4.130800440907478333e-02
1.938411407172679901e-02
4.999722540378570557e-02
-6.013263761997222900e-02
-1.578224897384643555e-01
1.987600140273571014e-02
-7.992281578481197357e-03
-2.067795954644680023e-02
-1.537584960460662842e-01
-3.589079529047012329e-02
7.146684080362319946e-02
1.378625351935625076e-02
-5.226785689592361450e-02
-3.234368562698364258e-02
2.490338310599327087e-02
-1.343412697315216064e-02
-4.205793887376785278e-02
-1.815629936754703522e-02
-2.812311612069606781e-02
-7.784257177263498306e-03
-5.924454703927040100e-02
5.724221095442771912e-02
2.796019427478313446e-02
8.736657351255416870e-02
1.409748345613479614e-01
2.162292413413524628e-02
1.287291198968887329e-01
6.583502888679504395e-02
-6.745542585849761963e-02
7.150298357009887695e-02
-2.276880852878093719e-02
3.922037035226821899e-02
-3.393474221229553223e-02
9.641219861805438995e-03
9.514241665601730347e-02
4.338593035936355591e-02
-3.591577708721160889e-02
-1.072306185960769653e-02
-3.973292931914329529e-02
1.694601476192474365e-01
6.703378260135650635e-02
3.352811932563781738e-02
4.335051774978637695e-02
6.825900077819824219e-02
-1.242667585611343384e-01
-2.561137080192565918e-02
8.702073246240615845e-02
-7.814306765794754028e-02
1.052921544760465622e-02
-6.430315226316452026e-02
1.541246660053730011e-02
6.120790541172027588e-02
5.934087559580802917e-02
-3.629232943058013916e-02
8.631435036659240723e-02
9.214914590120315552e-02
-5.629024934023618698e-03
2.185529619455337524e-01
-8.669153600931167603e-02
-2.039198763668537140e-02
2.117302501574158669e-03
3.126716241240501404e-02
1.184750813990831375e-02
-1.188110187649726868e-01
3.999223187565803528e-02
-8.320757001638412476e-02
1.543675921857357025e-02
-7.089613378047943115e-02
7.557921111583709717e-02
-7.096355548128485680e-04
1.278934627771377563e-01
-4.655882343649864197e-02
1.222606003284454346e-02
-4.657820612192153931e-02
-7.302525639533996582e-02
