1.086347326636314392e-01
7.179317623376846313e-02
1.991794258356094360e-01
3.259299322962760925e-02
1.428887061774730682e-02
3.007267601788043976e-02
2.395127713680267334e-02
1.935010105371475220e-01
4.641488566994667053e-02
1.242512464523315430e-01
3.870715200901031494e-02
7.392080966383218765e-03
5.635938048362731934e-02
-6.969486176967620850e-02
-6.124396994709968567e-02
-1.160271167755126953e-01
2.421619296073913574e-01
-8.564901351928710938e-02
3.295222520828247070e-01
6.539922207593917847e-02
-2.248615399003028870e-02
1.146647259593009949e-01
-2.387268096208572388e-02
-4.406753182411193848e-02
1.009083688259124756e-01
1.316630281507968903e-02
-7.282084971666336060e-02
-9.578184224665164948e-03
8.470013737678527832e-02
-3.197424486279487610e-02
-5.543235689401626587e-02
5.147233977913856506e-02
4.734388366341590881e-02
2.884566970169544220e-02
1.218584626913070679e-01
2.851087972521781921e-02
2.773628383874893188e-02
2.869813703000545502e-02
8.300297707319259644e-02
8.710910379886627197e-02
-2.312415093183517456e-02
4.750284552574157715e-02
2.019564062356948853e-02
1.061346456408500671e-01
1.392248421907424927e-01
2.559769153594970703e-02
9.955265559256076813e-03
8.544272184371948242e-02
2.224830090999603271e-01
5.476081371307373047e-02
3.772351145744323730e-02
8.588515222072601318e-02
1.227050423622131348e-01
-8.416925556957721710e-03
4.679917916655540466e-02
1.318434923887252808e-01
7.987324148416519165e-02
1.033687964081764221e-01
1.067478954792022705e-01
-6.701955944299697876e-02
1.493442337960004807e-02
-2.024991251528263092e-02
1.749623268842697144e-01
1.996898278594017029e-02
1.002643927931785583e-01
9.662643820047378540e-02
3.392124176025390625e-02
-2.972483262419700623e-02
-9.082504548132419586e-03
3.856102377176284790e-02
-7.677663117647171021e-02
-7.974334806203842163e-02
1.302115023136138916e-01
2.303018420934677124e-02
-2.314120717346668243e-02
-4.744192957878112793e-02
1.039968058466911316e-01
-2.112492918968200684e-02
-1.394381932914257050e-02
-1.597989909350872040e-02
-6.432137638330459595e-02
-4.442096129059791565e-02
-4.089413583278656006e-02
1.014599204063415527e-01
1.020845025777816772e-01
1.391792744398117065e-01
1.392782628536224365e-01
2.513223094865679741e-03
9.249798953533172607e-02
1.681396365165710449e-01
1.327106207609176636e-01
5.403324961662292480e-02
1.393120437860488892e-01
1.056866440922021866e-02
-6.377357989549636841e-02
4.126280918717384338e-02
3.098644688725471497e-02
1.034052893519401550e-01
3.428204357624053955e-02
1.372673958539962769e-01
8.509147167205810547e-02
1.376620978116989136e-01
-4.295857250690460205e-02
-6.362020969390869141e-02
9.419959783554077148e-02
-2.525142207741737366e-02
9.050639718770980835e-02
4.337145015597343445e-02
7.594183087348937988e-02
2.222009003162384033e-01
1.576357334852218628e-01
3.751246631145477295e-02
2.360464539378881454e-03
1.331364270299673080e-02
1.731933951377868652e-01
1.664824485778808594e-01
-4.475608933717012405e-03
8.745773136615753174e-02
1.188684776425361633e-01
3.566803410649299622e-02
9.137606248259544373e-03
7.294191420078277588e-02
1.674499362707138062e-01
-6.911171972751617432e-02
5.398690700531005859e-02
1.583539396524429321e-01
1.252517849206924438e-01
7.178854662925004959e-03
1.215883158147335052e-02
1.870437152683734894e-02
-5.714247468858957291e-03
5.031830817461013794e-02
1.849855482578277588e-02
8.720881305634975433e-03
-2.754591114353388548e-04
3.039857931435108185e-02
1.245279461145401001e-01
7.196675986051559448e-02
-9.777431190013885498e-02
5.965513363480567932e-02
3.794055432081222534e-02
-3.963955864310264587e-02
-1.453057210892438889e-02
1.261680852621793747e-02
2.774889580905437469e-02
4.462172836065292358e-02
1.075355634093284607e-01
6.975863128900527954e-02
4.034163802862167358e-02
-8.540334179997444153e-03
1.458689123392105103e-01
-4.984582960605621338e-01
-3.317903876304626465e-01
-1.990675628185272217e-01
8.533598482608795166e-02
1.484543830156326294e-01
-1.091772168874740601e-01
-2.128941714763641357e-01
-6.714949011802673340e-02
-5.413760244846343994e-02
1.404526680707931519e-01
1.011893823742866516e-01
-2.677764296531677246e-01
2.381763309240341187e-01
-9.258558601140975952e-02
-1.816376112401485443e-02
-5.840094089508056641e-01
6.537808477878570557e-02
-3.967483341693878174e-01
4.140452365390956402e-04
5.242703109979629517e-02
4.275660216808319092e-02
-7.366972416639328003e-02
1.471249610185623169e-01
-2.901552915573120117e-01
6.401287857443094254e-03
-2.455568313598632812e-01
-4.099541902542114258e-01
-5.855581164360046387e-02
1.739330776035785675e-02
-3.061816692352294922e-01
-6.939374655485153198e-02
-9.124330431222915649e-02
-1.606774143874645233e-02
-7.626946270465850830e-02
-5.602523088455200195e-01
4.577214270830154419e-02
-2.291235774755477905e-01
4.663817584514617920e-02
2.460555732250213623e-01
-1.712108701467514038e-01
-1.477357894182205200e-01
1.243490278720855713e-01
-2.108818292617797852e-01
-8.392999321222305298e-02
-7.787279784679412842e-02
-6.590960081666707993e-03
5.112791061401367188e-02
-3.377646803855895996e-01
-4.086971655488014221e-02
5.837878584861755371e-02
8.058436214923858643e-02
-4.690887872129678726e-03
-3.048394024372100830e-01
-1.800046861171722412e-01
-4.998760670423507690e-02
1.004232764244079590e-01
9.961254894733428955e-03
-1.980400383472442627e-01
6.753983348608016968e-02
-5.074459314346313477e-01
9.017921984195709229e-03
4.717664420604705811e-02
8.622211217880249023e-02
-4.602813720703125000e-01
6.620424240827560425e-02
-2.938421964645385742e-01
-1.341722756624221802e-01
2.829654701054096222e-02
-1.738451272249221802e-01
-1.002068282105028629e-03
4.338295385241508484e-02
-1.268213391304016113e-01
1.889588497579097748e-02
-2.299526333808898926e-02
-5.065306276082992554e-02
-1.872452348470687866e-01
-1.747389733791351318e-01
-9.430705010890960693e-02
-7.286032289266586304e-02
-8.931435644626617432e-02
-1.932034045457839966e-01
-4.244741797447204590e-01
-3.408636450767517090e-01
-1.988283693790435791e-01
-3.569517657160758972e-02
-3.485445976257324219e-01
1.302527189254760742e-01
9.442530572414398193e-02
-1.272243559360504150e-01
-1.196977645158767700e-01
8.586415648460388184e-02
-2.290007919073104858e-01
8.048274368047714233e-02
-8.310372382402420044e-02
-2.247024327516555786e-01
1.486796233803033829e-02
4.001906886696815491e-02
9.441763907670974731e-02
4.510615766048431396e-02
7.023420929908752441e-02
9.917273186147212982e-03
6.754921376705169678e-02
2.794595994055271149e-02
-3.534336984157562256e-01
5.097956955432891846e-02
-4.777152463793754578e-02
2.551949769258499146e-02
-2.682062983512878418e-02
-5.342741608619689941e-01
1.741817444562911987e-01
-2.875021696090698242e-01
1.109479088336229324e-02
-3.340141177177429199e-01
-2.199814915657043457e-01
1.529334764927625656e-02
9.510874748229980469e-03
2.293018549680709839e-01
-4.418620094656944275e-02
-1.664771437644958496e-01
-1.794422864913940430e-01
-5.708433454856276512e-04
-1.071261614561080933e-01
-3.762646019458770752e-02
-1.473563760519027710e-01
-3.001115843653678894e-02
1.361701935529708862e-01
-1.664441674947738647e-01
-3.487797081470489502e-02
-3.877879679203033447e-02
-2.369403839111328125e-01
1.291963309049606323e-01
-1.703504621982574463e-01
-2.128642499446868896e-01
-4.164917469024658203e-01
9.930184483528137207e-02
6.542177498340606689e-02
6.684303283691406250e-02
8.244891650974750519e-04
8.791185170412063599e-02
-1.895211040973663330e-01
-6.545267254114151001e-02
3.615497052669525146e-02
-1.424211114645004272e-01
-1.001243069767951965e-01
-1.852046400308609009e-01
2.274062298238277435e-02
-2.112659625709056854e-02
-1.678584814071655273e-01
4.273155238479375839e-03
1.739813387393951416e-01
-1.361487358808517456e-01
-9.377258270978927612e-02
6.123023852705955505e-02
1.808516308665275574e-02
-5.433750152587890625e-02
6.480203568935394287e-02
-5.249736830592155457e-02
-7.194210588932037354e-02
3.698481246829032898e-02
3.395029902458190918e-02
-3.178162127733230591e-02
1.155812144279479980e-01
2.802396751940250397e-02
3.671773895621299744e-02
-6.435648351907730103e-02
-4.970058426260948181e-02
5.228067934513092041e-02
-1.605406217277050018e-02
1.522764861583709717e-01
-2.759807184338569641e-02
-5.976232513785362244e-02
-5.997836589813232422e-03
2.640336193144321442e-02
-1.022447552531957626e-02
-5.460866913199424744e-02
2.856071852147579193e-02
-2.768745645880699158e-02
-6.962685286998748779e-02
-2.767268382012844086e-02
2.166450722143054008e-03
-4.248896986246109009e-02
-1.829885505139827728e-02
1.162661090493202209e-01
1.936535537242889404e-02
-3.346996381878852844e-02
3.228498995304107666e-02
-1.883935555815696716e-02
-8.025541901588439941e-02
-2.838224358856678009e-02
6.755892932415008545e-02
-6.347735226154327393e-02
-4.030540212988853455e-02
8.958696573972702026e-02
-1.432318687438964844e-01
-7.308717817068099976e-02
-4.371082410216331482e-02
-6.552398204803466797e-02
4.220370203256607056e-02
1.196539625525474548e-01
-5.824446305632591248e-02
-2.232566103339195251e-02
4.365571215748786926e-02
-1.199227347970008850e-01
-4.307274520397186279e-02
-1.829441785812377930e-01
3.796957060694694519e-02
1.759561151266098022e-01
9.631001949310302734e-02
3.310315683484077454e-02
1.487127784639596939e-02
-7.125983387231826782e-02
1.637256145477294922e-02
8.231980353593826294e-02
-2.294150879606604576e-03
-1.538017019629478455e-02
-6.623340398073196411e-02
2.947982400655746460e-03
5.878717824816703796e-02
6.000949069857597351e-02
5.345816724002361298e-03
6.530595570802688599e-02
-6.821935623884201050e-02
6.012558564543724060e-02
1.117871329188346863e-01
-1.859765872359275818e-02
5.603539198637008667e-02
7.549562305212020874e-02
-2.153982408344745636e-02
-1.715664863586425781e-01
-1.331747416406869888e-02
6.812947988510131836e-02
1.067056804895401001e-01
5.914939194917678833e-02
8.311861008405685425e-02
-2.496520057320594788e-02
-3.559459699317812920e-03
-4.713499546051025391e-02
4.761424660682678223e-02
3.611692786216735840e-02
6.339968740940093994e-02
-3.543501347303390503e-02
5.059371143579483032e-02
5.320759117603302002e-02
3.590017929673194885e-02
3.554479684680700302e-03
-2.581445313990116119e-02
5.060735344886779785e-02
5.448346585035324097e-02
8.921687304973602295e-02
-1.333933230489492416e-02
3.313319012522697449e-02
3.753099963068962097e-02
-7.203052192926406860e-02
-7.483697682619094849e-02
-4.231489449739456177e-02
-4.539481103420257568e-01
5.558669567108154297e-02
4.272168502211570740e-02
-2.609939873218536377e-01
-1.304104644805192947e-02
-1.930082030594348907e-02
-4.360155388712882996e-02
1.735834032297134399e-01
1.197702158242464066e-02
-5.556797608733177185e-02
4.352593794465065002e-02
1.600921526551246643e-02
-6.035034358501434326e-02
-1.484408043324947357e-03
9.898446500301361084e-02
-1.512648910284042358e-02
7.985079288482666016e-02
-1.825426891446113586e-02
-2.448338083922863007e-02
-7.043609768152236938e-02
7.091611623764038086e-02
4.582292586565017700e-02
5.248006898909807205e-03
9.038998186588287354e-02
5.877269059419631958e-02
5.276286508888006210e-03
-2.671479284763336182e-01
7.820595055818557739e-02
9.155655652284622192e-02
4.359695129096508026e-03
-4.991649091243743896e-02
-2.133205905556678772e-02
1.077388301491737366e-01
3.699615225195884705e-02
1.473050937056541443e-02
1.953594014048576355e-02
2.068518660962581635e-02
7.009309530258178711e-02
-7.972665131092071533e-02
4.325168952345848083e-02
1.044604182243347168e-01
-8.661498874425888062e-02
-5.130298435688018799e-02
-6.964159011840820312e-02
