-1.501580118201673031e-03
-1.837709546089172363e-02
3.793817386031150818e-02
-1.066568344831466675e-01
-2.239064313471317291e-02
2.509886864572763443e-03
-1.543101947754621506e-02
-7.869707792997360229e-02
-4.211425036191940308e-02
1.232744660228490829e-02
-5.321550369262695312e-02
-3.843278065323829651e-02
8.714380115270614624e-02
3.017458133399486542e-02
-1.519855856895446777e-01
-1.019205711781978607e-02
5.855428054928779602e-02
-2.790470235049724579e-02
5.650678277015686035e-02
-2.946973592042922974e-02
1.620754040777683258e-02
-7.622883189469575882e-03
2.264283224940299988e-02
-1.961631476879119873e-01
-7.613522466272115707e-04
-4.981815349310636520e-03
6.424956023693084717e-02
-3.064187802374362946e-02
-1.603042706847190857e-02
1.847678795456886292e-02
1.745613068342208862e-01
6.549980491399765015e-02
-2.621761523187160492e-02
-9.134846925735473633e-02
1.156244575977325439e-01
9.857914596796035767e-02
-2.405414590612053871e-03
-1.648406386375427246e-01
-1.040540356189012527e-02
1.151191294193267822e-01
7.456461340188980103e-02
-2.792682033032178879e-03
7.923986762762069702e-02
-2.304468117654323578e-02
9.899464435875415802e-03
-6.545214354991912842e-02
3.887268900871276855e-02
7.484123110771179199e-02
2.594805881381034851e-02
-2.507600467652082443e-03
-1.398887299001216888e-02
-1.892800815403461456e-02
-1.264762431383132935e-01
-1.776656955480575562e-01
-9.399437159299850464e-02
9.351519495248794556e-02
9.867640584707260132e-02
5.197079852223396301e-02
5.008005350828170776e-02
-6.037999317049980164e-02
-1.441258043050765991e-01
-4.913353547453880310e-02
-5.021275952458381653e-03
-3.235219791531562805e-02
-3.679115697741508484e-02
-3.177696838974952698e-02
-5.200537294149398804e-02
-7.766083627939224243e-02
-4.359181597828865051e-02
5.392032489180564880e-02
-2.444708533585071564e-02
3.980975225567817688e-02
1.437678337097167969e-01
7.512799650430679321e-02
-3.599953372031450272e-03
-3.479523584246635437e-02
7.000253349542617798e-02
5.775656923651695251e-02
-1.959304139018058777e-02
9.014170616865158081e-02
3.597189113497734070e-02
-3.211784735321998596e-02
6.768819689750671387e-02
3.440764918923377991e-02
8.879590779542922974e-02
5.069307610392570496e-02
-5.774027109146118164e-02
1.408165842294692993e-01
-8.398820459842681885e-02
3.897934034466743469e-02
-4.851801693439483643e-02
-1.105578541755676270e-01
-2.017761766910552979e-02
-9.716860949993133545e-03
4.805048927664756775e-02
-7.423237711191177368e-02
5.569919594563543797e-04
1.277769543230533600e-02
-2.290787734091281891e-02
-9.376729838550090790e-03
6.999176740646362305e-02
-8.248136937618255615e-02
-4.163724929094314575e-02
-8.211331814527511597e-02
6.349711120128631592e-02
-4.092884808778762817e-02
3.165373206138610840e-02
-3.721742704510688782e-02
-5.301716551184654236e-02
-5.635104607790708542e-04
-8.623639494180679321e-02
2.873289585113525391e-02
-5.731673911213874817e-02
2.659986168146133423e-02
-1.755129895173013210e-03
7.815125584602355957e-02
-4.904479905962944031e-02
-7.690122723579406738e-02
8.335588127374649048e-02
5.827835947275161743e-02
-8.758482336997985840e-02
6.306036561727523804e-02
-1.631456762552261353e-01
6.988171488046646118e-03
5.061068385839462280e-02
7.958324253559112549e-02
1.020590886473655701e-01
-6.245203316211700439e-02
-1.897407695651054382e-02
-1.207568030804395676e-02
-4.555943608283996582e-02
1.198820769786834717e-02
8.923972025513648987e-03
-3.750968351960182190e-02
-4.879106581211090088e-02
-1.860781945288181305e-02
1.358734071254730225e-01
6.562850624322891235e-02
-9.108342230319976807e-02
3.072761185467243195e-02
-6.384594738483428955e-02
-3.529898449778556824e-02
-4.668370261788368225e-02
-5.281801894307136536e-02
2.598600462079048157e-02
1.837747357785701752e-02
-3.409190475940704346e-02
-4.175370093435049057e-03
-4.360515996813774109e-02
1.396256089210510254e-01
2.588148415088653564e-02
2.562488056719303131e-02
-6.600678712129592896e-02
-9.246528148651123047e-02
8.652126044034957886e-02
-3.322204109281301498e-03
1.607407815754413605e-02
-3.154811263084411621e-02
4.060334712266921997e-02
-2.063981294631958008e-01
1.752097606658935547e-01
8.034127764403820038e-03
7.608371227979660034e-02
9.871071204543113708e-03
-4.254408925771713257e-02
4.084103554487228394e-02
-4.457732290029525757e-02
-2.609670162200927734e-02
5.674717575311660767e-02
-1.045041456818580627e-01
6.482408847659826279e-03
1.359866708517074585e-01
2.177572064101696014e-02
1.051222160458564758e-02
-5.864901095628738403e-02
7.127223163843154907e-02
7.004076242446899414e-02
-1.328604016453027725e-02
7.539938390254974365e-02
-2.877408824861049652e-02
8.012747764587402344e-02
-6.294790655374526978e-02
-5.578416958451271057e-02
3.313978901132941246e-03
4.186812415719032288e-02
3.678793087601661682e-02
-4.515589028596878052e-02
-6.256115157157182693e-03
2.684693410992622375e-02
-4.408939555287361145e-02
-1.531105488538742065e-01
-4.269386827945709229e-02
-4.215028136968612671e-02
2.770894765853881836e-01
1.183138117194175720e-01
-7.875764369964599609e-02
7.269646041095256805e-03
7.634390611201524734e-03
-6.010175682604312897e-03
-2.128125727176666260e-02
