-1.322299391031265259e-01
1.944687813520431519e-01
-1.388756483793258667e-01
-4.251309633255004883e-01
2.995210289955139160e-01
3.978798091411590576e-01
9.299769997596740723e-02
1.387664526700973511e-01
1.374728381633758545e-01
1.256515830755233765e-01
1.252083480358123779e-01
9.002111852169036865e-02
-1.097459048032760620e-01
-1.177309900522232056e-01
7.734131067991256714e-02
-1.121781468391418457e-01
-1.029113233089447021e-01
-9.865240752696990967e-02
-1.122202053666114807e-01
1.020308434963226318e-01
9.824973344802856445e-02
8.718122541904449463e-02
1.228151260875165462e-03
-1.154150217771530151e-01
-1.646939069032669067e-01
-1.249954327940940857e-01
-1.048635840415954590e-01
8.004795759916305542e-02
1.164217814803123474e-01
1.038523465394973755e-01
9.846253693103790283e-02
1.138488128781318665e-01
8.808723092079162598e-02
-7.399845635518431664e-04
1.026145517826080322e-01
-8.799716085195541382e-02
8.167973905801773071e-02
-9.898679703474044800e-02
1.097056195139884949e-01
1.178418472409248352e-01
-9.102660417556762695e-02
-1.109605133533477783e-01
1.119227036833763123e-01
-7.638259977102279663e-02
-1.022663190960884094e-01
-1.258264929056167603e-01
-9.917631000280380249e-02
1.445659846067428589e-01
-1.080485284328460693e-01
9.314086288213729858e-02
