1.240605235099792480e+00
1.245256513357162476e-02
9.795312285423278809e-01
1.164840221405029297e+01
2.617231607437133789e+00
1.087604641914367676e+00
3.953162133693695068e-01
2.199316740036010742e+00
1.318139076232910156e+01
1.175932216644287109e+01
1.125149250030517578e+01
8.515055656433105469e+00
1.270084667205810547e+01
8.315376281738281250e+00
2.022408485412597656e+00
1.536531209945678711e+00
1.294214844703674316e+00
1.446889042854309082e+00
3.895755767822265625e+00
-3.299892693758010864e-02
2.663324356079101562e+00
-8.543810993432998657e-02
1.135066390037536621e+00
1.243049049377441406e+01
7.492516040802001953e-01
1.338904666900634766e+01
4.929677486419677734e+00
1.012544929981231689e-01
-1.562423110008239746e-01
1.026192951202392578e+01
-8.991169184446334839e-02
4.019082784652709961e-01
1.017911672592163086e+00
1.147354841232299805e+00
1.269295215606689453e+00
2.838473081588745117e+00
3.493195056915283203e+00
8.348832130432128906e+00
1.030329704284667969e+01
2.894812107086181641e+00
1.449187397956848145e+00
1.771246790885925293e+00
5.038702964782714844e+00
1.277807354927062988e+00
1.095649528503417969e+01
1.167871284484863281e+01
3.132330179214477539e+00
1.329266190528869629e+00
1.181382179260253906e+01
1.229512810707092285e+00
1.185863876342773438e+01
3.241553068161010742e+00
1.134173011779785156e+01
8.419948577880859375e+00
2.847100019454956055e+00
1.262997341156005859e+01
8.381533622741699219e-01
5.774794220924377441e-01
2.333670109510421753e-01
1.168717575073242188e+01
1.060103034973144531e+01
8.358114242553710938e+00
1.964804649353027344e+00
2.136582851409912109e+00
1.353489208221435547e+01
3.534894227981567383e+00
8.483488559722900391e-01
1.156724739074707031e+01
8.492166519165039062e+00
1.118272972106933594e+01
1.580345153808593750e+00
8.956639170646667480e-01
8.713525772094726562e+00
1.190903949737548828e+01
1.058267116546630859e+01
3.978278338909149170e-01
7.739068865776062012e-01
8.811066627502441406e+00
8.434026718139648438e+00
7.126572132110595703e-01
1.897964030504226685e-01
1.229746460914611816e+00
1.129434776306152344e+01
8.481645584106445312e-01
1.891652792692184448e-01
2.087161779403686523e+00
1.052693843841552734e+00
4.186072945594787598e-01
1.091236972808837891e+01
1.564726948738098145e+00
1.268892765045166016e+01
3.243116617202758789e+00
3.227526843547821045e-01
4.486036300659179688e+00
9.103891849517822266e-01
2.338761568069458008e+00
2.491555452346801758e+00
1.437451601028442383e+00
1.151067161560058594e+01
1.187412858009338379e+00
1.973279356956481934e+00
4.042161464691162109e+00
9.871435165405273438e+00
1.190717577934265137e+00
2.094447612762451172e+00
7.648096084594726562e-01
1.306480693817138672e+01
1.659085974097251892e-02
1.269195914268493652e+00
1.213005855679512024e-01
2.271018981933593750e+00
9.142598509788513184e-01
1.038564562797546387e+00
9.318850636482238770e-01
1.674517631530761719e+00
9.971765518188476562e+00
1.301550149917602539e+00
1.034175992012023926e+00
1.476168274879455566e+00
1.041414928436279297e+01
3.591954469680786133e+00
4.378001689910888672e+00
3.018241822719573975e-01
1.402777433395385742e+00
1.628085255622863770e+00
2.206722974777221680e+00
1.216868591308593750e+01
1.358680009841918945e+00
1.250714421272277832e+00
1.037007904052734375e+01
6.024894714355468750e-01
1.806440472602844238e+00
1.666202306747436523e+00
9.920948982238769531e+00
1.329376220703125000e+00
1.780884504318237305e+00
1.037832832336425781e+01
6.507534980773925781e-01
8.202255964279174805e-01
2.300398588180541992e+00
1.700558423995971680e+00
1.065163731575012207e+00
4.649061262607574463e-01
1.208838462829589844e+01
-2.997036874294281006e-01
7.657591700553894043e-01
3.445348978042602539e+00
1.487201809883117676e+00
1.506926774978637695e+00
-2.440357804298400879e-01
1.950825691223144531e+00
1.022621726989746094e+01
1.255937957763671875e+01
1.100219011306762695e+00
9.342840194702148438e+00
1.523268342018127441e+00
1.323226070404052734e+01
2.566473722457885742e+00
1.384164929389953613e+00
5.430056527256965637e-02
8.332207679748535156e+00
1.181070804595947266e+01
1.014397430419921875e+01
8.660883903503417969e+00
7.726857185363769531e+00
1.195730924606323242e+00
6.095759391784667969e+00
8.635106086730957031e+00
1.653190612792968750e+00
1.587449073791503906e+00
1.122343254089355469e+01
-6.494308263063430786e-02
1.229080557823181152e+00
9.977179527282714844e+00
1.325253009796142578e+00
1.039199066162109375e+01
2.114477157592773438e-01
2.387546539306640625e+00
2.652467489242553711e+00
1.311127090454101562e+01
2.121681690216064453e+00
1.961474299430847168e+00
2.630841434001922607e-01
1.250435590744018555e+00
1.232731437683105469e+01
9.886019825935363770e-01
9.689234495162963867e-01
2.496630668640136719e+00
1.308259963989257812e+00
2.001466512680053711e+00
1.816175103187561035e+00
1.110219383239746094e+01
1.034208774566650391e+01
1.198521900177001953e+01
9.515456199645996094e+00
8.450291633605957031e+00
1.403777122497558594e+00
3.373815298080444336e+00
6.570881009101867676e-01
2.407238245010375977e+00
1.133795976638793945e+00
1.064456224441528320e+00
-1.669286638498306274e-01
-1.267250299453735352e+00
9.822927117347717285e-01
-1.119382902979850769e-01
1.161341905593872070e+00
1.105179548263549805e+00
-2.789630174636840820e+00
-8.641628026962280273e-01
-9.579513549804687500e+00
1.426641941070556641e+00
-9.253828048706054688e+00
1.022966623306274414e+00
-7.868437170982360840e-01
1.075455307960510254e+00
1.088400006294250488e+00
8.799669742584228516e-01
1.066216826438903809e+00
-7.939663529396057129e-02
1.168804883956909180e+00
8.252407312393188477e-01
-7.940081506967544556e-02
1.311364412307739258e+00
1.333220839500427246e+00
1.352093089371919632e-02
1.174446225166320801e+00
-8.533146858215332031e+00
-1.022558879852294922e+01
6.387487649917602539e-01
-1.020640754699707031e+01
1.106495618820190430e+00
1.802635908126831055e+00
1.064469337463378906e+00
9.291978478431701660e-01
9.459911286830902100e-02
6.832524538040161133e-01
1.119346618652343750e+00
1.130694031715393066e+00
1.082856893539428711e+00
1.177789330482482910e+00
1.592574834823608398e+00
1.026751041412353516e+00
1.033280968666076660e+00
8.001695871353149414e-01
1.080956697463989258e+00
-9.529458999633789062e+00
1.067291975021362305e+00
1.230075001716613770e+00
3.758773505687713623e-01
-3.102987408638000488e-01
1.381075263023376465e+00
7.762982845306396484e-01
8.033272027969360352e-01
1.166991233825683594e+00
-8.350275158882141113e-01
1.137591600418090820e+00
-1.611114859580993652e+00
1.192713715136051178e-02
1.288837194442749023e+00
-1.932398319244384766e+00
1.199159383773803711e+00
1.331957340240478516e+00
1.323163032531738281e+00
-2.325981140136718750e+00
1.361359953880310059e+00
-2.093014001846313477e+00
-1.445784807205200195e+00
5.491497516632080078e-01
1.171878457069396973e+00
7.595503926277160645e-01
-9.358463287353515625e+00
-3.485124588012695312e+00
-1.619562506675720215e+00
-4.214567184448242188e+00
1.097800135612487793e+00
-8.632815480232238770e-01
1.198262333869934082e+00
1.186879158020019531e+00
1.259254813194274902e+00
-9.052872657775878906e+00
1.175969839096069336e+00
-1.920677781105041504e+00
-6.370385289192199707e-01
1.246194124221801758e+00
1.418888926506042480e+00
-9.185034751892089844e+00
1.164105892181396484e+00
7.834596037864685059e-01
1.095866084098815918e+00
5.960837751626968384e-02
1.063291549682617188e+00
1.209779739379882812e+00
1.190589785575866699e+00
-1.170395910739898682e-01
1.138689756393432617e+00
3.914183378219604492e-01
1.295089125633239746e+00
-9.694057703018188477e-01
9.097526073455810547e-01
1.288843274116516113e+00
-9.392092704772949219e+00
1.401343941688537598e+00
-9.259661674499511719e+00
-9.087636947631835938e+00
4.191875755786895752e-01
-4.556268453598022461e-01
-6.211197376251220703e-01
-9.495811462402343750e+00
-5.371764659881591797e+00
1.196444034576416016e+00
1.291425585746765137e+00
1.480406522750854492e+00
-2.651217460632324219e+00
1.243916988372802734e+00
1.609516859054565430e+00
1.136596873402595520e-01
9.624361991882324219e-01
8.246238827705383301e-01
-8.131194114685058594e-01
1.147443771362304688e+00
-1.654731154441833496e+00
-9.831222534179687500e+00
1.260981082916259766e+00
-9.627558588981628418e-01
1.722465515136718750e+00
1.252425909042358398e+00
1.302188992500305176e+00
-2.311694145202636719e+00
9.054215550422668457e-01
1.069711446762084961e+00
1.289551615715026855e+00
1.332170724868774414e+00
1.264957308769226074e+00
-2.411501646041870117e+00
-1.629212349653244019e-01
1.113426327705383301e+00
-9.048690795898437500e+00
1.223831534385681152e+00
9.771569967269897461e-01
8.886227607727050781e-01
1.180362939834594727e+00
1.129685282707214355e+00
4.140665829181671143e-01
-2.794307231903076172e+00
1.320447564125061035e+00
1.048436045646667480e+00
-4.013990402221679688e+00
9.973440766334533691e-01
-1.012042903900146484e+01
2.000563383102416992e+00
1.237583398818969727e+00
-1.819460511207580566e+00
-1.515585303306579590e+00
6.855095028877258301e-01
8.229631781578063965e-01
-2.107260227203369141e+00
8.498303294181823730e-01
-3.325322568416595459e-01
-9.702694892883300781e+00
8.504675030708312988e-01
1.087710022926330566e+00
1.439051747322082520e+00
-5.616765618324279785e-01
9.640956521034240723e-01
4.706640541553497314e-01
1.651449084281921387e+00
1.163578867912292480e+00
1.063919425010681152e+00
7.347138524055480957e-01
-8.020510077476501465e-01
-9.874925613403320312e+00
1.083903670310974121e+00
1.312532186508178711e+00
1.106628656387329102e+00
1.032924294471740723e+00
8.782690763473510742e-01
9.402586817741394043e-01
5.415151119232177734e-01
1.169947385787963867e+00
-9.090498685836791992e-01
1.888998389244079590e+00
-9.033909797668457031e+00
-9.521528244018554688e+00
6.555266380310058594e-01
-9.536206245422363281e+00
-1.266980648040771484e+00
6.681532859802246094e-01
1.118147969245910645e+00
1.333130955696105957e+00
9.447590708732604980e-01
4.867357611656188965e-01
1.022251844406127930e+00
-6.637003421783447266e-01
1.120282053947448730e+00
1.280002593994140625e+00
1.710852026939392090e+00
1.164574265480041504e+00
9.576475024223327637e-01
1.086624026298522949e+00
3.131584882736206055e+00
-4.315075397491455078e+00
-7.654553413391113281e+00
-4.557311162352561951e-02
3.981098651885986328e+00
4.161805152893066406e+00
9.112343788146972656e+00
-2.150092124938964844e+00
-8.112041652202606201e-02
-1.577986478805541992e-01
4.863502085208892822e-02
-2.052357494831085205e-01
9.843574464321136475e-02
1.213667914271354675e-01
-4.809044837951660156e+00
-3.527106285095214844e+00
-4.220193862915039062e+00
-3.078979015350341797e+00
-2.453053295612335205e-01
-1.471414470672607422e+01
1.569820880889892578e+00
-8.418682098388671875e+00
-5.946131229400634766e+00
6.531765311956405640e-02
8.317886352539062500e+00
1.855844557285308838e-01
-2.304641157388687134e-01
-4.882139205932617188e+00
3.113166618347167969e+01
7.018469274044036865e-02
-4.058341217041015625e+01
-1.082557106018066406e+01
-2.146709918975830078e+00
3.689343929290771484e+00
-3.007921695709228516e+00
2.194235324859619141e+00
-5.453958734869956970e-02
-1.673415303230285645e-02
-2.295063436031341553e-01
-6.940963864326477051e-01
2.294806718826293945e+00
-2.230347871780395508e+00
2.173657566308975220e-01
-3.772623538970947266e+00
-9.327482432126998901e-02
-7.661642134189605713e-02
-1.486482858657836914e+00
3.304313421249389648e+00
1.342907994985580444e-01
-3.574913501739501953e+00
-1.344223227351903915e-02
-1.521888494491577148e+00
-2.420729696750640869e-01
-7.800181861966848373e-03
-1.109766364097595215e+00
-7.436291314661502838e-03
5.179957866668701172e+00
8.211774826049804688e+00
-6.393455982208251953e+00
-1.138514280319213867e-01
9.935902059078216553e-02
1.675121784210205078e-01
4.105317592620849609e-01
-1.844774246215820312e+00
1.674720086157321930e-02
-9.274357557296752930e-01
-2.187172651290893555e+00
1.893513798713684082e-01
-1.324713677167892456e-01
1.021756231784820557e-01
-3.660995006561279297e+00
-3.678462743759155273e+00
1.040795072913169861e-01
-8.227492123842239380e-02
1.026635095477104187e-01
-5.769659519195556641e+00
-6.756449222564697266e+00
6.170489639043807983e-02
-5.937797576189041138e-02
5.368309497833251953e+00
6.081779003143310547e+00
-2.902951717376708984e+00
1.244281381368637085e-01
-7.729181289672851562e+00
-8.438097953796386719e+00
2.221079826354980469e+00
5.436486244201660156e+00
9.148435592651367188e+00
9.701530635356903076e-02
-5.178241252899169922e+00
-1.083888933062553406e-01
2.833379745483398438e+00
6.044598102569580078e+00
-3.741555809974670410e-01
-8.610518455505371094e+00
3.573748588562011719e+00
3.658041238784790039e+00
3.183046817779541016e+00
-3.568285703659057617e-02
-3.369444847106933594e+00
5.571370124816894531e+00
-1.545887708663940430e+00
1.714884489774703979e-01
5.558118343353271484e+00
8.808384895324707031e+00
6.596148014068603516e+00
-1.221820637583732605e-01
7.977523803710937500e+00
7.321604728698730469e+00
2.823063659667968750e+01
8.265751004219055176e-01
1.923074603080749512e+00
3.887798070907592773e+00
6.974277496337890625e+00
-1.781176567077636719e+00
-1.112827211618423462e-01
5.932841300964355469e+00
5.712680816650390625e+00
3.246497154235839844e+00
-2.552369795739650726e-02
-2.985556125640869141e+00
-1.298222661018371582e+00
2.091436195373535156e+01
-3.092710971832275391e+00
1.777461647987365723e+00
5.836269378662109375e+00
-6.710974499583244324e-03
-6.312589645385742188e+00
-5.439038276672363281e+00
-1.314884275197982788e-01
-7.611120700836181641e+00
3.010746717453002930e+00
3.081792593002319336e+00
4.844996333122253418e-02
-5.232029914855957031e+00
3.339903831481933594e+00
-1.789475679397583008e-01
9.662335395812988281e+00
-4.734697341918945312e+00
-8.966420888900756836e-01
-3.353809833526611328e+00
-3.953843116760253906e+00
-5.105845451354980469e+00
1.682450622320175171e-01
4.299775695800781250e+01
-3.918242216110229492e+00
7.453501820564270020e-01
2.039990663528442383e+00
-5.551014900207519531e+00
4.066815948486328125e+01
-2.377208709716796875e+00
-2.774769254028797150e-02
-4.375122487545013428e-02
1.374555677175521851e-01
-8.389689773321151733e-02
-1.915913462638854980e+00
5.596919730305671692e-02
2.188071161508560181e-01
-5.100831031799316406e+00
-2.106107902526855469e+01
-7.684154063463211060e-02
-1.942325234413146973e-01
1.543304771184921265e-01
1.680110394954681396e-02
-5.921763181686401367e-02
5.664037704467773438e+00
-1.254123300313949585e-01
3.996504843235015869e-02
-1.866241574287414551e+00
-6.064883708953857422e+00
7.976544648408889771e-02
3.056957054138183594e+01
-2.781920194625854492e+00
-4.457921162247657776e-02
5.538891315460205078e+00
2.138852030038833618e-01
-1.035082244873046875e+01
-7.062873363494873047e+00
8.008651733398437500e-01
-2.987183816730976105e-02
9.042412042617797852e-01
-2.178595781326293945e+00
-6.810367107391357422e+00
-6.064976692199707031e+00
-1.223700344562530518e-01
-8.761693954467773438e+00
9.215643882751464844e+00
-2.456731557846069336e+00
-2.860421657562255859e+00
-2.134881258010864258e+00
3.656199455261230469e+00
2.013064622879028320e-01
-1.548778861761093140e-01
-1.381928175687789917e-01
1.005213856697082520e-01
-2.951783239841461182e-01
1.263988971710205078e+00
-1.568366050720214844e+00
-7.292914867401123047e+00
-3.460555315017700195e+00
