-3.198362141847610474e-02
-5.301695689558982849e-02
4.035628587007522583e-02
-8.899322152137756348e-02
1.693651452660560608e-02
-3.805736079812049866e-02
1.377589348703622818e-02
-9.333272464573383331e-03
3.396460786461830139e-02
9.461127221584320068e-02
2.654333412647247314e-02
1.278808433562517166e-02
1.285782903432846069e-01
-3.451216965913772583e-03
9.473987855017185211e-03
1.583734713494777679e-02
-2.069771476089954376e-02
1.436410844326019287e-02
-2.240297570824623108e-02
-1.278599202632904053e-01
-8.106647059321403503e-03
-3.322720900177955627e-02
1.997899450361728668e-02
-2.383314073085784912e-02
-8.220008574426174164e-03
1.417044699192047119e-01
1.552516315132379532e-02
7.223150134086608887e-02
2.810626029968261719e-01
3.753766044974327087e-02
3.033518791198730469e-01
-3.524605184793472290e-02
8.306267671287059784e-03
-8.791710250079631805e-03
-1.253640092909336090e-02
-2.460009604692459106e-02
-3.387278644368052483e-03
7.649368792772293091e-02
1.835864037275314331e-02
-1.013304106891155243e-02
3.696167841553688049e-03
-2.422410296276211739e-03
-3.467760607600212097e-02
-1.512706652283668518e-02
-8.918938226997852325e-03
9.844328276813030243e-03
1.079940274357795715e-01
1.465093903243541718e-02
3.135232254862785339e-03
-3.853544965386390686e-02
-5.027041584253311157e-02
-1.120537985116243362e-02
-2.379589341580867767e-02
-4.208099097013473511e-02
3.137248381972312927e-02
7.381661236286163330e-02
-1.405149698257446289e-02
3.541118651628494263e-02
4.338256642222404480e-02
1.305918674916028976e-02
-2.558234333992004395e-01
1.462093088775873184e-02
-7.078029680997133255e-03
1.809408143162727356e-02
-1.575780808925628662e-01
-2.525966614484786987e-03
9.608829021453857422e-02
-2.270050495862960815e-01
-2.571931295096874237e-02
1.205684989690780640e-02
1.793329417705535889e-02
-3.416507691144943237e-02
2.649320662021636963e-01
1.706290990114212036e-01
1.820876002311706543e-01
-4.830586537718772888e-02
5.724602937698364258e-02
7.481148466467857361e-03
-1.525843702256679535e-02
-1.658242382109165192e-02
3.588395193219184875e-02
1.761995069682598114e-02
2.092838473618030548e-02
1.385783962905406952e-02
-2.262067573610693216e-04
1.768630743026733398e-02
6.882172077894210815e-02
4.644544795155525208e-02
6.060937885195016861e-03
5.636505316942930222e-03
-2.541473880410194397e-02
-1.875207386910915375e-02
6.052513048052787781e-02
-2.233981713652610779e-02
7.018244266510009766e-02
1.877398043870925903e-02
2.747477963566780090e-02
1.667333766818046570e-02
1.405789796262979507e-02
-1.337350253015756607e-02
3.415684774518013000e-02
7.775860372930765152e-03
-4.795214161276817322e-03
-5.024540424346923828e-02
1.046570390462875366e-01
-2.977319434285163879e-02
-8.663525432348251343e-02
-4.767799004912376404e-02
-1.204379089176654816e-02
-2.362965494394302368e-01
-3.975955769419670105e-02
-4.138303920626640320e-02
9.317154996097087860e-03
-2.414773032069206238e-02
2.291276119649410248e-03
-2.188146580010652542e-03
-1.150510506704449654e-03
1.578799821436405182e-02
8.379469625651836395e-03
7.711779326200485229e-02
-7.881688885390758514e-03
-1.779898628592491150e-02
-2.197144925594329834e-01
-2.444181405007839203e-02
2.883841097354888916e-02
6.864857673645019531e-02
5.659102462232112885e-03
-2.565031126141548157e-02
1.805453561246395111e-02
-1.021534763276576996e-02
3.964138403534889221e-02
-1.143554784357547760e-02
3.568475320935249329e-02
-2.082765661180019379e-02
6.710817664861679077e-02
8.165010064840316772e-02
4.180857911705970764e-02
-1.093925908207893372e-01
-2.500453218817710876e-02
-3.337685018777847290e-02
6.762396660633385181e-04
2.275708876550197601e-02
3.497620113193988800e-03
2.666155062615871429e-02
-1.103812269866466522e-02
-5.473189055919647217e-03
-4.378981143236160278e-02
-6.062769144773483276e-02
-1.011358387768268585e-02
8.458739519119262695e-02
-4.564296687021851540e-04
3.194543346762657166e-02
1.528225466609001160e-02
-2.062572538852691650e-02
4.182649403810501099e-02
-1.907367445528507233e-02
6.830630451440811157e-02
-1.026193797588348389e-02
-9.489586204290390015e-02
-1.989413499832153320e-01
-7.932248711585998535e-02
4.820889607071876526e-02
-3.088139463216066360e-03
-5.079361796379089355e-02
6.070142611861228943e-03
2.293073758482933044e-02
-1.346837729215621948e-03
1.267950981855392456e-02
-2.166234515607357025e-02
-1.167239062488079071e-02
8.679006248712539673e-02
2.756676971912384033e-01
-2.277851849794387817e-02
2.262549940496683121e-03
5.698226392269134521e-02
2.581951767206192017e-02
2.244034409523010254e-02
-7.475920021533966064e-02
5.213881377130746841e-03
-2.443359605967998505e-02
7.187051326036453247e-02
2.916626818478107452e-02
-4.406473413109779358e-02
9.286101907491683960e-02
-1.393247023224830627e-02
-5.337963625788688660e-02
2.593557350337505341e-03
-3.300355747342109680e-02
-2.078224159777164459e-02
-1.560261100530624390e-02
-1.315099373459815979e-02
4.470485076308250427e-02
4.024409875273704529e-02
3.555766865611076355e-02
3.686997666954994202e-02
-1.152574317529797554e-03
1.940283179283142090e-02
2.535659447312355042e-02
-5.760165862739086151e-03
-4.194293171167373657e-02
