2.672871232789475471e-06
2.791130881973913347e-08
-2.138965828635264188e-05
4.960363185091409832e-06
1.467088168283225968e-06
-8.934526704251766205e-06
-7.739282409602310508e-06
2.860037056962028146e-06
-3.750582067141294829e-08
7.611501132487319410e-06
3.223174871891387738e-06
3.787215746342553757e-06
-3.054078842978924513e-05
-2.900159415730740875e-06
-3.051200337722548284e-06
7.919071322248782963e-06
-6.733312602591468021e-06
7.459006610588403419e-06
-6.844085874035954475e-06
1.552014146000146866e-05
-1.076969510904746130e-05
-3.964278221246786416e-06
2.731238055275753140e-06
7.077552254486363381e-06
-1.428870109521085396e-05
-2.567259116403874941e-07
1.758994039846584201e-05
-3.038843942704261281e-06
-3.136678742521326058e-06
7.546229312538343947e-07
-5.086545229460170958e-07
6.369593393174000084e-06
6.903687790327239782e-06
7.496730631828540936e-06
1.046761371981119737e-05
1.839348078647162765e-05
-6.716159077768679708e-06
3.463909933998365887e-06
-3.483680302451830357e-06
2.170831066905520856e-06
4.522504468695842661e-07
5.052673714089905843e-06
2.505330712665454485e-06
-4.143084879615344107e-07
3.808730753007694148e-06
-8.001024070836137980e-06
7.430950063280761242e-06
-2.866724173600232461e-07
-1.415117912983987480e-05
-3.492984205877291970e-06
1.028560836857650429e-05
5.768337359768338501e-06
-3.749891675397520885e-06
-4.190621439192909747e-06
3.343178832437843084e-06
-7.695090062043163925e-06
7.626765182067174464e-06
-4.478820301301311702e-06
-5.237949608272174373e-06
-9.931047316058538854e-06
2.175817462557461113e-05
-1.214985149999847636e-05
2.345131406400469132e-06
-6.229019163583870977e-06
-7.829994501662440598e-06
3.371889761183410883e-06
1.474211421736981720e-05
1.019896717480150983e-05
-5.536615390155930072e-06
2.685882009245688096e-06
-1.975888153538107872e-06
8.435175914200954139e-06
-1.540936864330433309e-06
4.822932623937958851e-06
-3.516388915159041062e-06
-7.142533377191284671e-06
-1.602094562258571386e-05
-8.883501322998199612e-06
-1.325343782809795812e-05
-9.256087651010602713e-06
6.201544238138012588e-06
1.180997287519858219e-06
-7.231500603666063398e-06
2.439622903693816625e-06
-3.277834366599563509e-06
-7.360735708061838523e-06
-2.515041524020489305e-05
6.381223101925570518e-06
-6.404046416719211265e-06
4.835053005081135780e-06
-2.287738789163995534e-05
1.089038960344623774e-05
1.133255500462837517e-05
2.243953076686011627e-06
8.834511390887200832e-06
4.436735252966172993e-06
-5.522950232261791825e-06
3.155286321998573840e-06
-5.460149736791208852e-07
2.646486336743691936e-06
-3.343687694723485038e-06
4.667585017159581184e-06
-6.721392310282681137e-06
-2.580342481905972818e-07
1.454906123399268836e-05
-5.789071110484655946e-06
1.147096645581768826e-05
1.762715510267298669e-05
1.538029437142540701e-06
-3.196426405338570476e-06
-1.823277307266835123e-05
4.189022547507192940e-06
-2.300466121596400626e-06
1.924688331200741231e-05
-9.757328371051698923e-06
5.410650828707730398e-06
-6.562065095749858301e-07
-2.666402224349440075e-06
1.271331075258785859e-05
-3.676588221424026415e-06
1.060731483448762447e-05
-2.914696608513622778e-07
5.020837761549046263e-06
-5.515354587259935215e-06
-8.976175195130053908e-06
-3.008897238032659516e-06
-5.893938123335829005e-06
1.007627361104823649e-05
9.510778909316286445e-06
6.021283525114995427e-07
-1.389503449900075793e-05
4.207920483167981729e-06
1.991588305827463046e-06
-9.642921213526278734e-06
-7.944256140035577118e-06
-1.505466229900775943e-06
1.053288542607333511e-06
2.565122122177854180e-05
1.778386467776726931e-05
7.842787113077065442e-07
4.482236363401170820e-06
9.972914085665252060e-06
1.621705268917139620e-05
1.244728082383517176e-05
-1.540936800381587091e-08
-5.974473879177821800e-06
2.429156211292138323e-06
1.436560251022456214e-05
8.304095899802632630e-06
1.039367361954646185e-05
4.334175628173397854e-06
-3.577299594326177612e-06
-7.598272532050032169e-06
-4.866499453783035278e-03
1.484183849242981523e-05
8.155336217896547168e-06
1.400042947352631018e-05
4.977902863174676895e-03
1.534872781485319138e-02
-4.409841665165004088e-07
-5.014150701754260808e-06
-2.426684886813745834e-06
6.771713029593229294e-03
1.084623272618046030e-05
3.069880676775937900e-06
-1.673306338489055634e-02
1.880815261756652035e-06
3.379652480361983180e-05
1.388794626109302044e-03
-1.066819578409194946e-02
-2.072996267088456079e-06
8.264364623755682260e-06
-1.492363307625055313e-02
-4.544079769402742386e-03
2.367809429415501654e-06
-3.218522977022075793e-07
-2.730949968099594116e-02
7.676028762944042683e-04
-3.644986776635050774e-03
1.467938534915447235e-02
3.829023567959666252e-03
-9.502638022240716964e-06
1.278507802635431290e-02
-3.326358646154403687e-02
-3.880914766341447830e-03
-3.095247848250437528e-06
-1.283920255445991643e-06
1.508790068328380585e-03
5.663560703396797180e-03
-8.786447346210479736e-03
4.979261429980397224e-04
9.652661248082949896e-08
1.271418341275420971e-06
1.338230958936037496e-05
9.865019237622618675e-04
-1.673704537097364664e-05
-5.224940832704305649e-03
7.252579507621703669e-06
8.586797775933519006e-06
1.102394980989629403e-05
4.638245794922113419e-03
4.600132797349942848e-06
4.818771230929996818e-06
7.812415715306997299e-03
9.980665519833564758e-03
-1.054660044610500336e-02
-9.820289909839630127e-03
3.066464387302403338e-06
-3.188653150573372841e-03
3.470015371931367554e-06
-5.736239472753368318e-05
-4.494773456826806068e-04
5.277933087199926376e-03
2.371628582477569580e-02
4.986820840713335201e-06
4.197235909941809950e-07
-1.312994527324917726e-06
7.780859050399158150e-06
4.630583804100751877e-03
-1.094210574592580087e-06
-1.336889908998273313e-05
3.008897238032659516e-06
-1.780567072273697704e-05
-1.210681442171335220e-02
-8.425145097135100514e-06
1.194275137095246464e-05
2.379506826400756836e-02
-1.629177290851657744e-06
-3.550561610609292984e-03
1.459107641130685806e-02
-6.245737040444510058e-06
-3.740850370377302170e-03
1.186812141895643435e-06
-5.782293101219693199e-06
-1.538329478353261948e-02
-1.285767275840044022e-02
-2.004526322707533836e-06
1.794469356536865234e-02
-2.154985622837557457e-06
4.555212854029377922e-06
1.061924151144921780e-03
7.140643560887838248e-07
2.024365356191992760e-03
-1.566813011777412612e-06
-2.228245648439042270e-05
1.084761424863245338e-05
3.188303485512733459e-02
-6.624865818594116718e-06
3.852051577268866822e-06
-1.196503546088933945e-02
-1.988971462196786888e-06
-5.946672055870294571e-03
2.436363138258457184e-03
1.158587541431188583e-02
-4.871954210102558136e-03
-4.672334529459476471e-03
1.302527743973769248e-05
2.301519998582080007e-05
-9.557090699672698975e-03
-1.124767959117889404e-02
7.944038770801853389e-06
5.629066843539476395e-03
1.613709900993853807e-05
1.537796924822032452e-05
-2.016446842389996164e-06
1.555622182786464691e-02
1.516223733233346138e-07
-2.409240323686390184e-06
-5.885143309569684789e-06
1.930367085151374340e-03
-3.278997959569096565e-03
1.306854002177715302e-02
-2.878450788557529449e-02
6.486544862127630040e-06
1.227516122526139952e-06
-1.334851094725308940e-05
-8.068555034697055817e-03
4.244699539412977174e-06
1.744224209687672555e-05
6.450117100030183792e-03
1.259410601051058620e-05
-5.102779250591993332e-03
6.721392310282681137e-06
1.743235770845785737e-05
4.787879788636928424e-06
2.447796287015080452e-03
1.877031521871685982e-03
-3.872886998578906059e-03
2.328733535250648856e-05
-1.329973929387051612e-05
2.676010830327868462e-03
4.685756266553653404e-06
1.576042384840548038e-03
-1.924457773566246033e-02
-7.264718078658916056e-06
-7.719221457591629587e-07
2.730511141635361128e-06
-6.934797511348733678e-06
9.942590259015560150e-03
-2.906032568716909736e-05
6.543771177530288696e-02
-1.272860318422317505e-01
-8.547706156969070435e-02
-3.329928591847419739e-02
9.868098050355911255e-02
1.849837601184844971e-01
4.784717783331871033e-02
7.430593669414520264e-02
-3.853730112314224243e-02
2.106348127126693726e-01
1.564647536724805832e-03
-2.201576344668865204e-02
-2.541174925863742828e-02
1.781006157398223877e-01
-3.426875919103622437e-02
6.226146221160888672e-02
1.582344621419906616e-01
9.370797127485275269e-02
-2.617939934134483337e-02
7.834266871213912964e-03
3.909490257501602173e-02
-1.620883494615554810e-01
9.531548619270324707e-02
3.490865603089332581e-02
-4.893605411052703857e-02
8.390863239765167236e-02
-5.160358175635337830e-02
-4.765240103006362915e-02
-7.697287946939468384e-03
8.042266964912414551e-02
4.227415472269058228e-02
2.616360597312450409e-02
2.038080431520938873e-02
9.723736345767974854e-02
1.649163290858268738e-02
-8.097454905509948730e-02
-6.381791085004806519e-03
2.249988727271556854e-02
-4.330459609627723694e-02
-5.538606643676757812e-02
-1.382316928356885910e-02
2.982493303716182709e-02
-8.479726314544677734e-02
6.707065552473068237e-02
4.889526590704917908e-02
-1.451584845781326294e-01
-7.349774986505508423e-02
-6.912117451429367065e-02
1.512232720851898193e-01
-8.814170211553573608e-02
-3.410845762118697166e-03
2.250898256897926331e-02
1.100631579756736755e-01
-5.654121562838554382e-02
2.184576727449893951e-02
3.707210719585418701e-02
-3.718863800168037415e-02
1.367855072021484375e-01
-7.959371060132980347e-02
-2.297965995967388153e-02
-8.541102521121501923e-03
-1.422262936830520630e-01
-2.941295690834522247e-02
-4.616695921868085861e-03
-2.257314883172512054e-02
9.673289209604263306e-02
-3.865919262170791626e-02
4.398204013705253601e-02
1.491496898233890533e-02
2.623149007558822632e-02
3.280145302414894104e-02
-5.896428134292364120e-03
-1.314314752817153931e-01
7.860422134399414062e-02
-2.866110764443874359e-02
-2.025473564863204956e-01
-8.968675136566162109e-02
1.123276725411415100e-02
6.133290473371744156e-03
1.371800620108842850e-02
-6.103507801890373230e-02
-4.452472180128097534e-02
-6.139507517218589783e-02
6.167757138609886169e-02
-3.964687138795852661e-02
2.482660673558712006e-02
7.244925945997238159e-02
1.180401071906089783e-01
4.934405535459518433e-02
3.796322643756866455e-02
-3.005646727979183197e-02
-3.697239980101585388e-02
5.287642404437065125e-02
-1.015385538339614868e-01
-1.997476965188980103e-01
8.206568658351898193e-02
-5.184458941221237183e-02
-1.379843354225158691e-01
4.788942635059356689e-02
-2.663820516318082809e-03
2.841596957296133041e-03
1.408103667199611664e-02
9.831181913614273071e-02
3.902466222643852234e-02
1.175459474325180054e-02
-1.350820623338222504e-02
-4.743135720491409302e-02
6.919451057910919189e-02
1.176247149705886841e-01
1.329438239336013794e-01
-1.046429798007011414e-01
-5.921686068177223206e-02
6.362296640872955322e-02
1.406483724713325500e-02
1.407688260078430176e-01
-2.579381875693798065e-02
-1.087682768702507019e-01
-1.029852405190467834e-01
-5.856483057141304016e-02
1.547446753829717636e-02
7.635106891393661499e-02
5.629178881645202637e-02
1.039182320237159729e-01
-1.404796987771987915e-01
6.910224258899688721e-02
5.929587781429290771e-02
1.053370237350463867e-01
-1.100923642516136169e-01
2.261197008192539215e-02
-8.523327857255935669e-02
-1.540739983320236206e-01
1.281111687421798706e-02
-1.624683290719985962e-02
-9.206063300371170044e-02
3.160509280860424042e-03
9.076244197785854340e-03
-7.365253567695617676e-02
7.059850730001926422e-03
-9.556251764297485352e-02
1.163847148418426514e-01
-9.606892615556716919e-02
1.142498627305030823e-01
-3.494256408885121346e-03
7.913005352020263672e-02
1.704960502684116364e-02
-6.968431174755096436e-02
-7.081206142902374268e-02
-6.721882522106170654e-02
4.623314365744590759e-02
-2.251044213771820068e-01
