8.508453369140625000e+00
8.512289047241210938e+00
8.447129249572753906e+00
8.471696853637695312e+00
8.531847000122070312e+00
8.485624313354492188e+00
8.529277801513671875e+00
8.436667442321777344e+00
8.400004386901855469e+00
8.443745613098144531e+00
8.514535903930664062e+00
8.477772712707519531e+00
8.452807426452636719e+00
8.493959426879882812e+00
8.492406845092773438e+00
8.482937812805175781e+00
8.558231353759765625e+00
8.463879585266113281e+00
8.518254280090332031e+00
8.480892181396484375e+00
8.484322547912597656e+00
8.516542434692382812e+00
8.473651885986328125e+00
8.529994964599609375e+00
8.505644798278808594e+00
8.523049354553222656e+00
8.480729103088378906e+00
8.467432975769042969e+00
8.466674804687500000e+00
8.349539756774902344e+00
8.503657341003417969e+00
8.456818580627441406e+00
8.456807136535644531e+00
8.445665359497070312e+00
8.491522789001464844e+00
8.495253562927246094e+00
8.503913879394531250e+00
8.492394447326660156e+00
8.452330589294433594e+00
8.511720657348632812e+00
8.444330215454101562e+00
8.552564620971679688e+00
8.573273658752441406e+00
8.575555801391601562e+00
8.540580749511718750e+00
8.454925537109375000e+00
8.445280075073242188e+00
8.458948135375976562e+00
8.519699096679687500e+00
8.534027099609375000e+00
8.488208770751953125e+00
8.487118721008300781e+00
8.457527160644531250e+00
8.414640426635742188e+00
8.462266921997070312e+00
8.491243362426757812e+00
8.474597930908203125e+00
8.539247512817382812e+00
8.430091857910156250e+00
8.563956260681152344e+00
8.457952499389648438e+00
8.485619544982910156e+00
8.450674057006835938e+00
8.505974769592285156e+00
8.509881973266601562e+00
8.467872619628906250e+00
8.479507446289062500e+00
8.512538909912109375e+00
8.401435852050781250e+00
8.480686187744140625e+00
8.463366508483886719e+00
8.560419082641601562e+00
8.569368362426757812e+00
8.535797119140625000e+00
8.468941688537597656e+00
8.555040359497070312e+00
8.504812240600585938e+00
8.464025497436523438e+00
8.503332138061523438e+00
8.484920501708984375e+00
8.523537635803222656e+00
8.476640701293945312e+00
8.469188690185546875e+00
8.563028335571289062e+00
8.552590370178222656e+00
8.422657012939453125e+00
8.403354644775390625e+00
8.481064796447753906e+00
8.363869667053222656e+00
8.515797615051269531e+00
8.514509201049804688e+00
8.494422912597656250e+00
8.458992004394531250e+00
8.501374244689941406e+00
8.452163696289062500e+00
8.508478164672851562e+00
8.446159362792968750e+00
8.512223243713378906e+00
8.494425773620605469e+00
8.494902610778808594e+00
8.555976867675781250e+00
8.548368453979492188e+00
8.527089118957519531e+00
8.525111198425292969e+00
8.470932006835937500e+00
8.422177314758300781e+00
8.511173248291015625e+00
8.500140190124511719e+00
8.537290573120117188e+00
8.491675376892089844e+00
8.522216796875000000e+00
8.485319137573242188e+00
8.430727005004882812e+00
8.427225112915039062e+00
8.436336517333984375e+00
8.444499969482421875e+00
8.515532493591308594e+00
8.500025749206542969e+00
8.509951591491699219e+00
8.453023910522460938e+00
8.477207183837890625e+00
8.523310661315917969e+00
8.319602966308593750e+00
8.501600265502929688e+00
8.471400260925292969e+00
8.480581283569335938e+00
8.455916404724121094e+00
8.513963699340820312e+00
8.498386383056640625e+00
8.485958099365234375e+00
8.510860443115234375e+00
8.549267768859863281e+00
8.474556922912597656e+00
8.484182357788085938e+00
8.501118659973144531e+00
8.486675262451171875e+00
8.452321052551269531e+00
8.432360649108886719e+00
8.403878211975097656e+00
8.539282798767089844e+00
8.441336631774902344e+00
8.539577484130859375e+00
8.498396873474121094e+00
8.489139556884765625e+00
8.527061462402343750e+00
8.520499229431152344e+00
8.506757736206054688e+00
8.511194229125976562e+00
8.457303047180175781e+00
8.460966110229492188e+00
-1.003375625610351562e+01
-9.930516242980957031e+00
-1.004451847076416016e+01
9.974176287651062012e-01
-1.033941459655761719e+01
-1.056510448455810547e+01
-1.046879768371582031e+01
1.072069287300109863e+00
1.708767265081405640e-01
-1.048304843902587891e+01
-9.605500221252441406e+00
-9.841733932495117188e+00
4.179203510284423828e-01
-1.035163879394531250e+01
-1.096141529083251953e+01
9.711107015609741211e-01
-1.020106887817382812e+01
-1.070869922637939453e+01
1.261829376220703125e+00
1.317410230636596680e+00
-1.039321708679199219e+01
-1.070775413513183594e+01
8.924850225448608398e-01
1.404713988304138184e+00
-1.047578716278076172e+01
-1.094881248474121094e+01
1.159715771675109863e+00
-3.916652500629425049e-02
8.411224484443664551e-01
1.238131523132324219e+00
3.463367223739624023e-01
-1.050515747070312500e+01
1.123967409133911133e+00
6.368661522865295410e-01
4.192314743995666504e-01
-1.073261547088623047e+01
-1.040197467803955078e+01
9.459856748580932617e-01
6.712990999221801758e-01
5.924337506294250488e-01
1.222677707672119141e+00
-9.711242675781250000e+00
-1.012375068664550781e+01
-1.043235588073730469e+01
1.256412386894226074e+00
-1.050663852691650391e+01
8.495165109634399414e-01
-9.879742622375488281e+00
-9.934299468994140625e+00
-9.921189308166503906e+00
3.166452050209045410e-01
-1.101723098754882812e+01
-1.058293151855468750e+01
1.224317312240600586e+00
9.049648046493530273e-01
7.272845506668090820e-01
9.895679354667663574e-01
-1.106097507476806641e+01
1.099720597267150879e+00
-9.912394523620605469e+00
7.956023216247558594e-01
5.009596347808837891e-01
1.340957522392272949e+00
1.262453436851501465e+00
-1.064846134185791016e+01
-1.076743316650390625e+01
-9.698540687561035156e+00
-9.536296844482421875e+00
1.289253830909729004e+00
-1.010073184967041016e+01
-1.049045276641845703e+01
-1.092726135253906250e+01
-1.094099617004394531e+01
9.113308191299438477e-01
-1.075066661834716797e+01
-1.081186199188232422e+01
1.112376928329467773e+00
-9.881669998168945312e+00
-4.915442764759063721e-01
4.535633921623229980e-01
-9.953734397888183594e+00
1.462865471839904785e+00
-1.085985183715820312e+01
-1.012315559387207031e+01
7.160348892211914062e-01
1.207136034965515137e+00
-9.521966934204101562e+00
6.560146212577819824e-01
-9.404363632202148438e+00
-9.793664932250976562e+00
8.962402939796447754e-01
-1.097635078430175781e+01
1.193535923957824707e+00
-1.081669807434082031e+01
-1.010608291625976562e+01
-1.027125453948974609e+01
1.079794645309448242e+00
-1.101446056365966797e+01
-9.725414276123046875e+00
7.929739952087402344e-01
-1.049521732330322266e+01
9.811183810234069824e-01
6.156603097915649414e-01
1.168029904365539551e+00
1.085100173950195312e+00
1.072129130363464355e+00
-1.014257717132568359e+01
-1.045240783691406250e+01
1.332481503486633301e+00
2.436007261276245117e-01
-1.031451225280761719e+01
8.067768812179565430e-01
-1.012826538085937500e+01
-1.010256958007812500e+01
-1.052240085601806641e+01
6.638348698616027832e-01
-1.047240829467773438e+01
-1.059977722167968750e+01
-9.856850624084472656e+00
8.410644531250000000e-01
1.109686970710754395e+00
7.559603452682495117e-01
1.024162888526916504e+00
-1.010512447357177734e+01
-1.067985439300537109e+01
-9.715952873229980469e+00
7.212774157524108887e-01
-9.759392738342285156e+00
-1.038050937652587891e+01
7.174890041351318359e-01
-1.095424175262451172e+01
8.258671164512634277e-01
-1.043500518798828125e+01
-1.023701095581054688e+01
-1.058167839050292969e+01
8.504655957221984863e-01
1.132847547531127930e+00
1.328590035438537598e+00
-1.009198951721191406e+01
-1.071351814270019531e+01
7.136662602424621582e-01
-1.081649780273437500e+01
1.155249714851379395e+00
2.311460822820663452e-01
-1.050047779083251953e+01
-9.601805686950683594e+00
-1.034213733673095703e+01
-1.005235385894775391e+01
5.846152901649475098e-01
-4.387256622314453125e+00
-8.996699005365371704e-02
1.629194915294647217e-01
1.458129435777664185e-01
-1.623398996889591217e-02
-5.804408714175224304e-02
7.272227108478546143e-02
-3.088791295886039734e-02
-3.564251959323883057e-01
6.830785423517227173e-02
3.794435784220695496e-02
2.068262696266174316e-01
-3.173283487558364868e-02
-2.019427865743637085e-01
4.363134130835533142e-02
6.855023652315139771e-02
2.936318051069974899e-03
-7.838115096092224121e-02
-5.669362843036651611e-02
1.360001415014266968e-01
7.083795964717864990e-02
-1.641036570072174072e-02
8.696535602211952209e-03
-5.077151581645011902e-02
2.545185089111328125e-01
-1.307033002376556396e-02
-1.735684834420681000e-02
2.947019040584564209e-01
-2.106404751539230347e-01
9.313030168414115906e-03
-1.349883824586868286e-01
-2.715440839529037476e-02
-1.080082656699232757e-04
2.563332617282867432e-01
-4.506203532218933105e-02
-9.521900676190853119e-03
7.155743241310119629e-02
-6.042741611599922180e-02
5.830127745866775513e-02
1.993615739047527313e-02
2.247404772788286209e-03
7.606215029954910278e-02
-2.450278103351593018e-01
1.941005326807498932e-02
-1.200030297040939331e-01
-8.092862367630004883e-02
-5.931090563535690308e-02
7.570978719741106033e-03
-3.876811265945434570e-02
-2.740932814776897430e-02
1.338771283626556396e-01
-4.909462854266166687e-02
2.425143495202064514e-02
-2.037762664258480072e-02
1.823067963123321533e-01
-3.124157786369323730e-01
-1.333331912755966187e-01
9.676461108028888702e-03
7.158996164798736572e-02
9.193193912506103516e-02
-6.315676867961883545e-02
-1.135419160127639771e-01
-9.046635776758193970e-02
-3.445185720920562744e-02
-1.016223430633544922e-01
1.522102765738964081e-02
4.460187628865242004e-02
-2.379842288792133331e-02
-3.629017770290374756e-01
-2.848227322101593018e-01
1.085062623023986816e-01
-1.377735286951065063e-01
-1.051397994160652161e-01
-5.312559381127357483e-02
-8.964675664901733398e-02
6.571748107671737671e-02
-2.915735170245170593e-02
2.295130193233489990e-01
2.108296453952789307e-01
-4.136091470718383789e-02
-5.626254528760910034e-02
-4.309564828872680664e-01
-2.162959724664688110e-01
-4.707389697432518005e-02
-1.388642657548189163e-02
3.118078038096427917e-02
-1.479140073060989380e-01
-8.757715113461017609e-04
-1.119359955191612244e-02
-6.523858755826950073e-02
9.386688470840454102e-02
1.579536646604537964e-01
-8.168016560375690460e-03
-2.676732242107391357e-01
6.067335978150367737e-02
-9.186841198243200779e-04
5.693849921226501465e-02
2.527260780334472656e-01
1.128886360675096512e-02
-2.131003141403198242e-01
-3.364478424191474915e-02
-2.397196590900421143e-01
-1.939129084348678589e-02
7.207235693931579590e-02
-3.242916613817214966e-02
9.777077287435531616e-02
6.481607258319854736e-02
6.336747854948043823e-02
7.951727509498596191e-02
2.563092112541198730e-01
-1.061073131859302521e-02
4.279474914073944092e-02
1.229880154132843018e-01
-2.517867684364318848e-01
-2.476795390248298645e-02
-2.911085449159145355e-02
-8.825460076332092285e-02
5.495240539312362671e-02
7.080285251140594482e-02
5.969243124127388000e-02
6.510891765356063843e-02
-5.574968084692955017e-02
2.745023369789123535e-01
-2.749650478363037109e-01
-7.714906241744756699e-03
2.725914679467678070e-02
-2.153027802705764771e-03
5.545978434383869171e-03
-7.867028564214706421e-02
-5.026413872838020325e-02
1.226103603839874268e-01
5.544670391827821732e-03
-8.699768781661987305e-02
-2.299289684742689133e-03
-8.262120187282562256e-03
1.347913220524787903e-02
-1.403020881116390228e-02
9.018012881278991699e-02
8.087288588285446167e-02
2.134033739566802979e-01
-2.189734578132629395e-02
-1.672512292861938477e-02
-3.643124178051948547e-02
-7.248659431934356689e-02
-9.499887377023696899e-02
5.589094944298267365e-03
-9.802991151809692383e-02
9.730565547943115234e-02
2.647354640066623688e-02
4.016236215829849243e-02
-7.084478437900543213e-02
