8.278742432594299316e-02
-8.896365016698837280e-02
-1.258521527051925659e-01
1.586223207414150238e-02
4.915118962526321411e-02
1.632219851016998291e-01
3.443340957164764404e-02
1.058467030525207520e-01
-1.101225093007087708e-01
2.152218520641326904e-01
-2.952831797301769257e-02
-3.087151236832141876e-02
-3.316774219274520874e-02
1.757334619760513306e-01
1.879469119012355804e-02
6.261011213064193726e-02
1.011921688914299011e-01
8.372662216424942017e-02
-4.925030469894409180e-02
2.156077697873115540e-02
-6.312909070402383804e-03
-1.145078763365745544e-01
5.797010287642478943e-02
1.475805044174194336e-02
-3.226811299100518227e-03
2.854387089610099792e-02
-5.883252993226051331e-02
-1.101106312125921249e-02
-9.593480080366134644e-02
1.168984770774841309e-01
2.231799624860286713e-02
-9.478980209678411484e-04
9.159558452665805817e-03
5.386973498389124870e-04
-2.145222824765369296e-04
-2.286001690663397312e-04
5.339591763913631439e-03
-1.274954993277788162e-02
-1.009730845689773560e-01
-4.434379935264587402e-02
1.123047526925802231e-02
-3.245298564434051514e-02
-6.354732066392898560e-02
1.048155277967453003e-01
1.286428272724151611e-01
-1.250287890434265137e-01
5.637391470372676849e-03
-8.482509851455688477e-02
1.230292022228240967e-01
-6.483311206102371216e-02
3.129765018820762634e-02
-4.133947938680648804e-02
9.606766700744628906e-02
-8.119450509548187256e-02
6.762041593901813030e-04
7.873771339654922485e-02
-8.592171221971511841e-02
1.054026633501052856e-01
-1.259777694940567017e-01
-1.189002534374594688e-03
-3.154810518026351929e-02
-1.670227050781250000e-01
-2.319962950423359871e-03
-3.120009414851665497e-02
-2.996738068759441376e-02
4.790847375988960266e-02
-2.200735360383987427e-02
3.672643005847930908e-02
-1.117165945470333099e-02
3.620095923542976379e-02
5.944209918379783630e-02
4.099238663911819458e-02
-1.229758337140083313e-01
-1.391420420259237289e-02
-4.555396363139152527e-02
-1.822970658540725708e-01
-9.398187696933746338e-02
-2.096343599259853363e-02
-1.487659290432929993e-02
1.234478969126939774e-02
-4.372796788811683655e-02
-4.848542436957359314e-02
-1.217013597488403320e-01
7.453083992004394531e-02
-9.804417937994003296e-02
3.965283557772636414e-02
1.072309091687202454e-01
5.658376216888427734e-02
3.521415218710899353e-02
4.466329887509346008e-02
-3.310794383287429810e-02
2.020497247576713562e-02
3.202947601675987244e-02
-8.374462276697158813e-02
-1.889181733131408691e-01
2.956665121018886566e-02
-1.070348843932151794e-01
-1.204283237457275391e-01
4.474843665957450867e-02
-6.510990858078002930e-02
2.427055127918720245e-02
-2.899790368974208832e-02
1.152829527854919434e-01
1.101799830794334412e-01
-4.430845007300376892e-02
-8.244043216109275818e-03
2.199483849108219147e-02
3.260284289717674255e-02
1.755704581737518311e-01
1.361941397190093994e-01
-9.894043952226638794e-02
-1.130818873643875122e-01
3.130367025732994080e-02
-3.518017183523625135e-04
1.382320672273635864e-01
5.035258457064628601e-02
-1.230033487081527710e-01
-1.032175794243812561e-01
-8.022418618202209473e-02
3.445499017834663391e-02
1.420392096042633057e-01
8.922580629587173462e-02
1.137108877301216125e-01
-1.085633412003517151e-01
6.811133027076721191e-02
5.275167524814605713e-02
1.213867291808128357e-01
-9.077958017587661743e-02
1.747033372521400452e-02
-7.185930013656616211e-02
-1.351339071989059448e-01
-2.763455547392368317e-02
1.326203066855669022e-02
-8.863192051649093628e-02
3.121015802025794983e-02
3.856821358203887939e-02
1.873848261311650276e-03
9.144732356071472168e-02
-8.481156080961227417e-02
1.024578362703323364e-01
-5.223663896322250366e-02
1.066241860389709473e-01
-5.364023894071578979e-02
8.933897316455841064e-02
1.080983877182006836e-02
-3.890528529882431030e-02
-4.284146428108215332e-02
-1.062704846262931824e-01
-1.650573126971721649e-02
-2.085272967815399170e-01
