-2.164172381162643433e-02
-1.866666376590728760e-01
-7.581388205289840698e-02
1.631475538015365601e-01
2.104011800838634372e-04
8.924278616905212402e-02
-1.564040407538414001e-02
3.164877593517303467e-01
-3.926678001880645752e-01
-5.545758008956909180e-01
-1.423589885234832764e-01
2.319211959838867188e-01
-4.038237780332565308e-02
1.343485265970230103e-01
1.646969467401504517e-01
2.770578861236572266e-01
1.072219684720039368e-01
6.408113986253738403e-02
7.684325333684682846e-03
-3.679039888083934784e-03
3.814777359366416931e-02
3.612092696130275726e-03
7.691713050007820129e-03
-2.858156524598598480e-02
-4.289032891392707825e-02
9.512799233198165894e-02
-4.281905665993690491e-02
2.534690499305725098e-01
-2.389664798974990845e-01
1.117711663246154785e-01
