-8.353796943083580118e-07
4.897767098555050325e-07
-1.092882015996110567e-07
-1.278888674960398930e-07
-2.616905590002716053e-07
1.317814621870638803e-07
-2.122694127137947362e-07
3.477217376257613068e-07
-1.360928791882543010e-07
-1.931513793351768982e-08
-3.429422434919615625e-08
-3.261893155581674364e-08
6.977100497351784725e-08
-2.365118767500007380e-08
-1.986207109894166933e-07
6.270521453188848682e-07
-3.764480993595498148e-08
5.971924821324137156e-08
-8.415881325163354632e-08
5.193406948933443346e-08
8.819922214797770721e-08
1.480662916719666100e-07
-1.339248569820483681e-07
-1.031783085636561736e-07
1.077607265642654966e-07
-1.105101773646310903e-06
3.643268371433805441e-07
7.933002876825412386e-08
3.524027079038205557e-07
-1.125402420143473137e-07
-6.775080123588850256e-07
-5.007892696085036732e-07
-3.989167112194991205e-07
1.105693030467591598e-07
-8.491516041431168560e-07
-1.675292571334807690e-09
9.953208746082964353e-08
5.935463036621513311e-07
-3.529939931468106806e-07
6.313881613095873035e-07
-4.826320605388900731e-07
-1.804881293310245383e-07
-2.567139461007172940e-07
-3.744278842532366980e-07
-6.681460718027665280e-08
-1.226412678079213947e-07
-6.235906653273559641e-07
-1.288004369826012407e-07
-1.716682049845985603e-07
9.509748366554049426e-08
-4.577490386736826622e-08
3.450116992098628543e-07
4.136987001857050927e-07
-1.497908641567846644e-07
-3.096334637575637316e-07
-7.686636394055312849e-08
-1.759057077777015365e-08
7.469833462891983800e-08
1.542747298799440614e-07
1.738362414016592083e-07
3.003700896897498751e-07
-5.415136783426532929e-08
-7.479688690636976389e-08
8.001985207783945953e-08
9.657568966758844908e-09
2.458738102006918780e-08
-7.075647090459824540e-08
3.468840930054284399e-07
3.099783896232111147e-07
-4.881014206148392987e-07
-1.091403802888635255e-07
-4.320776554322947050e-07
5.207942308516066987e-07
1.231832698067591991e-07
-4.503580441905796761e-08
4.145856280501902802e-07
6.246870043469243683e-07
2.191184051980599179e-07
3.276674931385059608e-07
-3.165317252751265187e-07
4.010847476365597686e-08
-1.830626672472135397e-07
-1.310670061371865813e-08
7.804399615451984573e-07
-1.807345029192219954e-07
-2.201531401624379214e-07
-3.192910469351772917e-08
1.671843392614391632e-07
-2.072435449917975347e-07
8.218788138947275002e-08
-4.347876938481931575e-07
-1.411187611211062176e-07
2.969209731418231968e-07
-2.469578248565085232e-07
2.392219222713265481e-08
1.906877002966211876e-07
2.426217804440966574e-07
-2.437550676859245868e-07
1.305742642898621853e-07
-1.740333317457043449e-07
-3.937922770091972779e-07
6.277419828393249190e-08
1.811286836073122686e-07
-2.643513141720177373e-07
2.899241451359557686e-07
1.515647056749003241e-07
-4.781974638490282814e-08
-1.333335717390582431e-07
1.399362048459806829e-07
-7.049039822959457524e-07
4.012325689473072998e-07
2.641049334783929226e-08
2.649918542374507524e-07
-1.867458365722995950e-08
-9.783215659808774944e-08
-1.372261664300822304e-07
2.670613241662067594e-07
1.293917080147366505e-07
-5.523537893736829574e-08
-5.962070392939722296e-09
4.814494900529098231e-07
4.656327590168984898e-08
2.312889080258173635e-07
-1.575760393279779237e-07
-3.176650125169544481e-07
1.279135091181160533e-07
1.355015939452641760e-07
4.969705855728534516e-07
3.523534246596682351e-07
-9.839880021900171414e-08
-6.868699387041488080e-08
1.557036597432670533e-07
8.583410249229928013e-08
-1.933730970904434798e-07
-6.508018941531190649e-07
2.330627602020740596e-08
2.615427376895240741e-07
-2.177880276121868519e-07
-1.756223895199582330e-07
-9.209181683900169446e-08
-1.794041253333489294e-07
-1.406260281555660185e-07
-1.647798058002081234e-06
5.714225608244305477e-07
1.431389620165646193e-07
-4.452582516023539938e-07
-2.820404176873125834e-07
-1.945310259543475695e-07
-5.819177886223769747e-07
9.903935449528944446e-08
-6.218291304094236693e-08
-1.302786358792218380e-07
-3.535359951456484850e-07
6.813864223659038544e-03
1.949498482645140029e-07
-2.212371583709682454e-07
4.024643942557304399e-07
-4.754369333386421204e-02
-1.417737733572721481e-02
1.474996480510526453e-07
-9.129605018642905634e-07
-1.758071732638200046e-07
-7.772245910018682480e-03
-5.661503266196632467e-08
2.327671069224379607e-07
-1.513128168880939484e-03
1.127866084971174132e-07
3.806363224612141494e-07
-2.942259190604090691e-03
2.340054325759410858e-02
5.207203344070876483e-07
4.478943935737333959e-07
5.354162305593490601e-02
-7.902756333351135254e-02
3.224938041057612281e-07
3.238241959024890093e-07
2.962570637464523315e-02
-2.088234387338161469e-02
-4.389679525047540665e-03
-1.627286523580551147e-02
-1.421718485653400421e-02
8.149805097446005675e-08
-1.300575677305459976e-02
3.812527284026145935e-02
2.749654091894626617e-02
-1.365856121537945000e-07
-4.095597603281930787e-07
-7.814316079020500183e-03
-1.190739404410123825e-02
5.312090367078781128e-02
1.086212228983640671e-02
3.884214834215526935e-07
-2.347380387845987570e-07
-7.923148359623155557e-08
4.555300809442996979e-03
-3.595966120428784052e-07
3.024776093661785126e-02
-2.932254687948443461e-07
2.282339721659809584e-07
3.968718829128192738e-07
3.043856844305992126e-02
2.121708746471995255e-07
1.847749047101387987e-07
-1.692363061010837555e-02
7.415612693876028061e-03
3.060445655137300491e-03
-5.299166310578584671e-03
-1.195863177372302744e-07
2.103593200445175171e-02
-3.941864612500012299e-10
-2.272098138928413391e-02
5.690161138772964478e-02
6.601289380341768265e-03
1.037465874105691910e-02
3.498404907986696344e-07
-1.490024885697494028e-07
1.136242531174502801e-07
5.499886697180045303e-07
-3.444634750485420227e-02
1.044347825995828316e-07
4.296632596378913149e-07
-5.454555207506928127e-08
-4.814987732970621437e-07
2.021554857492446899e-02
2.950978625904099317e-07
9.963063263285221183e-08
1.847504754550755024e-04
9.480184814947278937e-08
-5.096655339002609253e-03
-6.585509330034255981e-02
-4.360687810844865453e-08
3.282150998711585999e-02
3.595966120428784052e-07
-1.575267702946803183e-07
-4.048618953675031662e-03
-3.661580011248588562e-02
-1.557960445097705815e-07
-3.787729516625404358e-02
3.639326564552902710e-07
3.929546465997191262e-09
-1.697589270770549774e-02
-1.029381024864051142e-07
1.097498275339603424e-02
7.657072131905806600e-08
-2.724813974452899856e-08
-3.411684019738459028e-07
-4.898834228515625000e-02
-3.843318197027656424e-08
4.609025268109689932e-07
-2.481691725552082062e-02
1.207688882232105243e-07
-2.303055021911859512e-03
-2.383321151137351990e-02
-9.193917736411094666e-03
-5.789503082633018494e-02
1.216917019337415695e-02
6.494222049013842479e-08
2.763247266557300463e-07
-1.115876287221908569e-01
3.780405968427658081e-03
7.166802618030487793e-08
-1.310713961720466614e-02
-3.385076468020997709e-07
4.193158531506924191e-08
-3.203011544883338502e-07
-2.652839384973049164e-02
-2.968716898976708762e-07
1.427447813284743461e-07
8.197846845803269389e-09
-3.284206613898277283e-02
1.741566881537437439e-02
-3.512947354465723038e-03
-1.890574023127555847e-02
-1.059376160128522315e-07
-2.127128766460373299e-07
-6.440021849130062037e-08
1.271252706646919250e-02
-6.676533104155168985e-08
3.222474376229911286e-08
-2.017420716583728790e-02
7.637363097501292941e-08
-1.119069568812847137e-02
2.477461862326890696e-07
4.130088768761197571e-07
1.525501716059807222e-07
5.568220093846321106e-02
3.416165709495544434e-02
1.483762054704129696e-03
-1.059376142364953921e-09
-1.836293108681275044e-07
7.436687126755714417e-03
5.038688755121256690e-07
-1.216976251453161240e-02
1.728525012731552124e-02
9.253527366581693059e-08
3.183055810040968936e-07
-3.524027079038205557e-07
2.172953017520740104e-08
-2.814002509694546461e-04
1.516120028099976480e-05
-2.415379695594310760e-02
2.124586375430226326e-03
2.872510626912117004e-02
2.849314548075199127e-02
3.292638063430786133e-02
-3.058827109634876251e-02
4.628877714276313782e-02
2.201842144131660461e-02
2.517505921423435211e-02
5.329342093318700790e-03
9.799777716398239136e-02
-4.434966668486595154e-02
-9.350462816655635834e-03
-5.822239071130752563e-02
1.676749289035797119e-01
3.181609511375427246e-02
-4.594314377754926682e-03
-1.038726791739463806e-01
-1.132077816873788834e-02
3.571375086903572083e-02
-2.035688795149326324e-02
1.335677951574325562e-01
-9.608979523181915283e-02
-6.509873270988464355e-02
6.095579639077186584e-02
-1.612336635589599609e-01
1.443900819867849350e-02
-4.278192296624183655e-02
8.362721651792526245e-03
7.953855209052562714e-03
9.790129959583282471e-02
8.547380566596984863e-02
-2.822489291429519653e-02
-5.940587073564529419e-02
3.345361724495887756e-02
2.251296676695346832e-02
5.233444646000862122e-02
-5.892441142350435257e-03
-1.236508134752511978e-02
-1.458619534969329834e-01
2.617223933339118958e-02
-8.970672637224197388e-02
2.907084487378597260e-02
-8.579280972480773926e-02
-5.588739365339279175e-02
6.486663967370986938e-02
7.763534039258956909e-02
1.054932922124862671e-02
-5.713098216801881790e-03
1.151222549378871918e-02
-2.899998053908348083e-02
-2.173372954130172729e-01
5.832016468048095703e-02
-3.843494690954685211e-03
-1.329104881733655930e-02
1.059849001467227936e-02
3.257953003048896790e-02
1.998580992221832275e-01
6.493142992258071899e-02
-1.577083021402359009e-02
5.560252349823713303e-03
-6.804128736257553101e-02
3.786302986554801464e-04
-3.228352637961506844e-03
1.829372718930244446e-02
9.347539395093917847e-03
6.105601787567138672e-04
-5.407866090536117554e-03
-7.471457938663661480e-04
7.980271428823471069e-02
-2.321291528642177582e-02
2.003926336765289307e-01
-2.229689508676528931e-01
-7.147610932588577271e-02
1.816496551036834717e-01
-1.245894134044647217e-01
7.109886500984430313e-04
-4.086967185139656067e-02
-3.182007349096238613e-04
-7.599703222513198853e-02
8.265381306409835815e-02
-6.182792782783508301e-02
-8.446145802736282349e-02
8.684963732957839966e-02
3.053922206163406372e-02
1.015777438879013062e-01
-2.682716771960258484e-02
1.406603604555130005e-01
1.491662766784429550e-02
3.577803075313568115e-02
1.556005179882049561e-01
2.012408673763275146e-01
-1.751093566417694092e-02
2.125116996467113495e-02
4.803248494863510132e-02
-1.443358231335878372e-02
-3.686928749084472656e-02
-1.643052250146865845e-01
-8.764483034610748291e-02
-1.047899127006530762e-01
-1.326955109834671021e-01
-5.007319152355194092e-02
1.396821253001689911e-02
1.093485765159130096e-02
-7.410824298858642578e-02
1.442998554557561874e-02
-8.640934713184833527e-03
-9.689284116029739380e-02
-1.421564668416976929e-01
3.623520955443382263e-02
2.170631662011146545e-02
-2.300410531461238861e-02
-4.869277775287628174e-02
-1.117587368935346603e-02
-1.221318766474723816e-01
-3.626266494393348694e-02
9.767946787178516388e-03
1.465215533971786499e-01
6.935920566320419312e-02
3.866667300462722778e-02
-1.708432566374540329e-03
-1.082345563918352127e-02
2.423467300832271576e-02
7.304266840219497681e-02
-1.340311914682388306e-01
-1.322542957495898008e-04
1.715406216681003571e-02
-1.024368964135646820e-02
-6.296055018901824951e-02
-1.214641779661178589e-01
-2.189851254224777222e-01
-7.044062763452529907e-02
-8.585711568593978882e-02
1.060670539736747742e-01
6.381242070347070694e-03
6.810833513736724854e-02
-1.491735503077507019e-02
-4.149831831455230713e-02
1.183318048715591431e-01
-1.227953806519508362e-01
-8.888285607099533081e-02
2.986659482121467590e-02
9.308405220508575439e-03
1.987536065280437469e-02
-1.232584491372108459e-01
5.579675082117319107e-03
-5.441508442163467407e-02
1.673509553074836731e-02
1.179583445191383362e-01
-1.348792295902967453e-02
