-2.316752076148986816e-02
5.255052819848060608e-02
-1.054043844342231750e-01
7.729990035295486450e-02
-1.658665686845779419e-01
6.011740490794181824e-02
2.063320763409137726e-02
3.994934726506471634e-03
2.794876322150230408e-02
-1.337025314569473267e-02
-1.387197673320770264e-01
3.268133848905563354e-03
1.018869057297706604e-01
1.514097452163696289e-01
6.723462790250778198e-02
-6.543637067079544067e-02
-3.587374091148376465e-02
2.016541659832000732e-01
-1.036087423563003540e-02
2.917542867362499237e-02
-1.985657811164855957e-01
-1.434656977653503418e-01
-7.099909707903862000e-03
-1.673712977208197117e-03
-9.006664156913757324e-02
-4.437503963708877563e-02
3.096786141395568848e-02
-8.370201103389263153e-04
-1.078659296035766602e-01
1.963221468031406403e-02
-8.126807399094104767e-03
-1.536069363355636597e-01
9.050811640918254852e-03
-1.732833869755268097e-02
4.926167428493499756e-02
-4.534180834889411926e-02
4.396446049213409424e-03
-2.613639645278453827e-02
-1.091068461537361145e-01
-5.290423333644866943e-02
2.828736230731010437e-02
3.707030788064002991e-02
-8.284264802932739258e-02
1.560200750827789307e-01
-9.744356386363506317e-03
-6.616609543561935425e-02
7.849588245153427124e-02
-8.332160860300064087e-02
3.429495915770530701e-02
6.680756807327270508e-02
-1.715013384819030762e-02
-5.576633289456367493e-02
4.504737630486488342e-02
-2.157340385019779205e-02
5.215622112154960632e-02
-2.731743082404136658e-02
5.270456429570913315e-03
-5.868264287710189819e-02
-3.136867657303810120e-02
7.852441072463989258e-02
-3.222373500466346741e-02
1.893556863069534302e-02
2.344087231904268265e-03
6.308496743440628052e-02
-1.512623578310012817e-01
-1.273665577173233032e-02
-1.202704757452011108e-02
1.109582558274269104e-02
-1.132686436176300049e-02
-2.759347297251224518e-02
-2.537094056606292725e-02
1.329029165208339691e-02
1.098811924457550049e-01
-5.826975032687187195e-02
-2.524764239788055420e-01
6.737253279425203800e-04
-1.169024221599102020e-02
2.999399788677692413e-02
4.519092664122581482e-02
6.133117526769638062e-02
-1.140199974179267883e-01
1.664262637495994568e-02
-1.313135474920272827e-01
-8.596813678741455078e-02
-3.256745263934135437e-02
2.677220664918422699e-02
1.566267907619476318e-01
-2.816187776625156403e-02
2.799493446946144104e-02
7.219754159450531006e-02
-2.640675939619541168e-02
8.480285853147506714e-02
9.739503264427185059e-03
-1.081317961215972900e-01
-1.099506616592407227e-01
-3.155458718538284302e-02
-1.295111794024705887e-02
1.180269271135330200e-01
-1.573665626347064972e-02
-8.989430963993072510e-02
-1.900415495038032532e-02
-7.897594943642616272e-03
-8.751327544450759888e-02
2.072545140981674194e-02
-4.415746405720710754e-02
-2.368633868172764778e-03
6.506343930959701538e-02
8.226627111434936523e-02
3.964651003479957581e-02
-3.526472672820091248e-02
-7.144539151340723038e-03
-9.429588168859481812e-02
8.556480705738067627e-02
5.343453958630561829e-02
1.665069460868835449e-01
1.058682799339294434e-01
-8.499263226985931396e-02
-1.847723722457885742e-01
-9.038943052291870117e-02
-3.683525323867797852e-02
-2.002514526247978210e-02
-1.219968572258949280e-01
5.345093086361885071e-03
-1.082579568028450012e-01
2.155864238739013672e-01
-2.734713489189743996e-03
-6.896337121725082397e-02
3.368595242500305176e-02
1.032520905137062073e-01
5.179082602262496948e-02
1.388315577059984207e-02
-6.199441850185394287e-02
1.187812909483909607e-01
-8.944986760616302490e-02
3.490877337753772736e-03
2.385713160037994385e-02
-1.220104750245809555e-02
7.032778114080429077e-03
-2.473124116659164429e-02
2.496885210275650024e-01
4.399297013878822327e-02
1.139901503920555115e-01
1.805170997977256775e-02
-5.280726775527000427e-02
1.634975522756576538e-01
6.217617169022560120e-02
-3.464702144265174866e-02
-1.029210388660430908e-01
5.604893341660499573e-02
1.307165622711181641e-01
