2.644624948501586914e+00
2.446426749229431152e-01
1.333024539053440094e-02
1.724073171615600586e+00
1.239704132080078125e+00
1.944217300415039062e+01
3.747659027576446533e-01
1.216841220855712891e+00
7.876719832420349121e-01
1.267852067947387695e+00
3.579265773296356201e-01
6.652927398681640625e-01
2.811944007873535156e+00
9.542129039764404297e-01
2.241105213761329651e-02
-1.394912153482437134e-01
1.146615266799926758e+00
1.684873461723327637e+00
2.709668636322021484e+00
1.184212327003479004e+00
2.656749725341796875e+00
1.071614861488342285e+00
2.413080406188964844e+01
-1.678469777107238770e-01
1.424603462219238281e-01
3.870730161666870117e+00
1.121867060661315918e+00
-1.588824838399887085e-01
1.057066440582275391e+00
2.530039310455322266e+00
1.121425703167915344e-01
-2.228860855102539062e-01
7.752864956855773926e-01
3.561455965042114258e+00
9.717231988906860352e-01
-1.145076602697372437e-01
1.804074943065643311e-01
5.987669467926025391e+00
1.551746249198913574e+00
7.816413789987564087e-02
1.467281222343444824e+00
2.192569971084594727e+00
2.596734046936035156e+01
7.962467670440673828e-01
1.735778570175170898e+00
1.345293402671813965e+00
3.572458267211914062e+01
4.137318611145019531e+00
3.252073287963867188e+00
1.737767410278320312e+01
3.103685188293457031e+01
1.227005720138549805e+00
3.714505434036254883e-01
-1.550304293632507324e-01
1.147435069084167480e+00
1.015822649002075195e+00
1.164112210273742676e+00
1.063779711723327637e+00
6.929192543029785156e-01
5.826648473739624023e-01
-1.605705171823501587e-01
1.598503351211547852e+00
5.421001911163330078e-01
2.677827179431915283e-01
6.416536867618560791e-02
6.976453065872192383e-01
1.568123579025268555e+00
5.180605053901672363e-01
8.706884384155273438e-01
1.709694266319274902e-01
1.522236585617065430e+00
1.010713577270507812e+00
2.396740674972534180e+00
2.345784187316894531e+00
2.157369136810302734e+00
1.039215683937072754e+00
4.034863471984863281e+00
2.881503820419311523e+00
1.531812191009521484e+00
2.332925558090209961e+00
2.341755628585815430e+00
1.762378692626953125e+00
3.430881202220916748e-01
1.559992313385009766e+00
1.264017224311828613e-01
4.508520889282226562e+01
3.589968979358673096e-01
7.815069198608398438e+00
2.755996227264404297e+00
2.813303232192993164e+00
1.504043698310852051e+00
7.657033801078796387e-01
6.081057548522949219e+00
1.811771392822265625e+01
4.041416049003601074e-01
1.870027542114257812e+00
8.820817470550537109e-01
7.847920656204223633e-01
7.680452466011047363e-01
1.317958712577819824e+00
1.553584814071655273e+00
-2.342276126146316528e-01
-1.224984675645828247e-01
8.626873493194580078e-01
8.164718747138977051e-01
7.964190840721130371e-01
1.249770820140838623e-01
8.391594886779785156e-02
-2.184625267982482910e-01
1.753864049911499023e+00
1.985668420791625977e+00
2.714913487434387207e-01
1.353547453880310059e+00
3.321781396865844727e+00
-6.231777742505073547e-02
1.727777123451232910e-01
4.452942848205566406e+00
1.760643005371093750e+00
1.288388848304748535e+00
3.962301909923553467e-01
1.086341068148612976e-01
-1.396019309759140015e-01
1.359063625335693359e+00
2.456349754333496094e+01
1.280423521995544434e+00
6.628791809082031250e+00
1.211562395095825195e+00
2.657098770141601562e+00
1.396468520164489746e+00
-3.187884092330932617e-01
-7.981961965560913086e-02
1.234343767166137695e+00
1.540943264961242676e+00
1.638718724250793457e+00
1.726504445075988770e+00
1.293625980615615845e-01
1.244385391473770142e-01
1.699001193046569824e+00
4.481102228164672852e-01
4.148877143859863281e+00
1.577829360961914062e+00
4.428294181823730469e+00
2.155660152435302734e+00
5.283596515655517578e-01
3.178038820624351501e-02
1.568129181861877441e+00
1.039669990539550781e+00
4.832933902740478516e+00
3.060993909835815430e+00
2.415013462305068970e-01
1.627650856971740723e+00
1.418698668479919434e+00
9.060401916503906250e-01
1.064486503601074219e+00
-1.516946405172348022e-01
2.872672796249389648e+00
7.097761631011962891e-01
1.669981384277343750e+01
3.131312751770019531e+01
2.260662794113159180e+00
1.266002893447875977e+00
5.544565320014953613e-01
6.040619611740112305e-01
5.849530696868896484e-01
2.272643327713012695e+00
-7.797315716743469238e-02
9.148874282836914062e-01
1.136582374572753906e+00
4.427367746829986572e-01
1.349046945571899414e+00
7.833120226860046387e-01
1.163626551628112793e+00
1.204998850822448730e+00
3.381559848785400391e+00
1.449486970901489258e+00
1.303948402404785156e+00
3.870221853256225586e+00
6.951135993003845215e-01
4.798341274261474609e+00
9.836816191673278809e-01
2.536337089538574219e+01
1.502489686012268066e+00
2.418490886688232422e+00
1.055475592613220215e+00
1.367544293403625488e+00
1.339714229106903076e-01
1.447867584228515625e+01
-2.623994648456573486e-01
1.274972200393676758e+00
1.456704378128051758e+00
-3.502539992332458496e-01
1.710442304611206055e+00
1.510197162628173828e+00
1.494094252586364746e+00
-1.577783077955245972e-01
2.119722366333007812e+00
2.506244182586669922e-01
1.332956433296203613e+00
1.052089929580688477e+00
1.587218403816223145e+00
7.365110516548156738e-01
4.402704164385795593e-02
1.143604993820190430e+00
1.108877062797546387e+00
9.671489596366882324e-01
1.136621952056884766e+00
1.098694086074829102e+00
-1.349907398223876953e+01
1.082193970680236816e+00
-5.966419354081153870e-02
1.463262557983398438e+00
8.217929005622863770e-01
-2.784574127197265625e+01
-8.529318809509277344e+00
-1.375128746032714844e+01
1.515055179595947266e+00
-2.942904663085937500e+01
9.149823784828186035e-01
8.421194553375244141e-01
-2.731784820556640625e+01
8.256024122238159180e-01
4.394170641899108887e-01
1.086601734161376953e+00
-5.073416709899902344e+00
-2.945215702056884766e+00
1.148022651672363281e+00
1.369539976119995117e+00
9.479302763938903809e-01
1.117374658584594727e+00
-2.257148265838623047e+00
1.059137701988220215e+00
1.334727168083190918e+00
1.735856056213378906e+00
-2.182029724121093750e+01
-1.508243978023529053e-01
-5.540626049041748047e+00
1.353932380676269531e+00
-3.560434818267822266e+00
4.694147706031799316e-01
8.174483776092529297e-01
1.094438552856445312e+00
1.226078987121582031e+00
-2.287116050720214844e+01
8.891829252243041992e-01
1.053087949752807617e+00
1.271264195442199707e+00
1.484191775321960449e+00
-2.753865242004394531e+01
1.286089539527893066e+00
9.194949269294738770e-01
-3.730086565017700195e+00
-6.582346916198730469e+00
1.297829627990722656e+00
1.615649938583374023e+00
9.320849180221557617e-01
7.491082698106765747e-02
9.988663196563720703e-01
9.363110065460205078e-01
-2.971640968322753906e+01
1.969687104225158691e+00
-3.116381168365478516e+00
9.098572731018066406e-01
-3.615947484970092773e+00
1.088736653327941895e+00
-2.933350944519042969e+01
2.332057952880859375e-01
2.320370197296142578e+00
1.481248736381530762e+00
9.724529981613159180e-01
6.125572919845581055e-01
8.608039021492004395e-01
1.342991232872009277e+00
2.232041209936141968e-01
7.571797966957092285e-01
1.541289925575256348e+00
1.018892049789428711e+00
7.731940150260925293e-01
9.732561707496643066e-01
1.143855571746826172e+00
8.807747364044189453e-01
-7.908013463020324707e-01
1.804335474967956543e+00
-1.282229042053222656e+01
1.094485163688659668e+00
2.181228995323181152e-01
-2.165566635131835938e+01
1.163447976112365723e+00
-2.482993841171264648e+00
1.113848328590393066e+00
1.148122906684875488e+00
1.309795856475830078e+00
7.557454109191894531e-01
1.228038549423217773e+00
-7.008249759674072266e-01
5.433086156845092773e-01
6.722394824028015137e-01
1.144774794578552246e+00
9.290396571159362793e-01
1.674038887023925781e+00
8.049488663673400879e-01
1.344639897346496582e+00
7.618089318275451660e-01
1.374509692192077637e+00
7.044154405593872070e-01
1.195065140724182129e+00
8.902928233146667480e-01
1.223286271095275879e+00
1.097901940345764160e+00
-8.537193298339843750e+00
8.937975764274597168e-01
7.547410726547241211e-01
8.862337470054626465e-01
9.679089188575744629e-01
1.344166040420532227e+00
1.844837665557861328e+00
1.291700005531311035e+00
7.381029129028320312e-01
9.447367191314697266e-01
1.211858630180358887e+00
1.176738858222961426e+00
-1.290284097194671631e-01
1.365354657173156738e+00
2.527954876422882080e-01
-2.723397254943847656e+01
1.259366750717163086e+00
1.244245529174804688e+00
1.103357315063476562e+00
1.087821364402770996e+00
8.211436271667480469e-01
1.028427839279174805e+00
1.926615715026855469e+00
1.269236683845520020e+00
6.456645131111145020e-01
4.798307418823242188e-01
-2.147026062011718750e+00
1.013913393020629883e+00
1.279721498489379883e+00
9.367836713790893555e-01
1.550467014312744141e+00
1.100652098655700684e+00
7.767757773399353027e-01
-2.231181621551513672e+00
7.984378933906555176e-01
1.177908897399902344e+00
1.098867893218994141e+00
5.660204291343688965e-01
2.006257534027099609e+00
-3.250823974609375000e+01
1.424864768981933594e+00
1.837576389312744141e+00
1.126585006713867188e+00
1.443827748298645020e+00
2.845191061496734619e-01
1.121234774589538574e+00
2.041313409805297852e+00
1.127202749252319336e+00
3.329751789569854736e-01
-1.915069460868835449e+00
8.462636470794677734e-01
1.104497909545898438e+00
1.326001048088073730e+00
1.025055408477783203e+00
-4.253378510475158691e-01
1.571967005729675293e+00
-2.960922622680664062e+01
1.296578884124755859e+00
6.344431042671203613e-01
4.640029370784759521e-01
-3.516029357910156250e+00
-2.701938819885253906e+01
8.569983839988708496e-01
-2.436471939086914062e+00
7.416845560073852539e-01
8.418957591056823730e-01
1.143166780471801758e+00
7.111335396766662598e-01
1.155379533767700195e+00
1.387115001678466797e+00
1.345975399017333984e+00
1.161356568336486816e+00
-2.291247129440307617e+00
1.047112464904785156e+00
1.017698884010314941e+00
-1.446686148643493652e+00
9.056174755096435547e-01
1.573249340057373047e+00
-4.517585635185241699e-01
1.386251091957092285e+00
7.287709116935729980e-01
7.518852949142456055e-01
-4.712687492370605469e+00
-5.579859733581542969e+00
-2.457819747924804688e+01
1.123903632164001465e+00
-6.952762603759765625e+00
1.322070956230163574e+00
-6.810370922088623047e+00
1.081699132919311523e+00
-5.202958106994628906e+00
1.146717190742492676e+00
-1.195080876350402832e+00
-9.411341667175292969e+00
2.756198883056640625e+00
-5.220992565155029297e-01
3.427631378173828125e+00
-1.043549999594688416e-01
-4.984857559204101562e+00
-4.234834194183349609e+00
-5.220077037811279297e-01
-3.187242507934570312e+00
-1.743955850601196289e+00
4.503162384033203125e+00
3.598993301391601562e+00
2.445865869522094727e+00
6.844411849975585938e+00
-4.012782275676727295e-01
6.434381961822509766e+00
2.035859584808349609e+00
-1.667780041694641113e+00
4.607302188873291016e+00
-9.996652603149414062e-01
-6.831681132316589355e-01
-8.609370328485965729e-03
-1.528870201110839844e+01
8.581137657165527344e+00
-2.819834053516387939e-01
-1.024791240692138672e+00
-2.550150394439697266e+00
-2.305830001831054688e+00
1.454694390296936035e+00
-4.797929823398590088e-01
-8.289568424224853516e-01
-5.449263453483581543e-01
-4.057075023651123047e+00
-7.281415939331054688e+00
2.305749702453613281e+01
-4.579993724822998047e+00
-1.504356861114501953e-01
-3.824188947677612305e+00
1.456426262855529785e+00
2.298179626464843750e+00
-2.231971263885498047e+00
-3.821054100990295410e-01
-1.716559171676635742e+00
2.231952428817749023e+00
-2.680228471755981445e+00
1.318220887333154678e-02
-2.043258845806121826e-01
1.032417535781860352e+00
6.699576973915100098e-01
2.636890113353729248e-01
-3.255284309387207031e+00
-1.053188443183898926e+00
5.670205354690551758e-01
1.895142078399658203e+00
-4.664014339447021484e+00
-2.716370820999145508e+00
-2.361541509628295898e+00
-1.014975547790527344e+01
-3.416890278458595276e-02
1.095217895507812500e+01
-1.299256443977355957e+00
1.031707286834716797e+01
6.143484592437744141e+00
-1.301167392730712891e+01
1.291434168815612793e+00
2.241574525833129883e+00
6.255019903182983398e-01
2.451624870300292969e+00
3.033663272857666016e+00
3.354281425476074219e+00
2.326366662979125977e+00
1.533176779747009277e+00
4.936305999755859375e+00
9.076967239379882812e-01
5.155633926391601562e+00
1.558121591806411743e-01
-1.007912397384643555e+00
-2.583463907241821289e+00
-1.162850737571716309e+00
2.808744192123413086e+00
-6.299684643745422363e-01
-3.330508470535278320e+00
-1.135777592658996582e+00
1.012490987777709961e+00
-4.584494605660438538e-02
-4.272364139556884766e+00
-1.150007605552673340e+00
-1.262518167495727539e+00
-3.573834896087646484e+00
2.287760019302368164e+00
-2.214127779006958008e+00
-1.108441799879074097e-01
4.218837618827819824e-01
2.249424695968627930e+00
-1.786223292350769043e+00
4.661499023437500000e+00
-4.023190021514892578e+00
1.236183881759643555e+00
1.548567295074462891e+00
-3.307767629623413086e+00
1.623300552368164062e+00
-1.325812816619873047e+00
-3.738443613052368164e+00
-1.160213947296142578e+00
-4.157667160034179688e+00
-6.307834625244140625e+00
-1.142431139945983887e+00
1.475046920776367188e+01
1.872414946556091309e+00
9.489421248435974121e-01
-1.473966479301452637e+00
1.018865227699279785e+00
3.460544049739837646e-01
-3.926650881767272949e-01
-4.908478260040283203e-01
3.692784607410430908e-01
-1.710776805877685547e+00
5.675930976867675781e-01
-3.494347810745239258e+00
1.071819067001342773e+00
2.590937376022338867e+00
-6.184924602508544922e+00
-9.091082215309143066e-01
1.899341344833374023e-01
8.648759722709655762e-01
4.180310726165771484e+00
-1.465797424316406250e-01
3.317785978317260742e+00
-2.598375380039215088e-01
4.394695758819580078e-01
5.743013620376586914e-01
4.424129724502563477e-01
-1.910361766815185547e+00
3.080151319503784180e+00
-7.092960834503173828e+00
7.818270325660705566e-01
-2.287890434265136719e+00
4.735556602478027344e+00
-3.535384654998779297e+00
2.169163465499877930e+00
2.019733190536499023e+00
-3.410370826721191406e+00
4.538569450378417969e+00
-3.172452747821807861e-01
-4.387361049652099609e+00
-8.419982790946960449e-01
2.217668294906616211e+00
1.418126463890075684e+00
3.121646881103515625e+00
-2.561273097991943359e+00
-1.304170787334442139e-01
-3.479338407516479492e+00
2.429378271102905273e+00
2.657674551010131836e+00
-2.965612173080444336e+00
7.278806209564208984e+00
-9.200159907341003418e-01
-2.308261990547180176e-01
-2.258078455924987793e-01
-7.473248243331909180e-01
3.394342422485351562e+00
-1.029460430145263672e+01
-3.296302795410156250e+00
5.429104804992675781e+00
-5.742791295051574707e-01
-5.048286437988281250e+00
-4.127352714538574219e+00
-1.442244720458984375e+01
-6.406425952911376953e+00
-5.309793949127197266e+00
6.278518676757812500e+00
-3.959475040435791016e+00
-1.263324618339538574e+00
1.186531901359558105e+00
1.940017461776733398e+00
1.703128218650817871e+00
-3.724459409713745117e+00
-8.392952680587768555e-01
8.609244972467422485e-02
-1.060829684138298035e-02
-1.721361875534057617e+00
2.385587453842163086e+00
-4.328056871891021729e-01
3.801987171173095703e+00
-9.571553468704223633e-01
-7.020943760871887207e-01
1.486269474029541016e+00
-3.301828861236572266e+00
-3.886191844940185547e+00
1.905472564697265625e+01
4.195631980895996094e+00
3.652976036071777344e+00
-4.230554580688476562e+00
-1.419982814788818359e+01
9.106557816267013550e-02
-1.228966045379638672e+01
-2.413122415542602539e+00
1.915910482406616211e+00
-3.416080474853515625e+00
