2.634545087814331055e+00
2.622386217117309570e-01
6.381659768521785736e-03
1.800484180450439453e+00
1.263874292373657227e+00
1.935944557189941406e+01
3.753919303417205811e-01
1.153207540512084961e+00
8.872993588447570801e-01
1.338189363479614258e+00
2.975690960884094238e-01
7.173528075218200684e-01
2.767194986343383789e+00
9.479446411132812500e-01
-2.783866226673126221e-02
-1.969626098871231079e-01
1.217668414115905762e+00
1.769279360771179199e+00
2.711845159530639648e+00
1.272884130477905273e+00
2.573296070098876953e+00
1.097972154617309570e+00
2.411119461059570312e+01
-1.089251637458801270e-01
1.102575883269309998e-01
3.880072832107543945e+00
1.169089078903198242e+00
-1.337221413850784302e-01
1.055214405059814453e+00
2.548179149627685547e+00
7.168269902467727661e-02
-1.862638741731643677e-01
7.196710109710693359e-01
3.613120317459106445e+00
9.593323469161987305e-01
-5.106312409043312073e-02
2.624473869800567627e-01
6.077485561370849609e+00
1.508987188339233398e+00
-1.886475272476673126e-02
1.354311466217041016e+00
2.162261962890625000e+00
2.595983695983886719e+01
7.325733900070190430e-01
1.753359675407409668e+00
1.355742812156677246e+00
3.575205612182617188e+01
4.110800743103027344e+00
3.279406070709228516e+00
1.732113647460937500e+01
3.102142143249511719e+01
1.342389583587646484e+00
3.969962000846862793e-01
-2.293536961078643799e-01
1.063347816467285156e+00
1.148509025573730469e+00
1.160076618194580078e+00
1.114329934120178223e+00
7.842520475387573242e-01
5.131719112396240234e-01
-9.944543242454528809e-02
1.561436057090759277e+00
5.747572779655456543e-01
3.015799820423126221e-01
6.145391985774040222e-02
7.015535235404968262e-01
1.539883136749267578e+00
5.491369366645812988e-01
9.879152774810791016e-01
1.959244757890701294e-01
1.543393135070800781e+00
1.065772652626037598e+00
2.416808366775512695e+00
2.341799736022949219e+00
2.230327844619750977e+00
1.035665273666381836e+00
4.075901031494140625e+00
2.769381999969482422e+00
1.499464035034179688e+00
2.315752744674682617e+00
2.343655824661254883e+00
1.776284575462341309e+00
3.980046808719635010e-01
1.550363779067993164e+00
1.210629194974899292e-01
4.507658386230468750e+01
3.467219471931457520e-01
7.783232688903808594e+00
2.745380878448486328e+00
2.808688640594482422e+00
1.630635499954223633e+00
6.447571516036987305e-01
6.097928524017333984e+00
1.801477813720703125e+01
4.276151061058044434e-01
1.852224111557006836e+00
8.177869915962219238e-01
8.098772764205932617e-01
8.603855967521667480e-01
1.230001807212829590e+00
1.571766734123229980e+00
-2.940934896469116211e-01
-1.630253642797470093e-01
8.833402991294860840e-01
7.402948141098022461e-01
9.118008613586425781e-01
1.643468141555786133e-01
2.368722110986709595e-03
-2.220215350389480591e-01
1.850258469581604004e+00
1.995095968246459961e+00
3.497533798217773438e-01
1.317708849906921387e+00
3.414118528366088867e+00
-8.178934454917907715e-02
1.142983883619308472e-01
4.397203922271728516e+00
1.765336751937866211e+00
1.179563045501708984e+00
3.551668822765350342e-01
8.901491761207580566e-02
-1.808608621358871460e-01
1.426059842109680176e+00
2.445969009399414062e+01
1.328498125076293945e+00
6.690352439880371094e+00
1.307664871215820312e+00
2.545570135116577148e+00
1.480034232139587402e+00
-2.734607458114624023e-01
2.051161974668502808e-02
1.306106686592102051e+00
1.464216232299804688e+00
1.605826020240783691e+00
1.722475051879882812e+00
7.491543143987655640e-02
1.817890852689743042e-01
1.715147376060485840e+00
4.101553559303283691e-01
4.114735126495361328e+00
1.547507405281066895e+00
4.425586700439453125e+00
2.132721662521362305e+00
5.733904242515563965e-01
1.188261527568101883e-02
1.636899352073669434e+00
9.980337023735046387e-01
4.935412883758544922e+00
3.011945486068725586e+00
2.281901240348815918e-01
1.582868695259094238e+00
1.388067841529846191e+00
8.920382857322692871e-01
1.056881666183471680e+00
-6.718830764293670654e-02
2.829923152923583984e+00
6.612511277198791504e-01
1.680357742309570312e+01
3.141881561279296875e+01
2.318226575851440430e+00
1.235857605934143066e+00
5.736826062202453613e-01
5.411033034324645996e-01
6.302730441093444824e-01
2.216793060302734375e+00
-6.347192823886871338e-02
9.055533409118652344e-01
1.081046581268310547e+00
4.594762325286865234e-01
1.457136988639831543e+00
6.920273900032043457e-01
1.165411829948425293e+00
1.147039532661437988e+00
3.353986978530883789e+00
1.445995688438415527e+00
1.253580331802368164e+00
3.829102039337158203e+00
6.565727591514587402e-01
4.781393527984619141e+00
1.023343920707702637e+00
2.527290725708007812e+01
1.543471574783325195e+00
2.354463815689086914e+00
1.036821961402893066e+00
1.318567276000976562e+00
9.077406674623489380e-02
1.446828842163085938e+01
-2.489945888519287109e-01
1.295182228088378906e+00
1.406802654266357422e+00
-3.569779992103576660e-01
1.672737836837768555e+00
1.494418740272521973e+00
1.499126315116882324e+00
-2.119957059621810913e-01
2.133680343627929688e+00
2.321755588054656982e-01
1.339669346809387207e+00
1.051724910736083984e+00
1.552468657493591309e+00
7.870138883590698242e-01
5.961746722459793091e-02
1.216820001602172852e+00
1.192030310630798340e+00
8.807695508003234863e-01
1.090996623039245605e+00
1.178671717643737793e+00
-1.347551822662353516e+01
1.091824650764465332e+00
-1.408483237028121948e-01
1.381949901580810547e+00
8.072924613952636719e-01
-2.789708137512207031e+01
-8.562342643737792969e+00
-1.375869750976562500e+01
1.511234641075134277e+00
-2.942996215820312500e+01
9.441837668418884277e-01
8.044824600219726562e-01
-2.731561660766601562e+01
8.099758028984069824e-01
4.291735887527465820e-01
9.988939166069030762e-01
-4.978928089141845703e+00
-2.893133878707885742e+00
1.114024519920349121e+00
1.249146223068237305e+00
9.065078496932983398e-01
1.177318334579467773e+00
-2.217009305953979492e+00
1.103666782379150391e+00
1.357325673103332520e+00
1.777370810508728027e+00
-2.187063407897949219e+01
-1.711694002151489258e-01
-5.543048381805419922e+00
1.301101803779602051e+00
-3.505328178405761719e+00
4.835981428623199463e-01
8.300569057464599609e-01
1.204930424690246582e+00
1.217309713363647461e+00
-2.291632652282714844e+01
8.655402660369873047e-01
1.045400619506835938e+00
1.250064134597778320e+00
1.426139831542968750e+00
-2.756250953674316406e+01
1.334857702255249023e+00
9.952059388160705566e-01
-3.732182264328002930e+00
-6.667050838470458984e+00
1.283958673477172852e+00
1.593317389488220215e+00
9.321963787078857422e-01
2.122184634208679199e-02
1.021141767501831055e+00
8.978706598281860352e-01
-2.968479347229003906e+01
2.001295804977416992e+00
-3.022130250930786133e+00
9.570677280426025391e-01
-3.639815807342529297e+00
1.059884309768676758e+00
-2.940290069580078125e+01
2.284477800130844116e-01
2.351319313049316406e+00
1.495708823204040527e+00
1.005918145179748535e+00
5.984316468238830566e-01
8.052477836608886719e-01
1.238441348075866699e+00
2.078157365322113037e-01
7.453197836875915527e-01
1.661766290664672852e+00
9.878257513046264648e-01
7.039195299148559570e-01
1.015736699104309082e+00
1.072952151298522949e+00
8.338556289672851562e-01
-6.834092140197753906e-01
1.729963064193725586e+00
-1.279613876342773438e+01
1.106174230575561523e+00
2.052713930606842041e-01
-2.156955337524414062e+01
1.171620488166809082e+00
-2.525461673736572266e+00
1.094420671463012695e+00
1.117057085037231445e+00
1.257126092910766602e+00
8.512633442878723145e-01
1.283977389335632324e+00
-7.093959450721740723e-01
4.882017672061920166e-01
6.621207594871520996e-01
1.136047601699829102e+00
8.709604740142822266e-01
1.668804287910461426e+00
8.954088091850280762e-01
1.380579352378845215e+00
7.212455272674560547e-01
1.331798791885375977e+00
7.641167640686035156e-01
1.096174478530883789e+00
8.133714795112609863e-01
1.240589261054992676e+00
1.104651570320129395e+00
-8.533148765563964844e+00
7.862070202827453613e-01
7.788367271423339844e-01
9.056257009506225586e-01
1.006986498832702637e+00
1.291610956192016602e+00
1.917368412017822266e+00
1.359509110450744629e+00
8.276491165161132812e-01
1.060225009918212891e+00
1.185371279716491699e+00
1.227649927139282227e+00
-1.918694078922271729e-01
1.370032191276550293e+00
2.341015487909317017e-01
-2.718311882019042969e+01
1.268578171730041504e+00
1.244828343391418457e+00
1.136457800865173340e+00
9.997349381446838379e-01
9.551292061805725098e-01
1.067587137222290039e+00
1.960989832878112793e+00
1.247002601623535156e+00
7.661307454109191895e-01
4.604922533035278320e-01
-2.135216712951660156e+00
9.641183614730834961e-01
1.308288455009460449e+00
9.908424615859985352e-01
1.602895259857177734e+00
1.001613259315490723e+00
8.400423526763916016e-01
-2.170618534088134766e+00
8.271522521972656250e-01
1.159950613975524902e+00
9.929882884025573730e-01
6.330801248550415039e-01
2.113835811614990234e+00
-3.245195388793945312e+01
1.425039768218994141e+00
1.845522284507751465e+00
1.104580402374267578e+00
1.449872493743896484e+00
3.708511590957641602e-01
1.075788974761962891e+00
2.031754732131958008e+00
1.164123892784118652e+00
3.611113131046295166e-01
-1.934458494186401367e+00
8.449805974960327148e-01
1.051964044570922852e+00
1.425153136253356934e+00
9.900194406509399414e-01
-3.752101361751556396e-01
1.572492718696594238e+00
-2.964487075805664062e+01
1.325302481651306152e+00
5.921237468719482422e-01
3.746687173843383789e-01
-3.594403982162475586e+00
-2.700747108459472656e+01
7.770364880561828613e-01
-2.419714927673339844e+00
7.826161980628967285e-01
9.535317420959472656e-01
1.041294336318969727e+00
7.498440742492675781e-01
1.085604429244995117e+00
1.432952880859375000e+00
1.252479434013366699e+00
1.033275961875915527e+00
-2.380874156951904297e+00
1.087329387664794922e+00
9.319273829460144043e-01
-1.465394854545593262e+00
8.115924596786499023e-01
1.519583106040954590e+00
-4.227152764797210693e-01
1.458914160728454590e+00
8.582983016967773438e-01
7.481194138526916504e-01
-4.846043109893798828e+00
-5.542033672332763672e+00
-2.449218368530273438e+01
1.242066860198974609e+00
-6.909567356109619141e+00
1.319907546043395996e+00
-6.819679260253906250e+00
1.015696287155151367e+00
-5.302435874938964844e+00
1.169102311134338379e+00
1.176846265792846680e+00
1.550751018524169922e+01
-9.161428451538085938e+00
-2.210792899131774902e-01
-4.203555583953857422e+00
1.932798884809017181e-02
7.501547813415527344e+00
4.398543357849121094e+00
1.418749928474426270e+00
3.552437067031860352e+00
3.891113519668579102e+00
-7.240323543548583984e+00
-3.599351644515991211e+00
-2.587109565734863281e+00
-1.557537841796875000e+01
1.625108480453491211e+00
-8.118292808532714844e+00
-1.652179598808288574e+00
1.739435076713562012e+00
-5.739007472991943359e+00
1.144492626190185547e+00
4.389997124671936035e-01
2.567947842180728912e-03
3.557791900634765625e+01
-1.651943397521972656e+01
2.618516981601715088e-01
2.319220304489135742e+00
1.302573871612548828e+01
3.624250173568725586e+00
-1.973344683647155762e+00
1.415758013725280762e+00
4.457990646362304688e+00
-2.432982176542282104e-01
4.365857124328613281e+00
9.009309768676757812e+00
-5.026324844360351562e+01
8.530854225158691406e+00
8.716319203376770020e-01
4.014735221862792969e+00
-4.123674869537353516e+00
-2.219353437423706055e+00
2.747178077697753906e+00
1.574275940656661987e-01
2.381040811538696289e+00
-2.715041637420654297e+00
3.497035264968872070e+00
-4.690696019679307938e-03
-5.551030635833740234e-01
-1.213729262351989746e+00
-9.408482313156127930e-01
-1.054600626230239868e-01
3.892964601516723633e+00
1.794271588325500488e+00
-2.153392553329467773e+00
-3.323874711990356445e+00
6.386973857879638672e+00
3.162045240402221680e+00
3.475198984146118164e+00
1.310813331604003906e+01
1.765907526016235352e+00
-2.670900917053222656e+01
9.978111982345581055e-01
-1.497047615051269531e+01
-9.889780044555664062e+00
2.549625587463378906e+01
-2.204763889312744141e+00
-2.414053916931152344e+00
-1.734478950500488281e+00
-3.314420938491821289e+00
-7.029002189636230469e+00
-4.007794380187988281e+00
-3.534140825271606445e+00
-1.415665864944458008e+00
-5.672200202941894531e+00
-1.576566934585571289e+00
-6.974642276763916016e+00
2.621797919273376465e-01
9.261932373046875000e-01
3.456862926483154297e+00
1.533290982246398926e+00
-2.261475801467895508e+00
-3.968305289745330811e-01
5.888204097747802734e+00
1.555227041244506836e+00
-2.143360137939453125e+00
1.075426265597343445e-01
8.823299407958984375e+00
1.068552374839782715e+00
7.431277036666870117e-01
3.360359668731689453e+00
-2.857972145080566406e+00
4.054114341735839844e+00
1.320981420576572418e-03
-3.205483257770538330e-01
-4.957293510437011719e+00
2.252276659011840820e+00
-5.935322284698486328e+00
4.849407196044921875e+00
-2.371198892593383789e+00
-2.237327098846435547e+00
4.344717025756835938e+00
-1.063593959808349609e+01
3.244828462600708008e+00
4.822643280029296875e+00
1.644640922546386719e+00
5.743487358093261719e+00
1.152440261840820312e+01
6.012466907501220703e+00
-3.695189666748046875e+01
-1.827089428901672363e+00
-1.367755770683288574e+00
3.261462926864624023e+00
-1.232566118240356445e+00
-6.604092121124267578e-01
1.101179027557373047e+01
-3.362361788749694824e-01
-1.873335391283035278e-01
1.702635526657104492e+00
3.349116742610931396e-01
6.017679214477539062e+00
-2.432830810546875000e+00
-9.361908912658691406e+00
6.852847576141357422e+00
9.157189130783081055e-01
3.879940509796142578e-02
-9.490035176277160645e-01
-4.868052959442138672e+00
-4.947432875633239746e-01
-3.696386814117431641e+00
2.027557134628295898e+00
-1.382823109626770020e+00
-1.047198414802551270e+00
-5.518484115600585938e-01
2.064419507980346680e+00
-3.569001674652099609e+00
1.366280174255371094e+01
-2.756515979766845703e+00
2.904582738876342773e+00
-8.558110237121582031e+00
3.822555780410766602e+00
-2.380279064178466797e+00
-1.891727924346923828e+00
3.901852130889892578e+00
-6.896761894226074219e+00
1.338159203529357910e+00
4.708653450012207031e+00
2.820644378662109375e+00
-2.135689735412597656e+00
-8.730598688125610352e-01
-1.083265304565429688e+01
2.999444007873535156e+00
5.006879568099975586e-01
5.401221752166748047e+00
-3.285963773727416992e+00
-3.070058107376098633e+00
2.885991573333740234e+00
-1.198727416992187500e+01
8.058281540870666504e-01
9.472818672657012939e-02
2.251763939857482910e-01
-4.607387781143188477e-01
-5.571892738342285156e+00
1.487982559204101562e+01
6.205612659454345703e+00
-5.626758098602294922e+00
2.129486322402954102e+00
6.770542621612548828e+00
4.779029369354248047e+00
2.175220298767089844e+01
7.991024971008300781e+00
7.790758132934570312e+00
-8.091483116149902344e+00
4.708321571350097656e+00
1.220524430274963379e+00
-2.261852025985717773e+00
-2.607824563980102539e+00
-2.175731658935546875e+00
5.049181938171386719e+00
8.535043001174926758e-01
-1.968028992414474487e-01
2.969441004097461700e-02
1.770163655281066895e+00
-3.203213453292846680e+00
7.579068541526794434e-01
-4.941180706024169922e+00
2.305224180221557617e+00
8.275981545448303223e-01
-7.519471645355224609e+00
3.989010334014892578e+00
4.048627853393554688e+00
-5.779360580444335938e+01
-4.367972850799560547e+00
-4.659455299377441406e+00
6.640085220336914062e+00
3.310703277587890625e+01
-1.716239601373672485e-01
2.117972946166992188e+01
3.330199003219604492e+00
-2.993589162826538086e+00
5.110098361968994141e+00
