-1.580485701560974121e-01
-1.198473870754241943e-01
1.727113425731658936e-01
-1.236461177468299866e-01
-1.383870691061019897e-01
-1.169507950544357300e-01
-1.632052510976791382e-01
-1.888921111822128296e-01
-1.718068718910217285e-01
-1.661719530820846558e-01
1.110789775848388672e-01
1.545295566320419312e-01
-1.576679348945617676e-01
1.333527266979217529e-01
1.228671371936798096e-01
1.252336651086807251e-01
-1.409553289413452148e-01
-9.577725082635879517e-02
1.154220700263977051e-01
1.051772162318229675e-01
-1.007936522364616394e-01
-1.280974149703979492e-01
1.681793332099914551e-01
1.736876815557479858e-01
1.689903587102890015e-01
1.699764728546142578e-01
1.716147214174270630e-01
-1.678418964147567749e-01
1.540096849203109741e-01
-1.589816808700561523e-01
1.363232284784317017e-01
1.341812908649444580e-01
-1.444960683584213257e-01
-1.052046567201614380e-01
1.502157896757125854e-01
-1.488253474235534668e-01
1.313229799270629883e-01
1.313975751399993896e-01
1.684038490056991577e-01
-1.315445005893707275e-01
-1.167514994740486145e-01
1.301412284374237061e-01
1.683193296194076538e-01
-1.372260004281997681e-01
1.096972152590751648e-01
1.143004819750785828e-01
-8.579453080892562866e-02
-1.359331011772155762e-01
1.155278235673904419e-01
1.251965314149856567e-01
