6.596095394343137741e-03
-9.213047451339662075e-04
-3.109326353296637535e-03
-7.605350762605667114e-02
-3.701731562614440918e-03
1.204133778810501099e-01
-3.148242365568876266e-03
3.253646893426775932e-03
9.495555423200130463e-03
1.201273873448371887e-02
2.359296660870313644e-03
-3.150115953758358955e-03
4.582267720252275467e-03
-1.718742400407791138e-02
-3.377157729119062424e-03
5.685605481266975403e-02
1.795213553123176098e-03
1.225975807756185532e-03
-2.241436205804347992e-02
3.305630758404731750e-03
4.763485398143529892e-03
3.574167564511299133e-02
-1.684526354074478149e-01
1.881713862530887127e-03
7.305314647965133190e-04
-4.342788830399513245e-02
1.504148822277784348e-03
4.549636505544185638e-03
4.921890213154256344e-04
6.784769240766763687e-03
-2.195600979030132294e-02
-1.312965061515569687e-02
-1.852150261402130127e-02
4.353818658273667097e-04
-9.976692963391542435e-04
-4.084826796315610409e-04
4.961408558301627636e-04
1.079215928912162781e-01
5.956352688372135162e-03
1.005382835865020752e-02
-2.641194732859730721e-03
1.953282393515110016e-02
1.690150499343872070e-01
3.488304093480110168e-03
-2.200196497142314911e-03
3.989431541413068771e-03
1.934536099433898926e-01
8.359821885824203491e-02
4.211630299687385559e-02
-1.775676608085632324e-01
1.861388236284255981e-01
4.926071502268314362e-03
-2.439216524362564087e-02
-9.481571614742279053e-03
5.544984596781432629e-04
5.149201489984989166e-03
-1.957668457180261612e-03
-2.420095028355717659e-03
-1.220855046994984150e-03
2.485944330692291260e-02
1.786587527021765709e-03
4.946216940879821777e-03
-2.810328966006636620e-03
1.240952755324542522e-03
-6.199342897161841393e-04
1.234745979309082031e-02
5.536533892154693604e-03
-2.515450492501258850e-02
4.014652222394943237e-03
4.324818029999732971e-03
-3.088658850174397230e-04
-8.271644474007189274e-04
-2.454342902638018131e-04
-1.587076112627983093e-03
-1.081234731827862561e-04
-1.118054351536557078e-04
-1.606108248233795166e-02
6.761499214917421341e-03
2.588876988738775253e-03
-1.038885209709405899e-02
-4.841404967010021210e-03
9.814884513616561890e-02
7.566391723230481148e-04
-2.919674292206764221e-02
-5.491687450557947159e-03
-2.016411274671554565e-01
-2.926445798948407173e-03
5.037586018443107605e-02
3.946690261363983154e-02
1.141253113746643066e-02
1.638570427894592285e-02
-7.505757967010140419e-04
1.753265559673309326e-01
1.309544593095779419e-01
3.114973194897174835e-03
-2.901440020650625229e-03
3.333559958264231682e-03
3.160594729706645012e-03
1.754052354954183102e-03
1.481099869124591351e-03
7.489409181289374828e-04
3.533359849825501442e-03
-5.961233284324407578e-03
-2.001857617869973183e-03
4.693152848631143570e-03
2.006996946875005960e-04
-1.445733127184212208e-03
-6.145587190985679626e-03
4.264785384293645620e-04
2.979428041726350784e-03
6.767515558749437332e-03
-1.163842156529426575e-02
2.560595050454139709e-02
-9.300372004508972168e-02
-1.191860809922218323e-02
-3.984979912638664246e-02
1.668784394860267639e-02
2.603446482680737972e-04
3.108255192637443542e-02
8.319825865328311920e-03
-5.993296857923269272e-03
-4.430322907865047455e-03
-1.173804863356053829e-03
-2.067176848649978638e-01
-7.934368401765823364e-02
5.383076146245002747e-03
3.638876136392354965e-03
3.686630725860595703e-02
-3.771920222789049149e-03
-2.857823390513658524e-03
5.244924128055572510e-02
-5.276590213179588318e-02
-4.064603522419929504e-02
7.634055335074663162e-03
-1.817556476453319192e-04
1.025521196424961090e-03
-4.591777920722961426e-03
8.187387138605117798e-04
-6.118839606642723083e-03
-1.454092189669609070e-02
-5.603938829153776169e-03
2.421062998473644257e-02
1.753753051161766052e-03
-1.726358663290739059e-03
2.044078521430492401e-02
1.546921994304284453e-04
2.042520791292190552e-03
7.968919351696968079e-03
7.778055965900421143e-02
2.755335299298167229e-03
-3.768809372559189796e-03
-9.588686376810073853e-02
6.038723513484001160e-03
-7.215049699880182743e-04
-2.584165148437023163e-02
1.714662089943885803e-02
-1.679780834820121527e-04
1.174289658665657043e-01
-1.845666170120239258e-01
5.364752374589443207e-03
1.012840867042541504e-02
-4.689290188252925873e-03
-1.834402559325098991e-03
-3.787515161093324423e-04
3.637588350102305412e-03
-7.301819510757923126e-03
5.070618353784084320e-03
3.868277184665203094e-03
1.593764172866940498e-03
1.285520265810191631e-03
-1.425013761036098003e-03
3.596410155296325684e-03
2.226926386356353760e-03
-3.341037314385175705e-03
8.612343110144138336e-03
4.510906524956226349e-03
-4.843049496412277222e-02
5.727495066821575165e-03
8.027524687349796295e-03
-4.751408472657203674e-02
1.669771969318389893e-01
-4.349187482148408890e-03
-1.172662945464253426e-03
-3.038142994046211243e-02
3.343585412949323654e-04
1.520388666540384293e-02
-1.083054542541503906e-01
1.514474977739155293e-03
-1.818684977479279041e-03
6.861318252049386501e-04
-5.974072337266989052e-05
-8.500069379806518555e-03
2.697423566132783890e-03
9.103843942284584045e-03
1.517630880698561668e-03
6.456745415925979614e-02
-1.450725831091403961e-03
-1.501253689639270306e-03
-4.266035743057727814e-03
-9.875696850940585136e-04
7.555868360213935375e-04
1.464606146328151226e-03
-1.688125543296337128e-03
-4.918266131426207721e-05
2.360823331400752068e-03
9.940916206687688828e-04
-2.594696590676903725e-03
-1.087145283818244934e-01
2.106274012476205826e-03
1.422241912223398685e-03
-4.029672127217054367e-03
8.757333271205425262e-04
-1.734777987003326416e-01
-7.544362545013427734e-02
-1.184084787964820862e-01
-9.714836487546563148e-04
-1.847915947437286377e-01
3.289272717665880919e-05
2.333410229766741395e-04
-1.746949851512908936e-01
1.597964321263134480e-03
6.835286505520343781e-03
5.206155474297702312e-04
-6.630501593463122845e-04
-6.346347276121377945e-03
1.501633669249713421e-04
2.959105768240988255e-04
-4.760798066854476929e-03
-4.051845055073499680e-03
-1.303213089704513550e-02
2.468120539560914040e-03
5.431809462606906891e-03
-1.107317977584898472e-03
1.701242625713348389e-01
9.223924949765205383e-03
-1.129400264471769333e-02
-2.415473340079188347e-03
-1.392999105155467987e-02
-4.318794526625424623e-05
5.288798827677965164e-03
1.822265097871422768e-03
-9.952818509191274643e-04
-1.570614427328109741e-01
8.265012293122708797e-04
1.017601229250431061e-03
-2.103292848914861679e-03
9.292323957197368145e-04
1.979413479566574097e-01
-4.439482872840017080e-04
8.722079655854031444e-05
-2.219159528613090515e-02
-5.493050813674926758e-02
3.946241340599954128e-04
8.852675819071009755e-05
1.086926204152405262e-03
5.452021490782499313e-03
5.099666304886341095e-04
1.370074460282921791e-03
-1.832604408264160156e-01
-1.845398219302296638e-03
-1.551175769418478012e-02
5.586558254435658455e-04
-3.553668968379497528e-03
1.680870889686048031e-03
-1.800671219825744629e-01
1.973759382963180542e-03
3.012293309438973665e-04
-1.648091594688594341e-03
1.032856642268598080e-03
8.306278847157955170e-03
-1.732544275000691414e-03
5.011002067476511002e-04
-7.908286061137914658e-04
-1.519784796983003616e-03
-2.674684859812259674e-03
-4.099729470908641815e-03
4.745970363728702068e-04
-1.623234275029972196e-04
9.121110197156667709e-04
-7.342344033531844616e-04
-1.028019096702337265e-02
-4.823441558983176947e-04
-1.085216850042343140e-01
1.642780844122171402e-03
-1.493204734288156033e-03
1.680792272090911865e-01
1.556742121465504169e-03
-6.080721504986286163e-03
-4.791448591277003288e-04
-1.088757653633365408e-05
3.827917156741023064e-03
2.028478542342782021e-03
-2.078943885862827301e-03
-5.217720288783311844e-03
6.658161990344524384e-03
2.212548861280083656e-03
3.257495700381696224e-05
4.871913988608866930e-04
-2.172806125599890947e-04
1.836839015595614910e-03
-8.558317786082625389e-04
-3.588784718886017799e-03
-5.861112731508910656e-04
3.158277831971645355e-04
-2.520356560125946999e-03
5.968082114122807980e-04
-2.843202091753482819e-03
2.499706111848354340e-03
-6.568515300750732422e-02
-2.679502067621797323e-04
-1.227838802151381969e-03
7.188434246927499771e-04
3.151636337861418724e-04
-8.123072620946913958e-05
2.547063166275620461e-03
-2.182761381845921278e-04
7.289136410690844059e-04
7.141769747249782085e-04
2.263885457068681717e-03
5.258659948594868183e-04
-1.462958008050918579e-02
1.808733213692903519e-03
5.009375046938657761e-03
-1.768389046192169189e-01
4.528098215814679861e-04
2.842768153641372919e-04
9.734479244798421860e-04
5.221017054282128811e-04
3.516924625728279352e-04
-4.687695764005184174e-03
-1.350602251477539539e-03
1.921596704050898552e-03
8.314110338687896729e-03
-2.119265496730804443e-03
-1.228032540529966354e-02
5.559744313359260559e-03
1.672740327194333076e-03
1.056757522746920586e-03
-1.920797163620591164e-03
-7.418780005536973476e-04
4.961811355315148830e-04
-9.760703891515731812e-03
1.448927796445786953e-03
-1.585228019393980503e-03
4.415984731167554855e-03
-2.819040557369589806e-03
1.619907794520258904e-03
-1.827631890773773193e-01
-2.671061316505074501e-03
2.902592066675424576e-03
-6.053375545889139175e-04
-2.511238213628530502e-03
-1.188174821436405182e-02
-7.523109670728445053e-04
1.102824113331735134e-03
1.246066676685586572e-04
-9.657410904765129089e-03
-7.716329302638769150e-03
-1.930698781507089734e-04
1.666966563789173961e-04
2.279767068102955818e-03
4.605734720826148987e-03
-4.512128885835409164e-03
-2.547570504248142242e-03
-1.876840144395828247e-01
-4.215968307107686996e-03
-8.517775684595108032e-03
1.007425971329212189e-02
-4.643720109015703201e-03
-1.730249822139739990e-01
-1.229815534316003323e-04
3.126408671960234642e-03
5.765080917626619339e-03
-8.979003760032355785e-04
3.315860521979629993e-04
-4.540666937828063965e-03
2.015333884628489614e-04
6.089779199101030827e-04
1.806652871891856194e-04
1.496521639637649059e-03
-1.617942936718463898e-02
-1.039874157868325710e-03
-1.696794206509366632e-04
-6.036104241502471268e-05
-1.737358863465487957e-03
1.181535329669713974e-02
-4.037562757730484009e-03
1.158943050540983677e-03
-1.614816254004836082e-03
-1.570668100612238050e-04
-2.068810723721981049e-02
-1.384804025292396545e-02
-1.578869968652725220e-01
1.845142105594277382e-03
3.839052980765700340e-03
-1.088509219698607922e-03
-1.705556176602840424e-02
-1.963156275451183319e-03
2.885338477790355682e-02
-2.835026534739881754e-04
-1.897558686323463917e-04
2.792815212160348892e-03
-3.514211624860763550e-03
-3.968004137277603149e-03
-6.975983706070110202e-05
2.006260037887841463e-04
3.667753189802169800e-03
4.719684075098484755e-04
-4.875897429883480072e-03
-3.575809067115187645e-03
-2.869155490770936012e-03
-6.251465529203414917e-04
9.248878341168165207e-04
2.465597819536924362e-03
-1.119342516176402569e-03
-1.161454897373914719e-02
1.895820489153265953e-03
-5.014637717977166176e-04
1.408492331393063068e-03
2.876134589314460754e-03
-3.984605148434638977e-02
-1.847638748586177826e-03
-2.010325988521799445e-04
-2.395466435700654984e-03
1.993338111788034439e-03
-2.940529375337064266e-04
3.273065885878168046e-05
-7.910634391009807587e-03
-2.195853507146239281e-03
2.419103169813752174e-03
1.411453238688409328e-03
6.799002643674612045e-03
3.642832161858677864e-04
4.500011273194104433e-04
5.030949832871556282e-04
3.943752497434616089e-03
-8.991372305899858475e-04
-1.279981341212987900e-03
-6.933877011761069298e-04
3.859611693769693375e-03
-2.008090959861874580e-03
-3.233857278246432543e-04
-1.346926001133397222e-04
6.925166235305368900e-04
3.927997313439846039e-03
4.569375305436551571e-04
-1.025835299515165389e-04
4.308016039431095123e-03
-6.504060002043843269e-04
-1.819944707676768303e-03
-1.190927796415053308e-04
2.600440755486488342e-03
2.848632400855422020e-03
-4.003080073744058609e-03
1.742051797918975353e-03
-3.060075687244534492e-03
-4.806522920262068510e-04
3.354638116434216499e-03
-8.539147675037384033e-04
-6.503292242996394634e-04
2.788181416690349579e-03
1.462948057451285422e-05
-1.752045587636530399e-03
-1.657263492234051228e-04
-2.009456511586904526e-05
7.917720358818769455e-04
-5.184808396734297276e-04
-5.795632489025592804e-03
2.374770585447549820e-03
1.528654014691710472e-03
6.100145401433110237e-04
1.210825052112340927e-03
-4.718562122434377670e-04
1.337045803666114807e-03
-7.383040501736104488e-04
4.060287028551101685e-03
8.013432961888611317e-04
-1.677025109529495239e-02
6.386266904883086681e-04
1.109467819333076477e-03
-1.275766990147531033e-03
-3.079490736126899719e-03
1.175096258521080017e-03
3.450119635090231895e-03
5.970352794975042343e-03
1.156942569650709629e-03
5.416572093963623047e-03
-2.154226880520582199e-03
-1.291257445700466633e-03
6.108946981839835644e-04
4.619888495653867722e-03
7.644773577339947224e-04
1.473830780014395714e-03
-3.885760670527815819e-04
6.166821112856268883e-04
1.134570920839905739e-03
8.100279374048113823e-04
-1.087654381990432739e-03
-9.118855232372879982e-04
-1.967245945706963539e-03
1.185852102935314178e-03
5.770744290202856064e-03
1.345603668596595526e-04
1.863363897427916527e-03
-7.222451386041939259e-04
5.929679027758538723e-04
1.782528124749660492e-03
6.010599900037050247e-03
4.364852327853441238e-03
9.476341656409204006e-04
-3.359381516929715872e-04
3.595421556383371353e-03
3.161698346957564354e-03
1.816126023186370730e-04
1.826716214418411255e-02
-8.292057900689542294e-04
4.334126133471727371e-04
-1.404752256348729134e-04
4.236215318087488413e-04
-9.055588394403457642e-03
-1.567845698446035385e-03
-6.714251358062028885e-03
1.308399485424160957e-03
-1.169070834293961525e-03
1.710222801193594933e-03
-1.733030658215284348e-04
-2.179320581490173936e-04
8.239588350988924503e-05
4.516703484114259481e-04
-2.996582537889480591e-03
5.902303382754325867e-03
-3.530973568558692932e-03
-2.487346529960632324e-03
6.524416967295110226e-04
3.164283407386392355e-04
8.935833466239273548e-04
-2.025506692007184029e-03
-2.562835812568664551e-03
-8.574210107326507568e-03
5.279629476717673242e-06
-9.397835237905383110e-04
-1.787669374607503414e-03
-2.353682648390531540e-03
-1.900581293739378452e-03
-1.989562064409255981e-03
2.776830478978808969e-05
-1.680657383985817432e-03
6.251954473555088043e-04
2.176504582166671753e-03
5.048005841672420502e-03
7.450595876434817910e-05
1.285670732613652945e-04
-4.814365878701210022e-03
-2.244910923764109612e-03
-4.520538728684186935e-03
5.927454330958425999e-04
5.582747049629688263e-03
3.308529849164187908e-04
2.511430939193814993e-04
-2.008189633488655090e-02
5.296993185766041279e-04
-3.483085893094539642e-03
3.532230854034423828e-03
6.676212651655077934e-04
5.063663702458143234e-04
5.723586305975914001e-03
2.442129189148545265e-03
-2.889030729420483112e-04
-8.400110527873039246e-03
-1.175227458588778973e-03
-1.965362316695973277e-04
4.614716861397027969e-03
-7.907774997875094414e-04
-3.529449168127030134e-04
6.146581727080047131e-04
-1.150302472524344921e-03
-9.616860188543796539e-04
-3.388308919966220856e-03
3.247775894124060869e-04
-1.642703893594443798e-03
2.134074311470612884e-04
-6.565603689523413777e-05
-1.962508540600538254e-03
-2.298041712492704391e-03
-9.890471119433641434e-04
-7.751487661153078079e-03
5.628527142107486725e-04
4.938127472996711731e-03
1.571138738654553890e-03
4.383128834888339043e-04
4.601264372467994690e-03
-7.039274554699659348e-03
4.838483582716435194e-04
-8.054734207689762115e-03
-1.143169240094721317e-03
2.029324678005650640e-04
-8.209993247874081135e-04
-1.097993925213813782e-03
-5.495511461049318314e-03
8.712689159438014030e-04
