-1.145288348197937012e-02
-7.210539281368255615e-02
2.167912945151329041e-02
7.450997829437255859e-03
3.247192502021789551e-02
-1.142611820250749588e-02
-4.557767137885093689e-02
-2.031810767948627472e-02
-5.877967923879623413e-04
1.312539819628000259e-02
8.354058489203453064e-03
1.135068107396364212e-02
5.866483598947525024e-02
5.473316088318824768e-02
-1.396643072366714478e-01
-1.969738304615020752e-02
-7.035547494888305664e-02
1.151024643331766129e-02
-6.321323569864034653e-03
1.903248950839042664e-02
2.244102023541927338e-02
-1.014889404177665710e-02
4.440856166183948517e-03
-3.650591522455215454e-02
2.616388797760009766e-01
4.712340980768203735e-02
-2.745313197374343872e-02
9.001411497592926025e-03
-2.096450328826904297e-02
6.416448950767517090e-02
-1.501393318176269531e-02
1.777501660399138927e-03
-2.216384373605251312e-02
-2.308249920606613159e-01
2.809098735451698303e-02
-2.772362530231475830e-01
-5.462503433227539062e-02
-1.338030546903610229e-01
5.219879560172557831e-03
1.879215240478515625e-02
1.097389496862888336e-02
1.643763110041618347e-02
1.057505831122398376e-01
-8.672868832945823669e-03
-8.896678336896002293e-04
-6.415423005819320679e-03
5.832232534885406494e-03
-7.641734927892684937e-02
-1.234585139900445938e-02
3.083213977515697479e-02
7.000133395195007324e-02
6.481480598449707031e-02
-9.939723648130893707e-03
-4.271176643669605255e-03
2.309998124837875366e-02
2.200930565595626831e-02
-4.581884481012821198e-03
4.252840008120983839e-04
-1.358237117528915405e-01
-7.177644409239292145e-03
-1.406213790178298950e-01
-1.193586457520723343e-02
-1.395253539085388184e-01
6.344462186098098755e-02
-3.866580426692962646e-01
1.261812867596745491e-03
1.963188499212265015e-02
2.243615314364433289e-02
4.024047777056694031e-02
2.684681117534637451e-02
6.246662512421607971e-02
1.735004130750894547e-03
3.478085622191429138e-02
6.952823698520660400e-02
-6.603439338505268097e-03
4.458397999405860901e-02
1.660240814089775085e-02
6.609209626913070679e-02
-3.280166909098625183e-02
-7.588695734739303589e-04
-7.337871938943862915e-02
-9.332614950835704803e-03
-9.321368485689163208e-02
-2.242189645767211914e-02
-1.185515150427818298e-02
-1.329256296157836914e-01
-3.380484506487846375e-02
-1.605859398841857910e-01
-1.447642687708139420e-02
-2.690047957003116608e-02
1.517370902001857758e-02
-4.168993793427944183e-03
-4.115227609872817993e-02
6.694727391004562378e-02
9.295037947595119476e-03
-8.195270202122628689e-04
8.554930798709392548e-03
-5.214594304561614990e-02
1.653322950005531311e-02
2.646517567336559296e-02
-2.870253473520278931e-02
-1.088770665228366852e-02
-1.178069226443767548e-02
-1.915989210829138756e-03
9.134503081440925598e-03
-5.401939153671264648e-02
-4.501816630363464355e-02
-2.331813611090183258e-02
-2.571930885314941406e-01
1.446542888879776001e-02
-1.225377060472965240e-02
1.787967165000736713e-03
1.151854079216718674e-02
-1.355143613182008266e-03
-9.360454045236110687e-03
1.036786008626222610e-02
-2.372262068092823029e-03
2.116484381258487701e-02
-1.136060990393161774e-02
-3.124909661710262299e-02
1.456896029412746429e-02
2.749156765639781952e-02
5.082236602902412415e-03
1.700510084629058838e-01
-1.574269682168960571e-02
1.450683921575546265e-02
3.644865751266479492e-02
8.130125701427459717e-03
-7.051064632833003998e-03
-1.797613874077796936e-02
2.962530590593814850e-02
-3.317029774188995361e-02
-2.593924524262547493e-03
3.636310342699289322e-03
8.351670205593109131e-02
-3.867359086871147156e-02
2.611117670312523842e-03
-2.380362153053283691e-02
7.719558477401733398e-02
-3.209699178114533424e-03
4.043207317590713501e-02
6.603429466485977173e-02
4.733357205986976624e-02
3.671001270413398743e-02
-1.080755144357681274e-03
7.055996451526880264e-03
5.229648668318986893e-03
-1.350679099559783936e-01
-4.307003982830792665e-04
-1.225666701793670654e-02
2.204139716923236847e-02
1.077044010162353516e-02
2.830326370894908905e-02
-1.995565555989742279e-02
1.567325368523597717e-02
1.644155010581016541e-02
3.705255687236785889e-02
-2.009481564164161682e-02
1.496310066431760788e-02
-2.895547822117805481e-02
-1.679429598152637482e-02
5.284004658460617065e-02
-1.208537165075540543e-02
-7.718421518802642822e-03
3.116498701274394989e-02
6.403315812349319458e-03
-8.617471903562545776e-03
1.081396825611591339e-02
8.972316235303878784e-02
-5.677127465605735779e-02
-6.874635070562362671e-02
-1.463454123586416245e-02
-2.013646438717842102e-02
1.227378100156784058e-02
3.947065025568008423e-02
1.511189807206392288e-02
1.834801584482192993e-02
-3.897483646869659424e-02
3.723500994965434074e-04
1.328859850764274597e-02
1.612797826528549194e-01
-1.696678996086120605e-02
3.586286678910255432e-02
3.803666308522224426e-02
-9.530288167297840118e-03
-1.692966744303703308e-02
1.861360520124435425e-01
-7.664865348488092422e-03
-1.309515442699193954e-02
2.461866475641727448e-02
3.288733661174774170e-01
-8.733069896697998047e-02
-9.844239056110382080e-02
-2.753781713545322418e-02
4.595255851745605469e-02
1.704316586256027222e-02
-1.055473908782005310e-01
-3.853451088070869446e-02
8.091270178556442261e-02
-1.640159450471401215e-02
