-7.926362752914428711e-02
-7.961492985486984253e-03
-2.245412170886993408e-01
-5.278325080871582031e-01
-3.996314108371734619e-01
-3.914747536182403564e-01
-1.690244078636169434e-01
-3.199963867664337158e-01
-1.984681338071823120e-01
-5.204607248306274414e-01
-1.001192629337310791e-01
-6.408301591873168945e-01
-5.569645762443542480e-01
-7.394755631685256958e-02
5.720837414264678955e-02
1.726555079221725464e-02
-1.538303941488265991e-01
-3.161956667900085449e-01
-3.499155640602111816e-01
2.531696856021881104e-02
-1.444068998098373413e-01
-3.189735114574432373e-01
-2.268930375576019287e-01
-5.518591403961181641e-01
-4.583110213279724121e-01
-4.224308729171752930e-01
-3.550936579704284668e-01
-3.067940175533294678e-01
2.060101181268692017e-01
-5.587053894996643066e-01
-4.158949553966522217e-01
-4.780246019363403320e-01
-1.697311252355575562e-01
8.342408388853073120e-02
-3.074828982353210449e-01
-3.659570515155792236e-01
-1.474350690841674805e-01
-2.785419821739196777e-01
-3.161014616489410400e-01
-3.803823292255401611e-01
-2.707657217979431152e-01
-1.569976806640625000e-01
-3.386389911174774170e-01
-1.642702370882034302e-01
-3.810143470764160156e-02
1.481875032186508179e-01
1.767207831144332886e-01
-4.834746420383453369e-01
2.866738438606262207e-01
-2.580986022949218750e-01
-3.037683069705963135e-01
-4.452631473541259766e-01
-8.888920396566390991e-02
-4.267035052180290222e-02
-5.064553022384643555e-01
-5.496982336044311523e-01
-1.112044230103492737e-01
-6.831967830657958984e-02
-7.315929979085922241e-02
-6.893481612205505371e-01
-4.764933586120605469e-01
2.120017632842063904e-02
-3.674091398715972900e-01
-3.162888884544372559e-01
-1.698599755764007568e-01
9.871238842606544495e-03
-4.386329650878906250e-01
-2.424321621656417847e-01
5.912975966930389404e-02
6.187246739864349365e-02
2.986660897731781006e-01
-3.783789575099945068e-01
1.468399316072463989e-01
-3.857976794242858887e-01
-2.673934996128082275e-01
-1.956198364496231079e-02
-8.130131661891937256e-02
-2.786446809768676758e-01
-4.088968038558959961e-01
3.724959194660186768e-01
-2.313644289970397949e-01
-2.803496718406677246e-01
1.469231694936752319e-01
1.133853346109390259e-01
8.685726672410964966e-02
-3.397080302238464355e-01
-8.790856599807739258e-02
-2.554798722267150879e-01
5.917598027735948563e-03
-3.924860358238220215e-01
-2.050415612757205963e-02
-4.344133194535970688e-03
-2.347606867551803589e-01
-3.454025983810424805e-01
1.381329149007797241e-01
-4.603804945945739746e-01
-5.393475294113159180e-01
-1.065408512949943542e-01
-4.558421373367309570e-01
8.885517120361328125e-01
-4.207648932933807373e-01
-5.277374982833862305e-01
-1.092549227178096771e-02
3.575839102268218994e-01
7.082678079605102539e-01
-7.197152823209762573e-02
-4.580661654472351074e-01
-2.210648506879806519e-01
2.178098112344741821e-01
-5.324380993843078613e-01
-7.992641627788543701e-02
-4.258878529071807861e-01
-3.783646598458290100e-02
-3.410309255123138428e-01
-1.790368854999542236e-01
-2.489993870258331299e-01
-6.187649965286254883e-01
3.084864914417266846e-01
-1.089382097125053406e-01
1.022812947630882263e-01
-5.643152818083763123e-02
-2.004707902669906616e-01
-4.851860180497169495e-02
-2.097865641117095947e-01
-1.049843952059745789e-01
-4.118084013462066650e-01
-8.428987115621566772e-02
-1.824829876422882080e-01
1.139838173985481262e-01
-4.934496805071830750e-02
-3.613802418112754822e-02
-1.376120001077651978e-01
-2.596227228641510010e-01
-2.574347555637359619e-01
1.789365410804748535e-01
1.881568878889083862e-01
-2.341851592063903809e-02
1.688464581966400146e-01
1.291871368885040283e-01
-5.825635790824890137e-02
5.188654065132141113e-01
6.467018723487854004e-01
1.374674588441848755e-01
8.166427910327911377e-02
-2.491672709584236145e-02
1.965283453464508057e-01
1.874768733978271484e-02
-1.292684972286224365e-01
1.726571917533874512e-01
1.148962825536727905e-01
2.457853555679321289e-01
2.386601418256759644e-01
-3.160340785980224609e-01
2.821187376976013184e-01
1.796111580915749073e-03
3.316771090030670166e-01
-3.640778660774230957e-01
-6.436686217784881592e-02
1.802662312984466553e-01
-1.386595368385314941e-01
2.928144037723541260e-01
7.849545031785964966e-02
3.164386749267578125e-01
2.315849661827087402e-01
3.103345036506652832e-01
1.119245514273643494e-01
1.196341514587402344e-01
3.720142245292663574e-01
1.336041390895843506e-01
4.299506247043609619e-01
-2.131322585046291351e-02
1.169592216610908508e-01
3.602643013000488281e-01
3.132631778717041016e-01
8.339270949363708496e-02
-2.971049631014466286e-03
-2.063226699829101562e-01
-3.546041250228881836e-02
1.742307841777801514e-02
1.943462342023849487e-01
-4.848993557970970869e-04
-2.371798902750015259e-01
-1.395798921585083008e-01
9.424147754907608032e-02
1.248663738369941711e-01
1.574708074331283569e-01
9.821496903896331787e-02
-3.487199172377586365e-02
2.618626058101654053e-01
4.701052978634834290e-02
3.695912063121795654e-01
-1.270828992128372192e-01
1.552943289279937744e-01
3.469693064689636230e-01
1.467427760362625122e-01
-2.215847671031951904e-01
-1.501501444727182388e-02
2.805831134319305420e-01
2.201181799173355103e-01
6.207507103681564331e-02
1.904152520000934601e-02
4.789970349520444870e-03
2.980859279632568359e-01
5.184515714645385742e-01
2.937559187412261963e-01
4.399988055229187012e-01
1.520640999078750610e-01
3.892303109169006348e-01
5.099915266036987305e-01
4.897291213274002075e-02
2.198136299848556519e-01
2.532395124435424805e-01
3.077706098556518555e-01
4.473550617694854736e-02
4.185354411602020264e-01
2.963935434818267822e-01
-1.929180510342121124e-02
1.180699616670608521e-01
-2.923768572509288788e-02
6.908401101827621460e-02
3.838467597961425781e-01
4.281662106513977051e-01
1.727038323879241943e-01
2.485068142414093018e-01
1.866078823804855347e-01
1.917526498436927795e-02
-2.125779390335083008e-01
-1.984662413597106934e-01
-1.104865819215774536e-01
1.932586878538131714e-01
-7.834116369485855103e-02
-3.810445219278335571e-02
9.608222544193267822e-02
1.713041216135025024e-01
5.252027884125709534e-02
1.336069703102111816e-01
1.023741960525512695e-01
6.448350101709365845e-02
2.060616314411163330e-01
6.320057809352874756e-02
-1.713526397943496704e-01
7.593305408954620361e-02
1.156214475631713867e-01
-1.055580303072929382e-01
-1.629097969271242619e-03
3.093139827251434326e-01
1.992417313158512115e-02
9.829313308000564575e-02
2.020941227674484253e-01
3.101810514926910400e-01
-1.578306257724761963e-01
-9.199070185422897339e-02
1.533086299896240234e-01
-1.582917869091033936e-01
1.112820357084274292e-01
1.872487366199493408e-01
-6.977399438619613647e-02
3.704245984554290771e-01
5.622646212577819824e-02
-1.239090338349342346e-01
2.167023718357086182e-02
-2.328785657882690430e-01
1.624772883951663971e-02
2.219941616058349609e-01
-1.864001601934432983e-01
-7.133344560861587524e-02
2.796700000762939453e-01
-2.654588222503662109e-01
1.197493448853492737e-01
-2.381787598133087158e-01
-6.177814304828643799e-02
6.430280208587646484e-02
2.036307454109191895e-01
-1.257761865854263306e-01
-2.724264264106750488e-01
1.983991712331771851e-01
-5.017264485359191895e-01
-9.430261701345443726e-02
2.109178453683853149e-01
-2.283922731876373291e-01
1.072151660919189453e-01
-1.213689148426055908e-01
-1.688208878040313721e-01
2.135224640369415283e-03
1.323965191841125488e-01
-4.551500082015991211e-02
-3.140978515148162842e-01
8.200967311859130859e-02
1.915418207645416260e-01
-1.223672777414321899e-01
-1.488320380449295044e-01
2.465586066246032715e-01
4.985117819160223007e-03
-6.746512651443481445e-02
-2.777649089694023132e-02
-4.331300035119056702e-02
1.693362593650817871e-01
9.412641078233718872e-02
2.143984735012054443e-01
1.202051118016242981e-01
1.555599421262741089e-01
-2.548053562641143799e-01
1.340321749448776245e-01
4.614837095141410828e-02
2.754952311515808105e-01
2.920771539211273193e-01
2.567591369152069092e-01
-2.243308845208957791e-04
2.402905374765396118e-01
-9.772052057087421417e-03
1.025698427110910416e-02
1.931538134813308716e-01
2.829407751560211182e-01
2.048676609992980957e-01
-7.049613445997238159e-02
-3.345662355422973633e-02
1.972419768571853638e-02
1.174663901329040527e-01
-1.968583464622497559e-01
1.857915520668029785e-02
7.955109328031539917e-02
-2.592176496982574463e-01
-4.171243309974670410e-02
5.909995734691619873e-02
-2.598199844360351562e-01
1.936490088701248169e-01
-2.362607717514038086e-01
1.482439041137695312e-01
4.119027554988861084e-01
-3.723790645599365234e-01
2.330736070871353149e-01
2.408738583326339722e-01
1.758194416761398315e-01
2.167385518550872803e-01
-1.654712557792663574e-01
-5.165047645568847656e-01
-9.517748653888702393e-02
3.228721022605895996e-02
-6.631169468164443970e-02
1.494174748659133911e-01
1.404660142725333571e-04
-1.485252100974321365e-02
-1.434467732906341553e-01
2.694037556648254395e-01
-1.388520151376724243e-01
7.485008239746093750e-02
-4.654471576213836670e-02
-1.060741841793060303e-01
1.566096246242523193e-01
7.902816683053970337e-02
-8.795846253633499146e-02
4.234608635306358337e-02
1.970299482345581055e-01
-2.103511942550539970e-03
-1.112380251288414001e-01
-4.585376381874084473e-01
1.055251955986022949e-01
1.783577352762222290e-01
-2.729188203811645508e-01
5.743637681007385254e-02
2.384332865476608276e-01
1.567285507917404175e-01
2.407422810792922974e-01
-2.919205464422702789e-02
-2.301796078681945801e-01
-5.401284247636795044e-02
1.845144182443618774e-01
-6.961364299058914185e-02
1.039270535111427307e-01
8.194117806851863861e-03
-2.021101415157318115e-01
3.189873695373535156e-02
-2.996220290660858154e-01
-3.594623208045959473e-01
-7.091514766216278076e-02
-4.639592468738555908e-01
-1.130954846739768982e-01
-1.281890124082565308e-01
1.464134752750396729e-01
-1.311120837926864624e-01
1.608093269169330597e-02
-8.649528026580810547e-03
1.124984771013259888e-01
3.065985143184661865e-01
1.458732876926660538e-02
-1.846439540386199951e-01
2.416574954986572266e-02
-4.380783140659332275e-01
5.778043270111083984e-01
4.362197220325469971e-02
2.415592372417449951e-01
1.291740685701370239e-01
3.502036929130554199e-01
-1.049874573945999146e-01
3.530908375978469849e-02
-1.475422233343124390e-01
-1.301539391279220581e-01
4.824919104576110840e-01
-1.209138855338096619e-01
8.044233173131942749e-02
-1.948700658977031708e-02
5.325375199317932129e-01
8.882289379835128784e-02
-2.858476340770721436e-02
5.095617845654487610e-02
1.206932365894317627e-01
-2.496918439865112305e-01
1.681278795003890991e-01
-6.235551461577415466e-02
5.168472528457641602e-01
7.028127312660217285e-01
2.031772583723068237e-01
6.235557794570922852e-01
9.239905327558517456e-02
6.365844011306762695e-01
1.292907595634460449e-01
1.857832223176956177e-01
3.496763706207275391e-01
4.846622794866561890e-02
-1.283890455961227417e-01
-2.452281564474105835e-01
2.042890489101409912e-01
-2.422661632299423218e-01
2.597473263740539551e-01
1.068761274218559265e-01
-4.638766869902610779e-02
2.688085138797760010e-01
1.564066857099533081e-01
1.619815826416015625e-01
1.756950281560420990e-02
2.684264481067657471e-01
-8.419799804687500000e-02
1.654734313488006592e-01
-6.250988692045211792e-03
3.978380262851715088e-01
-5.809211358428001404e-02
-5.799091234803199768e-02
2.015571743249893188e-01
2.814536988735198975e-01
-4.600443243980407715e-01
6.687204837799072266e-01
2.648302912712097168e-01
1.942038685083389282e-01
2.218589335680007935e-01
-1.820784509181976318e-01
2.802975475788116455e-01
3.288185000419616699e-01
-4.895120114088058472e-02
-1.056147143244743347e-01
1.087361499667167664e-01
4.928772747516632080e-01
-2.523943483829498291e-01
2.060271054506301880e-01
5.332307219505310059e-01
-1.862156577408313751e-02
9.388013929128646851e-02
5.597840547561645508e-01
8.718467503786087036e-02
6.503657996654510498e-02
6.056802347302436829e-02
-1.923848390579223633e-01
1.647744625806808472e-01
8.138059824705123901e-02
1.515586078166961670e-01
-2.997250258922576904e-01
1.820113360881805420e-01
1.364329308271408081e-01
2.969177961349487305e-01
3.888332545757293701e-01
1.126820206642150879e+00
2.075494974851608276e-01
3.276894688606262207e-01
2.312880456447601318e-01
1.383418887853622437e-01
3.197169303894042969e-01
1.240876764059066772e-01
2.683474421501159668e-01
3.553848341107368469e-02
1.139407511800527573e-02
-2.927635908126831055e-01
1.849333047866821289e-01
1.028601303696632385e-01
1.211401745676994324e-01
2.781879305839538574e-01
-2.721837535500526428e-02
-1.547669917345046997e-01
3.597225248813629150e-01
5.966393947601318359e-01
-5.373028665781021118e-02
8.430341482162475586e-01
-2.303286939859390259e-01
-3.842207416892051697e-02
5.608760118484497070e-01
-2.166670411825180054e-01
2.917916476726531982e-01
4.950587078928947449e-02
-2.126333676278591156e-02
1.308144927024841309e-01
3.651911616325378418e-01
-2.128497064113616943e-01
-4.599142372608184814e-01
4.036832153797149658e-01
2.343455404043197632e-01
1.873560696840286255e-01
1.876242086291313171e-02
-6.212763488292694092e-02
6.004614755511283875e-02
-8.445458859205245972e-02
7.024642080068588257e-02
1.287878453731536865e-01
3.753958344459533691e-01
-1.200943216681480408e-01
