-2.306167036294937134e-01
-3.081686198711395264e-01
-7.249623537063598633e-02
3.474985063076019287e-02
-1.022348776459693909e-01
1.300390530377626419e-02
-1.493340916931629181e-02
1.344094574451446533e-01
-2.940655052661895752e-01
2.778374254703521729e-01
-1.520505249500274658e-01
-1.659064143896102905e-01
-5.968421697616577148e-01
-1.211687549948692322e-01
2.249796837568283081e-01
8.591445535421371460e-02
7.294554263353347778e-02
-2.203476279973983765e-01
-5.878771543502807617e-01
-3.509114980697631836e-01
-9.134045243263244629e-02
-1.198875755071640015e-01
-2.603021860122680664e-01
-2.882260978221893311e-01
-1.080337166786193848e-01
-1.026380956172943115e-01
-6.539765000343322754e-02
3.448404371738433838e-01
-1.080416515469551086e-01
5.895515680313110352e-01
8.640757203102111816e-02
3.660041391849517822e-01
1.084964070469141006e-02
-2.278177291154861450e-01
-4.046993795782327652e-03
-2.416864633560180664e-01
-2.348757535219192505e-01
-1.755621433258056641e-01
-1.079561263322830200e-01
-3.303494453430175781e-01
-9.258891642093658447e-02
-1.225641369819641113e-01
-2.393864691257476807e-01
-1.807683259248733521e-01
-1.435115486383438110e-01
-1.786698102951049805e-01
-6.217579245567321777e-01
2.281138896942138672e-01
-6.319705396890640259e-02
-3.054976277053356171e-02
3.232306241989135742e-02
-3.841320425271987915e-02
1.375535130500793457e-02
7.257593329995870590e-03
-1.157154142856597900e-01
1.862307190895080566e-01
9.073028713464736938e-02
3.958534821867942810e-02
1.814916543662548065e-02
1.349813044071197510e-01
7.857637107372283936e-02
-1.288263825699687004e-03
2.713329195976257324e-01
-5.639960169792175293e-01
-2.144926786422729492e-01
-1.782497158274054527e-03
1.783983409404754639e-01
5.411098897457122803e-02
4.725069552659988403e-02
-1.191430836915969849e-01
-1.375930905342102051e-01
-3.080978691577911377e-01
-1.934945583343505859e-01
-2.388008981943130493e-01
6.572861671447753906e-01
1.528147757053375244e-01
8.983469605445861816e-01
1.465346962213516235e-01
2.136215381324291229e-02
-1.123388707637786865e-01
-1.679051481187343597e-02
-4.099950194358825684e-01
-2.713722288608551025e-01
5.342351794242858887e-01
5.604225397109985352e-02
-7.841843366622924805e-02
-7.958347350358963013e-02
-6.733510643243789673e-02
1.290614008903503418e-01
-5.125650167465209961e-01
-7.678744196891784668e-01
3.448738753795623779e-01
-5.378627181053161621e-01
-3.867346644401550293e-01
-9.204292297363281250e-02
-1.497965306043624878e-01
-2.332177944481372833e-02
-2.519737780094146729e-01
-3.542152047157287598e-02
-2.950960397720336914e-01
1.213202401995658875e-01
1.518160253763198853e-01
1.213805079460144043e-01
2.782266214489936829e-02
1.935638487339019775e-01
-2.497985064983367920e-01
-5.101741477847099304e-02
-5.728616937994956970e-02
-7.784605771303176880e-02
-4.429557025432586670e-01
7.909180521965026855e-01
-3.569951653480529785e-01
-1.249872744083404541e-01
-2.927118539810180664e-01
-1.446552723646163940e-01
-2.039976567029953003e-01
-7.678453624248504639e-02
3.263452053070068359e-01
-1.145202815532684326e-01
-9.999973699450492859e-03
-1.288886815309524536e-01
1.581149995326995850e-01
-5.914605408906936646e-02
1.543958485126495361e-01
-1.534713804721832275e-01
8.865822851657867432e-02
-1.502953618764877319e-01
-3.931587040424346924e-01
3.683145642280578613e-01
5.066140294075012207e-01
4.622886329889297485e-02
1.515911072492599487e-01
3.762569278478622437e-02
-3.066427707672119141e-01
-1.148474663496017456e-01
-3.569975197315216064e-01
-1.939992159605026245e-01
-2.582174492999911308e-03
1.818078309297561646e-01
2.386763459071516991e-03
1.584944486618041992e+00
-2.365159541368484497e-01
1.411808729171752930e-01
-3.879968523979187012e-01
-3.186711370944976807e-01
-1.388615649193525314e-02
1.086897373199462891e+00
9.671804308891296387e-02
-1.527375429868698120e-01
-1.081394180655479431e-01
-1.423675119876861572e-01
4.230690002441406250e-01
2.083292305469512939e-01
1.377369910478591919e-01
-1.551966369152069092e-01
-7.554437220096588135e-02
-7.581898570060729980e-02
7.539252191781997681e-02
-2.384654283523559570e-01
-5.365175604820251465e-01
4.816124737262725830e-01
-5.296927690505981445e-01
1.232676431536674500e-01
2.087431848049163818e-01
-1.724576205015182495e-01
-1.152645200490951538e-01
-5.098193138837814331e-02
4.155711457133293152e-02
1.439793854951858521e-01
-1.011431440711021423e-01
-1.883008182048797607e-01
2.262583374977111816e-02
-1.203101724386215210e-01
1.005571037530899048e-01
5.419026017189025879e-01
-2.430228143930435181e-01
-1.538044661283493042e-01
-4.373759627342224121e-01
-1.334034204483032227e-01
-2.932351529598236084e-01
-9.945491701364517212e-02
3.804048174060881138e-04
1.476155817508697510e-01
-1.257924456149339676e-02
-3.111443221569061279e-01
1.243323013186454773e-01
9.785577654838562012e-02
-1.052109673619270325e-01
2.848471403121948242e-01
2.336667031049728394e-01
1.401070505380630493e-01
5.953575968742370605e-01
-8.863862603902816772e-02
-1.194704789668321609e-02
-3.260532915592193604e-01
-6.359574198722839355e-02
4.063279628753662109e-01
-9.515560418367385864e-02
-3.764561414718627930e-01
4.480785131454467773e-01
9.490264952182769775e-02
2.047122418880462646e-01
1.744913905858993530e-01
3.291074335575103760e-01
-3.607655763626098633e-01
-2.367547899484634399e-02
9.876278787851333618e-02
-4.912158846855163574e-02
1.402265727519989014e-01
3.162268996238708496e-01
2.908269129693508148e-02
-2.168853580951690674e-01
1.964587569236755371e-01
1.834377497434616089e-01
1.630156785249710083e-01
-1.319687068462371826e-01
1.800570636987686157e-02
3.616912066936492920e-01
6.872728466987609863e-01
-2.332047373056411743e-02
-7.842577993869781494e-02
-3.183794766664505005e-02
5.475144982337951660e-01
4.664235562086105347e-02
-2.209482043981552124e-01
-4.365595877170562744e-01
1.475270539522171021e-01
4.548118263483047485e-02
7.893565297126770020e-01
1.810170561075210571e-01
-2.869437038898468018e-01
8.854325115680694580e-02
2.784298956394195557e-01
6.434120982885360718e-02
5.858518555760383606e-02
1.028888300061225891e-02
1.211595460772514343e-01
-2.000888586044311523e-01
-8.099873661994934082e-01
-1.021606847643852234e-01
2.292059212923049927e-01
7.557386755943298340e-01
3.235993683338165283e-01
5.952446535229682922e-02
-5.548722743988037109e-01
4.846413061022758484e-02
-3.834500014781951904e-01
2.152185589075088501e-01
-1.441901177167892456e-01
-2.161972783505916595e-02
-1.585586071014404297e-01
2.055560648441314697e-01
-1.920125335454940796e-01
1.718836277723312378e-01
3.290632739663124084e-02
3.551212847232818604e-01
-2.204108387231826782e-01
-1.294116955250501633e-02
-1.539061814546585083e-01
2.556705772876739502e-01
5.864768624305725098e-01
2.326884865760803223e-01
-4.662166833877563477e-01
-3.159561455249786377e-01
-3.768897950649261475e-01
2.094222605228424072e-01
1.292222887277603149e-01
-2.892939746379852295e-01
1.181832626461982727e-01
4.651368260383605957e-01
5.108866468071937561e-02
2.814106345176696777e-01
-1.514389067888259888e-01
1.278757005929946899e-01
5.606075748801231384e-02
-3.584240376949310303e-02
2.858418226242065430e-01
-1.409976184368133545e-01
8.685275912284851074e-02
2.734192907810211182e-01
-1.885674893856048584e-01
1.600981876254081726e-02
1.140093505382537842e-01
3.811177611351013184e-01
-3.719781935214996338e-01
7.730824500322341919e-02
-3.816438615322113037e-01
3.898927569389343262e-02
-7.907725572586059570e-01
-2.903850674629211426e-01
1.958866715431213379e-01
5.038246512413024902e-02
-2.529123425483703613e-01
-2.817758619785308838e-01
2.075766324996948242e-01
-5.678902864456176758e-01
2.063588052988052368e-01
2.485854923725128174e-01
-7.635548710823059082e-01
1.561240106821060181e-01
-1.319212913513183594e-01
7.285819053649902344e-01
1.602302864193916321e-02
-3.980342149734497070e-01
-3.093483448028564453e-01
-5.187353491783142090e-01
1.848710030317306519e-01
3.424115777015686035e-01
-1.991526931524276733e-01
8.491985499858856201e-02
-2.301159203052520752e-01
1.669747680425643921e-01
-4.004573225975036621e-01
1.100328862667083740e-01
-2.887355536222457886e-02
8.093965053558349609e-02
1.329981256276369095e-02
-1.067791283130645752e-01
-4.080452024936676025e-01
-2.162880301475524902e-01
7.273493707180023193e-02
4.301359355449676514e-01
1.585160344839096069e-01
5.994463562965393066e-01
5.844736099243164062e-01
-1.237361952662467957e-01
5.014625191688537598e-01
-3.515560179948806763e-02
1.941904127597808838e-01
2.161007523536682129e-01
1.009455084800720215e+00
1.660566926002502441e-01
-4.465711489319801331e-02
8.319867774844169617e-03
9.296855889260768890e-03
-2.106579989194869995e-01
3.900641798973083496e-01
1.954039037227630615e-01
-6.757132709026336670e-02
1.285146325826644897e-01
-2.441874593496322632e-01
1.012953892350196838e-01
-1.804084777832031250e-01
2.386644780635833740e-01
1.289625838398933411e-02
-1.024656463414430618e-02
3.119811415672302246e-03
-1.815701574087142944e-01
-4.281907677650451660e-01
-6.294342279434204102e-01
-1.936886757612228394e-01
-1.040420606732368469e-01
4.841628074645996094e-01
1.816049814224243164e-01
1.281521320343017578e-01
7.659096717834472656e-01
-3.105485439300537109e-01
2.893657237291336060e-02
2.090100944042205811e-01
-2.983722984790802002e-01
1.822957992553710938e-01
-2.566103041172027588e-01
7.790212333202362061e-02
9.619485586881637573e-02
-2.375006973743438721e-01
5.078970193862915039e-01
-4.290463868528604507e-03
-3.181703686714172363e-01
1.302367895841598511e-01
-3.724844753742218018e-01
-1.653428375720977783e-01
1.157814711332321167e-01
-2.773291766643524170e-01
2.327082306146621704e-02
4.047124087810516357e-01
1.376765221357345581e-01
1.480559557676315308e-01
-1.179681196808815002e-01
1.903545260429382324e-01
-1.695769652724266052e-02
4.879713952541351318e-01
1.974105536937713623e-01
7.219855487346649170e-02
-1.016452312469482422e-01
6.084970831871032715e-01
4.491416215896606445e-01
1.034447848796844482e-01
1.681467592716217041e-01
2.575074732303619385e-01
-2.788977324962615967e-01
-1.589946448802947998e-02
-2.904213368892669678e-01
-1.987722218036651611e-01
6.591416150331497192e-02
1.710454188287258148e-02
-8.866406232118606567e-02
1.312778115272521973e+00
4.506385624408721924e-01
2.349911779165267944e-01
-1.223541572690010071e-01
1.343028992414474487e-01
-2.724903523921966553e-01
1.148306488990783691e+00
3.052724301815032959e-01
-1.522436439990997314e-01
-4.540384709835052490e-01
1.411641091108322144e-01
5.708147883415222168e-01
-3.359493315219879150e-01
1.605142354965209961e-01
-3.352379053831100464e-02
2.857879698276519775e-01
3.761434182524681091e-02
1.398407340049743652e+00
1.882155984640121460e-02
3.369663953781127930e-01
1.093172311782836914e+00
-1.098440736532211304e-01
-2.348842285573482513e-02
3.027640581130981445e-01
-3.360435962677001953e-01
-2.882920205593109131e-01
4.874181933701038361e-03
-6.493802368640899658e-02
1.713078022003173828e-01
-3.475833684206008911e-02
-2.563863098621368408e-01
-3.081218898296356201e-01
1.898793429136276245e-01
-4.319115281105041504e-01
6.968402862548828125e-01
-7.134482264518737793e-02
4.372019469738006592e-01
-4.672935605049133301e-01
-2.384892255067825317e-01
-2.683092467486858368e-02
4.454976320266723633e-01
4.151185508817434311e-03
1.893167048692703247e-01
1.241329014301300049e-01
-1.620275080204010010e-01
2.851766720414161682e-02
1.138856709003448486e-01
-8.354820311069488525e-02
-7.907651364803314209e-02
1.262688189744949341e-01
4.558699429035186768e-01
1.071725010871887207e+00
1.722334139049053192e-02
-1.050607785582542419e-01
4.599833488464355469e-01
-7.980567961931228638e-02
8.634212613105773926e-02
-1.975447405129671097e-03
-3.011058568954467773e-01
5.254751443862915039e-01
2.520007193088531494e-01
1.696314662694931030e-02
3.900322318077087402e-01
1.539371609687805176e-01
9.280508160591125488e-01
1.077227145433425903e-01
1.582611203193664551e-01
1.112897396087646484e-01
3.793062567710876465e-01
3.448816835880279541e-01
-2.609181106090545654e-01
6.062916666269302368e-02
2.849781811237335205e-01
3.601954504847526550e-02
5.356525778770446777e-01
1.504189223051071167e-01
1.557207200676202774e-02
2.886599302291870117e-01
8.013313412666320801e-01
-8.305741846561431885e-02
2.621706724166870117e-01
-7.174874544143676758e-01
4.530539214611053467e-01
7.523199319839477539e-01
-6.517046689987182617e-02
-4.130723178386688232e-01
6.513654440641403198e-02
1.901096552610397339e-01
4.034501016139984131e-01
2.507567107677459717e-01
-2.059897594153881073e-02
1.500367838889360428e-02
7.762868702411651611e-02
9.747071564197540283e-02
2.313638180494308472e-01
-4.952286556363105774e-02
1.138028502464294434e-02
-1.489777266979217529e-01
9.242274761199951172e-01
1.039981022477149963e-01
1.012604031711816788e-02
1.628525257110595703e-01
6.035705208778381348e-01
-1.093638539314270020e-01
-1.971400827169418335e-01
3.859879374504089355e-01
-2.698807418346405029e-01
1.144778076559305191e-02
-1.573949754238128662e-01
2.007631808519363403e-01
-1.775772720575332642e-01
-1.268023252487182617e-01
-3.102216124534606934e-01
4.681764245033264160e-01
-5.763853341341018677e-02
1.929309070110321045e-01
