-6.592885255813598633e-01
-3.943566679954528809e-01
-4.357311129570007324e-01
4.317190125584602356e-02
-8.256414532661437988e-01
-5.995739996433258057e-02
7.572314143180847168e-01
1.682702600955963135e-01
-3.129535019397735596e-01
-1.228074669837951660e+00
2.006859064102172852e+00
-3.279482126235961914e-01
-7.521601319313049316e-01
-2.009065896272659302e-01
-4.045128524303436279e-01
-2.752164006233215332e-01
-3.135854303836822510e-01
1.084358096122741699e+00
2.382554262876510620e-01
-5.770366173237562180e-03
-7.435196638107299805e-01
-5.637595057487487793e-01
-3.732833564281463623e-01
1.223393082618713379e-01
-1.968385577201843262e-01
-7.993730902671813965e-01
4.547108113765716553e-01
-3.526897430419921875e-01
-4.213448762893676758e-01
-4.118989706039428711e-01
-6.178023815155029297e-01
-3.213056623935699463e-01
3.090675920248031616e-02
-4.683738052845001221e-01
-8.753482834435999393e-04
1.213865518569946289e+00
-3.105216026306152344e-01
-4.581379890441894531e-01
-3.763489723205566406e-01
-2.547036409378051758e-01
-7.014147192239761353e-02
-4.643737077713012695e-01
-3.695045113563537598e-01
-5.728142261505126953e-01
-1.422796398401260376e-01
-5.493289232254028320e-01
-4.776588678359985352e-01
-2.028356194496154785e-01
-1.305819600820541382e-01
8.389010429382324219e-01
-7.580319643020629883e-01
-1.161889061331748962e-01
-6.671411991119384766e-01
-1.238889470696449280e-01
-2.937557399272918701e-01
-2.260502129793167114e-01
1.194383203983306885e-01
-5.592218041419982910e-01
-2.214728444814682007e-01
-5.829572081565856934e-01
-8.117486238479614258e-01
8.594283461570739746e-02
-4.329011142253875732e-01
-1.490866765379905701e-02
-2.326799929141998291e-01
-2.543317526578903198e-02
3.032158017158508301e-01
-1.163773536682128906e+00
-6.715159416198730469e-01
1.547297388315200806e-01
-8.846817016601562500e-01
-3.122920095920562744e-01
-4.136601686477661133e-01
-4.314175844192504883e-01
-6.172484755516052246e-01
-2.580235004425048828e-01
-1.447958469390869141e+00
-9.148334264755249023e-01
-5.091600418090820312e-01
-3.807548284530639648e-01
-3.758179545402526855e-01
1.217820763587951660e+00
-4.355044662952423096e-01
-9.521280527114868164e-01
-2.547522485256195068e-01
-7.612061500549316406e-01
-1.974426805973052979e-01
2.614147365093231201e-01
-3.223284780979156494e-01
-4.434930682182312012e-01
-2.410176247358322144e-01
-9.314259290695190430e-01
-2.589796781539916992e-01
-5.767530202865600586e-01
-8.237815499305725098e-01
-4.023370742797851562e-01
-6.523558497428894043e-01
-6.450508832931518555e-01
-2.996087074279785156e-01
-7.805609107017517090e-01
-2.444625198841094971e-01
-3.115721940994262695e-01
-7.253468036651611328e-02
4.699629545211791992e-02
1.303322464227676392e-01
-3.755762577056884766e-01
-5.945296287536621094e-01
-6.201329641044139862e-03
-5.972710847854614258e-01
-3.565165400505065918e-01
-2.440366297960281372e-01
-2.682491242885589600e-01
-8.179308772087097168e-01
1.863257773220539093e-02
4.252704232931137085e-02
-4.179772138595581055e-01
-4.656927585601806641e-01
-2.456705719232559204e-01
-4.129498600959777832e-01
-5.636312961578369141e-01
-3.549428880214691162e-01
-5.272502303123474121e-01
-5.999355912208557129e-01
-2.915246188640594482e-01
-2.547450065612792969e-01
4.630441069602966309e-01
-3.212638795375823975e-01
1.401705294847488403e-01
-3.260329738259315491e-02
2.258423715829849243e-01
1.546685099601745605e-01
-1.330465972423553467e-01
2.051712721586227417e-01
-2.437711656093597412e-01
-1.176784515380859375e+00
8.927244693040847778e-02
2.995700240135192871e-01
1.204938650131225586e+00
-5.624279379844665527e-01
-4.475477635860443115e-01
4.555611908435821533e-01
3.034874200820922852e-01
1.686045341193675995e-02
-7.500166445970535278e-02
-3.549800515174865723e-01
-6.016336083412170410e-01
2.746284380555152893e-02
2.554104328155517578e-01
5.866430401802062988e-01
1.089204311370849609e+00
3.951309621334075928e-02
5.987949967384338379e-01
3.526234030723571777e-01
4.364966452121734619e-01
-1.402776002883911133e+00
1.517391949892044067e-01
3.373367488384246826e-01
2.576380968093872070e-01
5.919683575630187988e-01
2.038050740957260132e-01
1.702354103326797485e-01
5.499707162380218506e-02
8.191591501235961914e-01
-1.768430590629577637e+00
3.083765804767608643e-01
1.875806301832199097e-01
3.791483938694000244e-01
3.159320354461669922e-01
2.620069384574890137e-01
3.518021106719970703e-01
4.312721788883209229e-01
4.685391485691070557e-01
-3.146581947803497314e-01
1.805002093315124512e-01
5.694284439086914062e-01
5.714191198348999023e-01
4.551821053028106689e-01
3.443215787410736084e-01
8.341905474662780762e-02
7.969672232866287231e-02
1.192886978387832642e-01
1.512844711542129517e-01
3.858335912227630615e-01
-1.033201664686203003e-01
-3.451882675290107727e-02
2.595256567001342773e-01
8.417084068059921265e-02
3.428568542003631592e-01
6.583306193351745605e-01
1.115856841206550598e-01
5.723095536231994629e-01
4.766350388526916504e-01
8.268490433692932129e-02
2.324687540531158447e-01
-1.538352072238922119e-01
1.085495471954345703e+00
7.095397710800170898e-01
-2.432725392282009125e-03
7.644109129905700684e-01
5.397361516952514648e-02
3.475844264030456543e-01
1.857356727123260498e-01
5.731912255287170410e-01
3.215454816818237305e-01
2.007640838623046875e+00
1.084581375122070312e+00
4.490005075931549072e-01
5.509988963603973389e-02
4.827012717723846436e-01
-6.296467185020446777e-01
1.718643307685852051e-01
9.180027842521667480e-01
7.603680714964866638e-03
-5.122653674334287643e-03
1.178195029497146606e-01
-4.589336812496185303e-01
2.315444946289062500e-01
3.257845938205718994e-01
2.966694831848144531e-01
9.534759521484375000e-01
2.958203554153442383e-01
7.374280095100402832e-01
6.187284588813781738e-01
5.946348309516906738e-01
3.441004753112792969e-01
2.835482060909271240e-01
3.565676808357238770e-01
9.712395668029785156e-01
2.004810124635696411e-01
1.997296512126922607e-01
-5.345029756426811218e-02
3.567022979259490967e-01
1.843837797641754150e-01
3.720093369483947754e-01
3.115424513816833496e-01
-2.290009558200836182e-01
2.174662202596664429e-01
1.571309715509414673e-01
2.576713263988494873e-01
4.021319150924682617e-01
6.871666312217712402e-01
5.300422310829162598e-01
2.172581851482391357e-01
5.224622488021850586e-01
4.542654156684875488e-01
2.925492525100708008e-01
3.730301260948181152e-01
4.484285414218902588e-01
2.637082040309906006e-01
5.368583798408508301e-01
6.986401081085205078e-01
1.822565943002700806e-01
1.797162145376205444e-01
-4.443838596343994141e-01
3.075649440288543701e-01
-6.053326725959777832e-01
2.774933576583862305e-01
-2.131103575229644775e-01
-3.313016593456268311e-01
-6.776846479624509811e-03
6.185128167271614075e-02
-6.469070166349411011e-02
-2.893463335931301117e-02
-8.990051597356796265e-02
1.200107559561729431e-01
-5.278160423040390015e-02
4.678762704133987427e-02
9.669666737318038940e-02
2.031369367614388466e-03
-1.840194165706634521e-01
3.877960741519927979e-01
3.040787875652313232e-01
-9.090688079595565796e-03
1.850046366453170776e-01
-4.800236783921718597e-03
3.734996616840362549e-01
-1.456734072417020798e-02
-2.399288713932037354e-01
-5.022934451699256897e-02
6.583264470100402832e-01
2.783752977848052979e-01
1.691780537366867065e-01
-2.968274056911468506e-02
1.989579014480113983e-02
7.994183152914047241e-02
1.884127706289291382e-01
-2.085859477519989014e-01
-1.589959412813186646e-01
7.869944721460342407e-02
-9.220215678215026855e-02
7.969453930854797363e-02
8.116891980171203613e-02
3.680339083075523376e-02
1.498669236898422241e-01
2.763648629188537598e-01
-1.018535345792770386e-01
3.765739798545837402e-01
-2.301917821168899536e-01
-3.857790827751159668e-01
2.149557322263717651e-01
-8.767298609018325806e-02
1.896750479936599731e-01
1.641512066125869751e-01
3.582595586776733398e-01
-2.357136458158493042e-01
2.120982408523559570e-01
1.826010458171367645e-02
1.328627299517393112e-02
-1.109103299677371979e-02
3.027460873126983643e-01
-1.580203510820865631e-02
-1.603102982044219971e-01
-6.758978217840194702e-02
3.803044259548187256e-01
1.016543805599212646e-01
-1.527338773012161255e-01
-3.481966257095336914e-01
9.634237736463546753e-02
4.569141864776611328e-01
-2.557769417762756348e-01
-3.493193387985229492e-01
-3.780198097229003906e-02
4.076863229274749756e-01
-1.743751168251037598e-01
-1.320642828941345215e-01
-9.849531203508377075e-02
5.996180698275566101e-02
2.385942786931991577e-01
1.951645463705062866e-01
1.144554167985916138e-01
8.075638860464096069e-02
2.211718112230300903e-01
3.962122276425361633e-02
1.879529505968093872e-01
1.936378479003906250e-01
1.072071865200996399e-01
1.302198767662048340e-01
4.294728040695190430e-01
1.117116492241621017e-02
1.253315657377243042e-01
1.704650372266769409e-01
-6.645826995372772217e-02
-1.515592355281114578e-02
4.234045743942260742e-01
-7.464243769645690918e-01
4.062827527523040771e-01
5.630128551274538040e-03
-1.230164244771003723e-02
3.521271422505378723e-02
2.214338034391403198e-01
8.482869714498519897e-02
-4.137552157044410706e-02
3.580353781580924988e-02
7.924667559564113617e-03
-4.686323106288909912e-01
-6.643711775541305542e-02
1.419949084520339966e-01
-1.365022212266921997e-01
-1.254641860723495483e-01
1.751008778810501099e-01
-1.656710356473922729e-01
1.087269484996795654e-01
1.908350437879562378e-01
-2.229436114430427551e-02
2.843317389488220215e-02
-1.113908663392066956e-01
-4.446028172969818115e-02
4.472570121288299561e-02
-1.136246137320995331e-02
-6.456046104431152344e-01
-4.213634431362152100e-01
1.008100137114524841e-01
-1.209281235933303833e-01
-2.079610377550125122e-01
-4.517769813537597656e-01
4.087857902050018311e-01
-1.360753923654556274e-01
1.645312756299972534e-01
-1.563505530357360840e-01
1.018180884420871735e-02
2.898162305355072021e-01
1.187198311090469360e-01
3.043692708015441895e-01
-1.560923922806978226e-02
3.937305808067321777e-01
2.081053704023361206e-01
-1.005230695009231567e-01
-4.278204962611198425e-02
6.479892879724502563e-02
1.086001172661781311e-01
6.676031351089477539e-01
-2.936213016510009766e-01
3.360914885997772217e-01
1.086478352546691895e+00
1.488407492637634277e+00
9.307406544685363770e-01
3.528771102428436279e-01
-6.606630086898803711e-01
2.572622299194335938e-01
3.063019812107086182e-01
-1.390401739627122879e-02
1.918552875518798828e+00
-4.236552715301513672e-01
1.597443521022796631e-01
1.504775583744049072e-01
1.329409122467041016e+00
4.433033242821693420e-02
5.804656744003295898e-01
1.350009441375732422e-01
3.250032067298889160e-01
1.911201715469360352e+00
-5.938127636909484863e-01
-7.089490443468093872e-02
7.587443590164184570e-01
6.262888908386230469e-01
-3.265184164047241211e-01
-1.644808650016784668e-01
-1.539964526891708374e-01
2.235184669494628906e+00
1.407784938812255859e+00
-4.140996187925338745e-02
4.505382776260375977e-01
2.264164388179779053e-01
6.985974907875061035e-01
2.780586183071136475e-01
-4.976812005043029785e-01
-3.123544715344905853e-02
2.347035855054855347e-01
6.794755905866622925e-02
1.946249045431613922e-02
3.250124931335449219e+00
2.710681259632110596e-01
3.132814764976501465e-01
-6.486060023307800293e-01
1.089270710945129395e+00
5.439471602439880371e-01
3.285898268222808838e-02
6.153423786163330078e-01
6.157130002975463867e-02
-3.880723714828491211e-01
-4.552555382251739502e-01
1.545503549277782440e-02
1.430801749229431152e-01
-5.263563990592956543e-01
7.193763256072998047e-01
-1.425718814134597778e-01
7.918765544891357422e-01
4.131220579147338867e-01
-1.413228362798690796e-01
1.752683520317077637e-01
3.268039524555206299e-01
1.282946228981018066e+00
1.584019660949707031e-01
-2.998839318752288818e-01
4.632743597030639648e-01
1.760471612215042114e-01
5.493611097335815430e-01
8.608477562665939331e-02
4.437886178493499756e-01
1.687358468770980835e-01
2.483945846557617188e+00
7.423854470252990723e-01
-6.945545226335525513e-02
2.164716087281703949e-02
-2.146167606115341187e-01
1.071980357170104980e+00
-8.784330636262893677e-02
6.881592869758605957e-01
3.821662366390228271e-01
-6.568318698555231094e-03
6.236749291419982910e-01
5.678862333297729492e-01
1.124039292335510254e-01
3.501240909099578857e-01
4.297355562448501587e-02
8.399102091789245605e-01
1.399399363435804844e-03
6.096321940422058105e-01
6.401222348213195801e-01
1.278279870748519897e-01
6.733463704586029053e-02
5.119103789329528809e-01
-1.290584057569503784e-01
9.004197716712951660e-01
-1.492349207401275635e-01
-1.419496685266494751e-01
4.410022497177124023e-02
5.276392698287963867e-01
3.765884935855865479e-01
-1.901449114084243774e-01
5.227502807974815369e-02
-1.949128955602645874e-01
2.567097544670104980e-01
-3.062301315367221832e-02
4.941248148679733276e-02
-2.254640758037567139e-01
5.124081969261169434e-01
5.061021447181701660e-01
2.340805530548095703e-01
1.469585537910461426e+00
2.144143283367156982e-01
2.127981632947921753e-01
1.093190431594848633e+00
3.730633258819580078e-01
2.741227746009826660e-01
5.981906056404113770e-01
3.818077147006988525e-01
1.151993963867425919e-02
6.681433320045471191e-02
-5.356783270835876465e-01
2.831923067569732666e-01
6.498896479606628418e-01
