-7.558624744415283203e-01
-7.961998581886291504e-01
-2.695142328739166260e-01
-4.208686053752899170e-01
-4.302798211574554443e-01
-6.802607327699661255e-02
-3.896351456642150879e-01
-6.277263164520263672e-01
-1.320662349462509155e-01
-1.769752949476242065e-01
-2.186184078454971313e-01
5.251240134239196777e-01
-2.469442188739776611e-01
4.044114053249359131e-01
6.432042270898818970e-02
8.397446572780609131e-02
-3.254112601280212402e-01
-3.287994563579559326e-01
-8.677689731121063232e-02
-4.502438008785247803e-01
-2.853425741195678711e-01
1.066254734992980957e+00
1.684148758649826050e-01
-9.871718287467956543e-02
-4.057816267013549805e-01
-3.262577354907989502e-01
-1.829100549221038818e-01
-2.583540976047515869e-01
2.504129409790039062e-01
1.124222725629806519e-01
-3.526672720909118652e-01
-3.656430244445800781e-01
2.349158823490142822e-01
-8.114637732505798340e-01
-2.850367426872253418e-01
2.292593568563461304e-01
-2.160320430994033813e-01
3.993967473506927490e-01
-3.082532882690429688e-01
-3.823997080326080322e-01
-2.325298488140106201e-01
-3.894760012626647949e-01
-2.541993558406829834e-01
-3.624289035797119141e-01
-1.648097112774848938e-02
-2.361208349466323853e-01
-4.665820896625518799e-01
-3.331694900989532471e-01
-9.347473829984664917e-02
1.573018729686737061e-02
-3.703952729701995850e-01
-1.856071203947067261e-01
-1.072425842285156250e-01
-3.914158642292022705e-01
8.511055111885070801e-01
-7.288903594017028809e-01
-7.899577021598815918e-01
-5.411751270294189453e-01
-2.098519653081893921e-01
1.240881606936454773e-01
-5.971299409866333008e-01
-2.772042453289031982e-01
-6.189650297164916992e-01
-2.866964936256408691e-01
-1.066791340708732605e-01
-1.410169005393981934e-01
1.323019266128540039e-01
-2.076964527368545532e-01
-3.669973015785217285e-01
-2.711869478225708008e-01
2.371306121349334717e-01
-1.550510246306657791e-02
-2.192114293575286865e-01
-5.357722043991088867e-01
-1.289379000663757324e-01
-8.309578299522399902e-01
-4.795884713530540466e-02
6.790423393249511719e-02
-1.051255092024803162e-01
-4.493770375847816467e-02
8.851031661033630371e-01
3.060990273952484131e-01
-1.046174913644790649e-01
1.352157354354858398e+00
-6.230673193931579590e-02
-1.030562892556190491e-01
-1.004255786538124084e-01
1.449697315692901611e-01
-6.329563260078430176e-01
-3.730172291398048401e-02
-2.826280891895294189e-01
-1.836827248334884644e-01
-6.150123476982116699e-01
-2.983883321285247803e-01
-2.617668211460113525e-01
-7.082664966583251953e-01
-1.751539111137390137e-01
-1.674547344446182251e-01
-6.067224740982055664e-01
1.634597182273864746e-01
-3.058043718338012695e-01
6.156767532229423523e-02
-2.029790133237838745e-01
-1.426451504230499268e-01
-1.833127737045288086e-01
-1.048314794898033142e-01
-7.087899744510650635e-02
-1.345823407173156738e-01
-4.091347381472587585e-02
1.032483726739883423e-01
-4.195708632469177246e-01
-2.122488021850585938e-01
-4.116137325763702393e-01
-2.125259041786193848e-01
9.019349701702594757e-03
-8.053760975599288940e-02
6.254556588828563690e-03
-1.681594848632812500e-01
-4.007148146629333496e-01
-5.102337002754211426e-01
-5.463846921920776367e-01
-4.884165227413177490e-01
1.358442157506942749e-01
2.270963042974472046e-01
-4.359033703804016113e-01
-3.960259854793548584e-01
-4.714070260524749756e-01
-4.143977165222167969e-02
4.057171940803527832e-01
-1.187048479914665222e-01
1.014465317130088806e-01
1.987905940040946007e-03
5.147514343261718750e-01
1.097426488995552063e-01
9.348295629024505615e-02
2.328827232122421265e-01
2.140192240476608276e-01
1.217315196990966797e-01
-2.193850576877593994e-01
-4.138059914112091064e-01
3.601857125759124756e-01
7.247635163366794586e-03
8.366972953081130981e-02
1.831175088882446289e-01
1.802941411733627319e-01
7.657629251480102539e-02
3.153474032878875732e-01
4.141139686107635498e-01
1.163738034665584564e-02
-7.408025860786437988e-01
1.679787784814834595e-01
-1.023639887571334839e-01
-8.244593441486358643e-02
-7.738714665174484253e-02
-6.491817533969879150e-02
3.338412940502166748e-01
3.006565868854522705e-01
3.665423393249511719e-01
2.404005080461502075e-01
-3.517092205584049225e-03
-2.448547258973121643e-02
-1.395534574985504150e-01
4.739326238632202148e-01
-2.446087896823883057e-01
2.507535219192504883e-01
6.682953983545303345e-02
4.768477976322174072e-01
1.560186147689819336e-01
1.698903590440750122e-01
3.531461358070373535e-01
4.781169071793556213e-02
9.635451436042785645e-02
-1.054851189255714417e-01
-5.893284454941749573e-02
4.076162874698638916e-01
1.385733187198638916e-01
1.093086525797843933e-01
-2.742647528648376465e-01
1.342196613550186157e-01
-1.410598307847976685e-02
6.086370944976806641e-01
-1.144021302461624146e-01
-5.111142992973327637e-01
-5.027652978897094727e-01
5.882465839385986328e-01
3.227084130048751831e-02
-5.319862067699432373e-02
6.244249343872070312e-01
2.275931686162948608e-01
1.903818845748901367e-01
1.513284742832183838e-01
1.602565944194793701e-01
-2.262762002646923065e-02
5.256709456443786621e-01
1.295235455036163330e-01
-3.127757227048277855e-03
1.069919094443321228e-01
-6.795678753405809402e-03
-1.954498738050460815e-01
-7.534974068403244019e-02
1.780144721269607544e-01
5.159149169921875000e-01
-1.642022281885147095e-02
1.225288733839988708e-01
2.943132221698760986e-01
2.057632803916931152e-02
-1.061700358986854553e-01
-8.142075687646865845e-02
-1.056305289268493652e+00
2.476440668106079102e-01
1.777212321758270264e-01
-9.245339035987854004e-01
-9.812549501657485962e-02
-4.872109368443489075e-02
1.975306682288646698e-02
2.765838205814361572e-01
4.651313722133636475e-01
2.597709558904170990e-02
6.276237219572067261e-02
-1.591849923133850098e-01
3.006716668605804443e-01
2.296894341707229614e-01
1.063663661479949951e-01
-3.570947423577308655e-02
-8.615282177925109863e-02
5.466135218739509583e-02
5.373224616050720215e-01
1.836383342742919922e-02
2.182132154703140259e-01
4.402851313352584839e-02
1.428171843290328979e-01
-1.483412683010101318e-01
4.809761419892311096e-02
-4.106681346893310547e-01
1.807027161121368408e-01
2.262086570262908936e-01
-5.322081968188285828e-02
-5.979225412011146545e-02
2.155526168644428253e-02
1.402601450681686401e-01
8.167237043380737305e-02
-1.763904094696044922e-01
-4.844194650650024414e-02
2.183492332696914673e-01
5.219104886054992676e-01
1.434121839702129364e-02
-6.814327836036682129e-01
3.898609578609466553e-01
-4.668950289487838745e-02
3.622927665710449219e-01
-1.703545153141021729e-01
2.159946262836456299e-01
2.255450189113616943e-01
2.713151276111602783e-01
3.201722204685211182e-01
1.762477904558181763e-01
6.689895875751972198e-03
8.092051744461059570e-02
3.071377575397491455e-01
1.616415530443191528e-01
-4.180819392204284668e-01
-2.150603756308555603e-02
-2.099167555570602417e-02
-1.045958325266838074e-01
1.295039206743240356e-01
-2.803014814853668213e-01
1.597076356410980225e-01
-5.187595263123512268e-02
-5.182778090238571167e-02
-4.757431149482727051e-01
-5.304275751113891602e-01
-2.927367091178894043e-01
1.360870450735092163e-01
-6.317031383514404297e-02
3.940648436546325684e-01
-3.146738111972808838e-01
2.174866199493408203e-01
6.427266448736190796e-02
-4.430084824562072754e-01
4.414142668247222900e-01
-7.100138068199157715e-02
-6.441602855920791626e-02
-2.130317986011505127e-01
-1.067254543304443359e-01
5.839795470237731934e-01
-4.970833063125610352e-01
1.727456599473953247e-01
-3.801974654197692871e-01
1.374026536941528320e-01
1.384073495864868164e-01
-3.722009807825088501e-02
3.244892358779907227e-01
-1.241037398576736450e-01
-1.335613280534744263e-01
2.682565748691558838e-01
-2.658449113368988037e-02
7.259243726730346680e-02
-2.578867673873901367e-01
6.848599016666412354e-02
9.930910915136337280e-02
4.522469639778137207e-02
-2.087459117174148560e-01
1.846937239170074463e-01
-1.014712825417518616e-01
1.655348241329193115e-01
2.240166813135147095e-01
-1.272464096546173096e-01
7.300807535648345947e-02
-1.966469436883926392e-01
1.586279422044754028e-01
-1.924506723880767822e-01
-6.309056282043457031e-02
1.290190964937210083e-01
-3.709763884544372559e-01
2.784223258495330811e-01
-5.344923138618469238e-01
2.564462721347808838e-01
-8.593129925429821014e-03
9.065663814544677734e-02
-1.003189384937286377e-01
2.032536566257476807e-01
-3.173308074474334717e-01
-2.203675806522369385e-01
-1.383005082607269287e-01
7.516402751207351685e-02
-1.145470440387725830e-01
3.849266767501831055e-01
2.453557401895523071e-01
3.270555734634399414e-01
-1.789174377918243408e-01
-1.334893852472305298e-01
-6.887220591306686401e-02
-2.535809874534606934e-01
-1.732281446456909180e-01
-1.800951659679412842e-01
4.216136783361434937e-02
-9.061676263809204102e-02
-5.842805504798889160e-01
1.051529776304960251e-02
1.909571699798107147e-02
-2.291961163282394409e-01
-1.660080254077911377e-01
7.836759090423583984e-02
3.455947041511535645e-01
-1.437392383813858032e-01
4.933335781097412109e-01
-8.917689323425292969e-02
4.886716604232788086e-03
1.545199155807495117e-01
-1.647878587245941162e-01
7.238624244928359985e-02
1.258510397747159004e-03
-2.205754816532135010e-01
-3.426545262336730957e-01
8.434171229600906372e-02
6.735222041606903076e-02
8.421427756547927856e-02
8.025683462619781494e-02
-1.752088218927383423e-02
-2.067349292337894440e-02
3.744907975196838379e-01
1.729775220155715942e-01
3.165483176708221436e-01
-8.423584699630737305e-02
3.914626240730285645e-01
-2.327424138784408569e-01
-5.215495452284812927e-02
7.405667006969451904e-02
4.033457636833190918e-01
2.115988731384277344e-01
-2.047509700059890747e-01
-2.691558301448822021e-01
4.888019263744354248e-01
9.583356976509094238e-02
-3.903963565826416016e-01
-1.839675381779670715e-02
1.381013393402099609e-01
-3.116119205951690674e-01
-1.721073985099792480e-01
4.096579179167747498e-02
9.951916337013244629e-02
6.241164519451558590e-04
5.947986990213394165e-02
3.416657075285911560e-02
-2.312010824680328369e-01
8.798183202743530273e-01
2.342899143695831299e-01
1.124107241630554199e-01
-2.084427624940872192e-01
-2.166640385985374451e-02
4.274567365646362305e-01
-2.376887202262878418e-01
-3.079288005828857422e-01
3.428722545504570007e-02
-7.761473655700683594e-01
1.201471924781799316e+00
-9.597633033990859985e-03
2.831560969352722168e-01
1.228049695491790771e-01
-1.202873609145171940e-04
-3.726080432534217834e-02
-2.287163166329264641e-03
1.914716362953186035e-01
8.191596716642379761e-02
-9.403309226036071777e-02
1.320461392402648926e+00
-9.495019167661666870e-02
3.179241716861724854e-01
1.549488008022308350e-01
-1.079456135630607605e-01
-8.425294607877731323e-02
-8.086279034614562988e-03
-1.660147309303283691e-01
-1.671866327524185181e-01
8.925429731607437134e-02
1.951183527708053589e-01
1.760162413120269775e-01
-4.427933320403099060e-02
-1.102905720472335815e-02
-1.688932813704013824e-02
1.110571175813674927e-01
-7.664752006530761719e-02
-1.980865448713302612e-01
9.870288521051406860e-02
1.970273256301879883e-01
2.525119483470916748e-02
1.579100638628005981e-01
4.840507358312606812e-02
4.139387011528015137e-01
7.948946207761764526e-02
1.457293778657913208e-01
5.522639676928520203e-02
4.465243816375732422e-01
3.170218765735626221e-01
-5.237209144979715347e-03
1.382067650556564331e-01
-5.054660886526107788e-02
5.949205756187438965e-01
3.425740301609039307e-01
-1.319913268089294434e-01
1.758347153663635254e-01
1.070811077952384949e-01
4.350459203124046326e-02
9.955294430255889893e-02
8.685147017240524292e-02
-2.819826900959014893e-01
-9.781393408775329590e-02
-1.738483458757400513e-01
-8.558112382888793945e-02
-2.496367320418357849e-02
-2.021028697490692139e-01
1.173240244388580322e-01
-3.301862180233001709e-01
3.012085556983947754e-01
3.352689743041992188e-01
-1.187471151351928711e-01
1.113449856638908386e-01
-9.090817719697952271e-02
1.997652649879455566e-01
9.809523820877075195e-02
7.888221740722656250e-02
1.853089928627014160e-01
2.374453991651535034e-01
1.685530543327331543e-01
9.687122106552124023e-01
-7.644587010145187378e-02
1.018276251852512360e-02
1.150701045989990234e+00
-1.113662123680114746e-01
-1.977507025003433228e-01
-1.296694427728652954e-01
-6.970039755105972290e-02
1.066852807998657227e-01
2.723326981067657471e-01
1.492446064949035645e-01
3.370631858706474304e-02
2.671230733394622803e-01
-1.751573979854583740e-01
9.356240183115005493e-02
2.087954878807067871e-01
-1.063652113080024719e-01
6.429520994424819946e-02
9.156166017055511475e-02
-2.081288993358612061e-01
-9.072272479534149170e-02
-1.836192756891250610e-01
-1.131713390350341797e-01
8.947563171386718750e-02
-5.901142954826354980e-02
2.634137868881225586e-01
-1.355812996625900269e-01
-2.172792516648769379e-02
-5.194576829671859741e-02
4.832015186548233032e-02
-4.199961945414543152e-02
-1.064665243029594421e-01
8.163341879844665527e-01
1.866845600306987762e-02
5.207815021276473999e-02
1.315230876207351685e-01
1.613645628094673157e-02
7.311728000640869141e-01
7.761251926422119141e-01
1.962797045707702637e-01
-6.027957424521446228e-02
3.315797150135040283e-01
1.041522473096847534e-01
6.663484126329421997e-02
1.897883862257003784e-01
3.677878528833389282e-02
-6.571188569068908691e-02
3.146831393241882324e-01
