-5.895018577575683594e-03
5.895196273922920227e-02
1.170182600617408752e-01
1.410411018878221512e-02
3.368990123271942139e-02
-9.187231957912445068e-02
-5.322613567113876343e-02
5.044858902692794800e-02
1.527855694293975830e-01
3.325970098376274109e-02
1.475515495985746384e-02
2.590049505233764648e-01
4.255277290940284729e-02
1.182748973369598389e-01
1.313147991895675659e-01
6.173048913478851318e-02
4.836824163794517517e-02
5.524456873536109924e-02
1.259042322635650635e-01
2.012845128774642944e-02
1.319049745798110962e-01
2.516886591911315918e-01
7.752046734094619751e-02
-4.142623860388994217e-03
7.462787628173828125e-02
-5.416497122496366501e-03
8.824700117111206055e-02
7.543525844812393188e-02
4.548858851194381714e-02
1.261574178934097290e-01
7.713132351636886597e-02
2.175221443176269531e-01
-1.757190823554992676e-01
2.677048146724700928e-01
1.953122392296791077e-02
4.421427845954895020e-02
7.573076337575912476e-02
1.921849548816680908e-01
1.048843264579772949e-01
4.706715047359466553e-01
1.146698556840419769e-02
8.674854785203933716e-02
-1.505105569958686829e-02
1.358447372913360596e-01
-2.575884200632572174e-02
-7.334807515144348145e-02
9.099249541759490967e-02
1.880644410848617554e-01
1.407211869955062866e-01
1.404476612806320190e-01
-2.101859152317047119e-01
2.239434868097305298e-01
-7.965043932199478149e-02
-6.455682963132858276e-02
3.501438200473785400e-01
8.275536447763442993e-02
2.699981257319450378e-02
-1.718153208494186401e-01
1.211890652775764465e-01
-1.042503025382757187e-02
1.342850774526596069e-01
5.485162511467933655e-02
4.438693225383758545e-01
1.222792863845825195e-01
5.168762058019638062e-02
1.502312570810317993e-01
3.003548458218574524e-02
-1.213460713624954224e-01
9.466835111379623413e-02
-3.712681680917739868e-02
3.483041748404502869e-02
7.633838057518005371e-02
1.241080686450004578e-01
1.892796456813812256e-01
4.215311259031295776e-02
1.729658395051956177e-01
1.053636297583580017e-01
1.639285981655120850e-01
1.288309246301651001e-01
4.220948219299316406e-01
3.149704774841666222e-03
2.781703881919384003e-02
-7.052689045667648315e-02
1.130114682018756866e-02
2.400260567665100098e-01
3.575678467750549316e-01
6.536182481795549393e-03
4.036812484264373779e-02
1.273998618125915527e-01
-4.284263774752616882e-02
-8.677933365106582642e-02
5.645814538002014160e-02
8.394198864698410034e-02
5.250907316803932190e-02
1.272011250257492065e-01
-1.464432757347822189e-02
-4.098956007510423660e-03
3.096697852015495300e-02
1.089918091893196106e-01
-3.395922109484672546e-02
-4.779540374875068665e-02
9.713470935821533203e-02
8.873683959245681763e-02
-2.252522408962249756e-01
-1.950479112565517426e-02
4.645369574427604675e-02
6.030013412237167358e-02
5.556927993893623352e-02
-2.643283456563949585e-02
7.108963280916213989e-02
1.075586304068565369e-01
1.279589086771011353e-01
1.070109307765960693e-01
-7.244177162647247314e-02
-6.090264022350311279e-02
1.539588123559951782e-01
4.397412389516830444e-02
2.317964583635330200e-01
2.327870279550552368e-01
1.482667867094278336e-03
4.094429314136505127e-02
3.746616095304489136e-02
5.482259020209312439e-02
7.906217873096466064e-02
1.841453015804290771e-01
-1.438104808330535889e-01
1.462892144918441772e-01
2.399193197488784790e-01
-5.676746834069490433e-03
-3.603092953562736511e-02
-4.718364030122756958e-02
9.050052613019943237e-02
1.289572846144437790e-02
5.373015999794006348e-02
1.065965071320533752e-01
7.639624178409576416e-02
-5.367696285247802734e-02
2.073714584112167358e-01
1.001880466938018799e-01
1.446470320224761963e-01
2.438433766365051270e-01
5.630369484424591064e-02
1.782933175563812256e-01
3.716935461852699518e-04
3.460340499877929688e-01
7.444195798598229885e-04
9.127668291330337524e-02
-6.410062313079833984e-02
1.040504202246665955e-01
6.540111452341079712e-02
-3.466409146785736084e-01
-1.261267662048339844e-01
-1.916358917951583862e-01
6.015476584434509277e-01
-2.218289375305175781e-01
-2.500853734090924263e-03
-2.124913223087787628e-02
2.521947324275970459e-01
-4.298860430717468262e-01
1.766098439693450928e-01
-4.083916842937469482e-01
-2.178922742605209351e-01
6.246008351445198059e-02
-2.255516350269317627e-01
-5.365508794784545898e-01
-1.086530834436416626e-01
3.122569024562835693e-01
5.410463213920593262e-01
2.797963023185729980e-01
1.658619046211242676e-01
-2.962224557995796204e-02
1.704638078808784485e-02
1.489223092794418335e-01
5.585653185844421387e-01
3.321748375892639160e-01
4.942546486854553223e-01
-2.218953520059585571e-01
5.123615860939025879e-01
-1.990111619234085083e-01
-2.782193012535572052e-02
-2.080171704292297363e-01
-2.293154150247573853e-01
-3.082752972841262817e-02
6.985968947410583496e-01
2.248562406748533249e-03
6.254980806261301041e-03
2.001214325428009033e-01
1.706062108278274536e-01
-1.721722185611724854e-01
2.409615367650985718e-01
1.341006904840469360e-01
2.866916060447692871e-01
3.804191946983337402e-01
1.035681813955307007e-01
2.955791950225830078e-01
4.469601809978485107e-01
1.752483397722244263e-01
-5.087332800030708313e-02
-1.039050519466400146e-01
-1.607585139572620392e-02
-4.477477967739105225e-01
7.658371329307556152e-02
1.867569833993911743e-01
4.461683630943298340e-01
1.520386487245559692e-01
-2.235442548990249634e-01
1.626494340598583221e-02
8.820892125368118286e-02
8.552283793687820435e-02
-2.712083235383033752e-02
8.952793478965759277e-02
-1.447592824697494507e-01
1.148757562041282654e-01
1.703431159257888794e-01
1.686046123504638672e-01
1.104817837476730347e-01
2.764542996883392334e-01
2.769715785980224609e-01
-3.558976575732231140e-02
5.671679228544235229e-02
1.410836130380630493e-01
9.075950831174850464e-02
5.700025707483291626e-02
-3.972231745719909668e-01
8.892022818326950073e-02
-1.202145889401435852e-01
1.232060715556144714e-01
-2.625907957553863525e-01
1.865407079458236694e-01
3.162678563967347145e-03
1.038197875022888184e-01
3.400096297264099121e-02
1.428834646940231323e-01
-4.045276343822479248e-02
-4.479488730430603027e-01
-2.131002545356750488e-01
-1.002319902181625366e-01
-3.418646752834320068e-01
-5.326245427131652832e-01
7.635033875703811646e-02
5.438292399048805237e-02
2.648714184761047363e-01
-2.924852631986141205e-02
-9.645219147205352783e-02
5.643457770347595215e-01
3.337846696376800537e-02
-2.715112864971160889e-01
2.590889632701873779e-01
3.973731026053428650e-02
9.269571304321289062e-02
-3.403465747833251953e-01
-1.422633826732635498e-01
1.464183330535888672e-01
-3.836292028427124023e-01
-1.805305294692516327e-02
-3.584193065762519836e-02
-1.108958013355731964e-02
1.790017038583755493e-01
-1.408874839544296265e-01
8.614996820688247681e-02
-4.451534152030944824e-02
-3.700128495693206787e-01
-2.425751388072967529e-01
7.038857042789459229e-02
1.335392445325851440e-01
-1.668172031641006470e-01
7.473676651716232300e-02
-5.105959773063659668e-01
-5.913709755986928940e-03
4.183896183967590332e-01
3.673841655254364014e-01
-5.091688036918640137e-01
1.845801919698715210e-01
3.119369149208068848e-01
-4.925964772701263428e-02
3.341768980026245117e-01
-5.271655321121215820e-01
-6.077873706817626953e-02
3.415855765342712402e-01
-2.312739193439483643e-02
2.287721261382102966e-02
-8.573717623949050903e-02
-1.246517673134803772e-01
-9.915448725223541260e-02
-7.199069857597351074e-02
-2.866981625556945801e-01
3.232253789901733398e-01
-4.878716468811035156e-01
-1.533298194408416748e-01
1.722250878810882568e-01
-3.305381536483764648e-01
-7.716394215822219849e-02
3.113255500793457031e-01
2.890701889991760254e-01
-9.428561478853225708e-02
-2.665081620216369629e-01
2.346696890890598297e-02
-5.573661252856254578e-02
2.527624666690826416e-01
2.023015022277832031e-01
-3.143235296010971069e-02
-4.556891694664955139e-02
-4.530480131506919861e-03
-3.348315367475152016e-03
2.412222176790237427e-01
-9.093967825174331665e-02
-7.558682560920715332e-02
6.009686365723609924e-02
1.550044566392898560e-01
-1.326921731233596802e-01
2.655040100216865540e-02
1.422858387231826782e-01
6.504688411951065063e-02
1.230649501085281372e-01
1.935625970363616943e-01
4.311941564083099365e-02
1.302322149276733398e-01
-4.117338731884956360e-02
1.940960180945694447e-03
3.719054907560348511e-02
-3.076377138495445251e-02
9.898815304040908813e-02
1.587207764387130737e-01
4.862554743885993958e-02
7.276496291160583496e-02
6.214064359664916992e-02
3.841217756271362305e-01
-1.472672224044799805e-01
-3.270717859268188477e-01
1.654018610715866089e-01
1.101651191711425781e-01
-1.689384132623672485e-01
-1.661572232842445374e-02
5.876164510846138000e-02
-4.317948594689369202e-02
-3.216421902179718018e-01
1.670217141509056091e-02
-1.205180659890174866e-01
-6.806401163339614868e-02
-3.291823863983154297e-01
3.338877484202384949e-02
9.533153474330902100e-02
-1.018849462270736694e-01
-1.706577464938163757e-02
-2.315545640885829926e-02
9.362372010946273804e-02
-9.107462828978896141e-04
1.257681287825107574e-03
9.910833835601806641e-02
2.704469859600067139e-01
9.454973787069320679e-02
-2.015795707702636719e-01
1.070358753204345703e-01
-5.396163463592529297e-02
-8.143087476491928101e-02
7.916545122861862183e-02
-1.916054785251617432e-01
-8.481317199766635895e-03
2.447970397770404816e-02
-2.613910660147666931e-02
3.527281433343887329e-02
-3.254212439060211182e-02
3.051491975784301758e-01
-1.062633320689201355e-01
1.534777283668518066e-01
-5.246190354228019714e-02
6.653179973363876343e-02
-2.839148603379726410e-02
3.565442934632301331e-02
2.782284468412399292e-02
6.125296279788017273e-02
2.405148297548294067e-01
-3.520865365862846375e-02
-2.740108668804168701e-01
5.215213634073734283e-03
-1.160027906298637390e-01
1.524442434310913086e-01
-6.144387274980545044e-02
8.822647482156753540e-02
6.941798925399780273e-01
-1.971070617437362671e-01
2.600376307964324951e-01
-3.884999752044677734e-01
-5.021074041724205017e-02
7.719532400369644165e-02
1.042160391807556152e-01
-3.406980633735656738e-01
3.088199198246002197e-01
2.429092526435852051e-01
-2.913746796548366547e-02
-3.302133455872535706e-02
1.525717973709106445e-01
4.534029960632324219e-01
-6.131914630532264709e-02
-1.286121755838394165e-01
-3.675102069973945618e-02
-5.477073788642883301e-02
1.140913814306259155e-01
-6.745962798595428467e-02
9.426771849393844604e-02
3.350438177585601807e-01
-4.068362340331077576e-02
-1.380888372659683228e-01
1.788096427917480469e-01
2.242666333913803101e-01
2.630994655191898346e-02
-1.578616052865982056e-01
-3.680173680186271667e-02
1.887199431657791138e-01
-4.500589519739151001e-02
6.320081651210784912e-02
-5.056248977780342102e-02
1.368872225284576416e-01
3.489112108945846558e-02
1.162385940551757812e-01
-1.048958301544189453e-01
2.195647917687892914e-02
-1.176391318440437317e-01
2.975136935710906982e-01
-3.734366595745086670e-02
1.486520320177078247e-01
-1.081535741686820984e-01
-8.576621115207672119e-02
-2.530956082046031952e-02
1.175169497728347778e-01
-2.997530857101082802e-03
1.641364544630050659e-01
-1.331167817115783691e-01
-9.836962074041366577e-02
1.271914839744567871e-01
3.447100892663002014e-02
2.700493633747100830e-01
-1.696589142084121704e-01
-3.436743095517158508e-02
2.961238920688629150e-01
2.392607331275939941e-01
-9.545581042766571045e-02
-2.492673993110656738e-01
1.217928249388933182e-02
5.748802050948143005e-02
1.110731586813926697e-01
-8.325137943029403687e-02
-4.054402559995651245e-02
-4.481767490506172180e-02
-1.452574431896209717e-01
9.084787964820861816e-02
8.181726187467575073e-02
1.405077427625656128e-01
4.086597263813018799e-02
2.590322792530059814e-01
