3.087015822529792786e-02
2.862236462533473969e-02
9.827675670385360718e-02
4.862180724740028381e-02
-5.049105733633041382e-02
-1.852208077907562256e-01
-1.767704635858535767e-02
-5.967158451676368713e-02
6.980337947607040405e-02
1.671198382973670959e-02
6.047921627759933472e-02
1.182503923773765564e-01
1.288253664970397949e-01
1.465799361467361450e-01
5.551742017269134521e-02
1.866161823272705078e-02
-6.262436509132385254e-03
3.727100789546966553e-02
1.722113043069839478e-02
1.440206021070480347e-01
1.983014792203903198e-01
1.530077755451202393e-01
8.600619435310363770e-02
6.096988916397094727e-02
-3.080760873854160309e-02
-4.660429898649454117e-03
1.748013943433761597e-01
4.458437114953994751e-02
1.339810192584991455e-01
1.731245964765548706e-01
6.403998122550547123e-04
2.179722040891647339e-01
-1.987580507993698120e-01
1.758273988962173462e-01
8.424008637666702271e-02
-5.826679989695549011e-02
8.508259430527687073e-03
1.429185867309570312e-01
8.156426250934600830e-02
4.285242855548858643e-01
-2.986945211887359619e-03
9.684574604034423828e-02
-2.464971132576465607e-02
1.145088374614715576e-01
6.996214389801025391e-02
-3.293489664793014526e-02
7.364602386951446533e-02
6.349360197782516479e-02
1.427174508571624756e-01
8.947633206844329834e-02
-2.047018408775329590e-01
2.601846754550933838e-01
-2.811919525265693665e-02
-5.429745465517044067e-02
3.200971484184265137e-01
1.713776141405105591e-01
1.116115525364875793e-01
-9.975218027830123901e-02
1.106763780117034912e-01
-2.353057265281677246e-02
1.235480383038520813e-01
4.055991023778915405e-02
5.059171915054321289e-01
1.230866163969039917e-01
7.759538292884826660e-02
5.460228770971298218e-03
1.616342924535274506e-02
-9.072384238243103027e-02
1.010829955339431763e-01
-1.492900960147380829e-02
7.287338376045227051e-02
5.403256043791770935e-02
9.099988639354705811e-02
2.983816564083099365e-01
-2.248151041567325592e-02
7.211452722549438477e-02
1.927705481648445129e-02
7.813172414898872375e-03
1.250197738409042358e-01
3.951996266841888428e-01
-9.546182304620742798e-02
-6.367793306708335876e-03
3.724957257509231567e-02
1.272720471024513245e-02
2.365545630455017090e-01
2.843013107776641846e-01
7.182062603533267975e-03
1.149171143770217896e-01
2.441139519214630127e-01
6.994081288576126099e-02
-6.778521835803985596e-02
1.430602669715881348e-01
1.442105472087860107e-01
9.327954798936843872e-02
1.081064343452453613e-01
1.227602511644363403e-01
4.014293849468231201e-02
9.883949160575866699e-02
5.380535498261451721e-02
-8.215391635894775391e-02
-1.554366573691368103e-02
5.037154629826545715e-02
1.105873137712478638e-01
-3.066945672035217285e-01
8.288646489381790161e-02
9.682539105415344238e-02
3.336130408570170403e-03
-1.073505450040102005e-02
-2.657203003764152527e-02
1.259852349758148193e-01
8.685517311096191406e-02
1.384660154581069946e-01
9.990590810775756836e-02
-5.135322734713554382e-02
-2.529751276597380638e-03
1.257588714361190796e-01
8.267152309417724609e-02
1.401998996734619141e-01
1.199978962540626526e-01
3.969650715589523315e-02
7.804082334041595459e-02
7.900091260671615601e-02
-4.989557713270187378e-02
1.949767349287867546e-03
1.195731014013290405e-01
-1.869767755270004272e-01
1.645251214504241943e-01
1.087842509150505066e-01
1.046953722834587097e-01
-5.727008730173110962e-02
-6.397575139999389648e-02
6.150225549936294556e-02
-5.933469533920288086e-02
1.715770661830902100e-01
7.940261065959930420e-02
2.022778093814849854e-01
-6.223522871732711792e-02
2.106955796480178833e-01
1.254155337810516357e-01
-1.874980051070451736e-03
2.600350379943847656e-01
1.009925752878189087e-01
1.482961326837539673e-01
5.095346271991729736e-02
3.296647369861602783e-01
8.650545030832290649e-02
1.313862502574920654e-01
2.242731861770153046e-02
1.612488031387329102e-01
1.095368117094039917e-01
-4.407195746898651123e-01
-1.764294952154159546e-01
-2.176654338836669922e-01
4.727628529071807861e-01
-3.235408663749694824e-01
1.443156599998474121e-02
-7.659328728914260864e-02
1.302503347396850586e-01
-5.225260257720947266e-01
1.769126355648040771e-01
-4.929164350032806396e-01
-1.516768634319305420e-01
4.546743258833885193e-02
-2.762760818004608154e-01
-5.197187662124633789e-01
-1.859665215015411377e-01
3.418121933937072754e-01
6.162550449371337891e-01
2.110139727592468262e-01
1.886192411184310913e-01
-1.192328184843063354e-01
-1.518868468701839447e-02
9.978581964969635010e-02
5.196652412414550781e-01
2.868853807449340820e-01
5.098486542701721191e-01
-2.304657101631164551e-01
5.246556997299194336e-01
-7.827661186456680298e-02
-3.179368376731872559e-02
-3.154094219207763672e-01
-3.332930803298950195e-01
7.463207095861434937e-02
6.658791303634643555e-01
-8.131335489451885223e-03
9.145564585924148560e-02
1.894706934690475464e-01
2.708785533905029297e-01
-8.889313042163848877e-02
1.473068147897720337e-01
1.744261384010314941e-01
2.628382742404937744e-01
2.590945959091186523e-01
9.628546983003616333e-02
2.688776254653930664e-01
3.978775143623352051e-01
2.316564917564392090e-01
-4.818715900182723999e-02
-6.175929307937622070e-02
-9.573034476488828659e-04
-5.466079115867614746e-01
5.505872145295143127e-02
2.297557145357131958e-01
5.166425108909606934e-01
1.950451582670211792e-01
-1.146104261279106140e-01
-1.358603779226541519e-02
1.909924596548080444e-01
1.487375795841217041e-01
-6.207025423645973206e-02
1.984639167785644531e-01
-1.508323252201080322e-01
4.916137829422950745e-02
1.985624730587005615e-01
2.074328958988189697e-01
1.867937743663787842e-01
2.643840909004211426e-01
2.139072716236114502e-01
-9.751958400011062622e-02
6.651090830564498901e-02
1.509663313627243042e-01
7.271058857440948486e-02
1.864707171916961670e-01
-4.110170304775238037e-01
1.360941380262374878e-01
-2.161847800016403198e-01
8.900472521781921387e-02
-2.457538545131683350e-01
9.987084567546844482e-02
-1.411271840333938599e-02
7.145343720912933350e-02
4.679427668452262878e-02
-8.776652626693248749e-03
-7.500542700290679932e-02
-4.124753177165985107e-01
-2.275561988353729248e-01
-7.670336961746215820e-02
-3.238763511180877686e-01
-6.310585141181945801e-01
5.423010792583227158e-03
-6.887837499380111694e-02
2.357646673917770386e-01
-7.488741725683212280e-02
-4.110101982951164246e-02
5.820761919021606445e-01
1.333110332489013672e-01
-2.964049875736236572e-01
3.552975654602050781e-01
-5.693368613719940186e-02
1.280490010976791382e-01
-3.827775716781616211e-01
-1.294755786657333374e-01
1.965757161378860474e-01
-4.397765398025512695e-01
-1.596590280532836914e-01
-1.664248555898666382e-01
-3.803888335824012756e-02
2.944422364234924316e-01
-2.388791739940643311e-02
8.874292671680450439e-02
-2.052571624517440796e-02
-3.838679194450378418e-01
-1.733777523040771484e-01
9.536417573690414429e-02
1.819531470537185669e-01
-1.640150099992752075e-01
-1.293313037604093552e-02
-5.578922629356384277e-01
4.023719951510429382e-02
3.912090063095092773e-01
3.930878639221191406e-01
-4.951071739196777344e-01
1.794765144586563110e-01
3.108208179473876953e-01
9.179440885782241821e-02
2.774225771427154541e-01
-5.642489790916442871e-01
-9.702202677726745605e-02
3.385751843452453613e-01
4.667109251022338867e-02
4.731041193008422852e-02
-7.542769610881805420e-02
-1.540603786706924438e-01
-1.393150240182876587e-01
-4.567230492830276489e-02
-3.571074306964874268e-01
3.264341652393341064e-01
-4.238379597663879395e-01
-1.582858562469482422e-01
9.463937580585479736e-02
-3.654702901840209961e-01
-1.496605128049850464e-01
3.654313087463378906e-01
1.591379940509796143e-01
-8.163882046937942505e-02
-2.612335681915283203e-01
6.917784921824932098e-03
-3.841817006468772888e-02
3.013839721679687500e-01
1.480558812618255615e-01
1.924944669008255005e-02
-7.698400318622589111e-02
-5.725117027759552002e-02
9.867433458566665649e-02
3.594238460063934326e-01
3.860500454902648926e-02
-2.201447039842605591e-01
9.802062809467315674e-02
1.416050195693969727e-01
-8.904705941677093506e-02
9.859061241149902344e-02
2.539450228214263916e-01
1.376899182796478271e-01
9.474088996648788452e-02
-9.534675627946853638e-03
5.958071723580360413e-02
2.275437675416469574e-02
2.229239558801054955e-03
1.940628439188003540e-01
4.829912632703781128e-02
-2.378431260585784912e-01
-1.854387372732162476e-01
4.653217736631631851e-03
6.308290641754865646e-03
3.703147917985916138e-02
3.336637467145919800e-02
2.505455613136291504e-01
4.376938194036483765e-02
-1.702672094106674194e-01
1.253432333469390869e-01
3.968236446380615234e-01
-3.576671183109283447e-01
1.986811310052871704e-01
7.577197998762130737e-02
-3.011054992675781250e-01
4.754206538200378418e-01
5.773878842592239380e-02
-6.734564155340194702e-02
-3.769170492887496948e-02
-4.028041958808898926e-01
-1.761289983987808228e-01
4.993950575590133667e-02
-2.957420349121093750e-01
-1.116819009184837341e-01
-1.942631229758262634e-02
4.177486058324575424e-03
8.495480567216873169e-02
-1.803290694952011108e-01
-5.343010649085044861e-02
3.490962088108062744e-02
-1.934000104665756226e-01
-3.465991318225860596e-01
1.128719821572303772e-01
-1.766449064016342163e-01
-2.625414729118347168e-01
-6.294871121644973755e-02
-1.126522272825241089e-01
1.812742091715335846e-02
-2.604450285434722900e-02
3.005456551909446716e-02
3.107735887169837952e-02
-1.439140923321247101e-02
4.884906858205795288e-02
-2.848622500896453857e-01
-7.178031653165817261e-02
-2.670648396015167236e-01
9.440743923187255859e-02
-1.833931915462017059e-02
-1.677401214838027954e-01
4.356686770915985107e-02
-7.409166544675827026e-02
8.790499716997146606e-02
-9.594956040382385254e-02
-8.893057820387184620e-04
-2.517594583332538605e-02
-1.275026202201843262e-01
1.028206050395965576e-01
8.164935559034347534e-02
3.020566329360008240e-02
6.310742497444152832e-01
2.889753133058547974e-02
2.124252021312713623e-01
-1.633825600147247314e-01
-7.885209470987319946e-02
1.618387848138809204e-01
7.382140029221773148e-03
-2.215094715356826782e-01
2.215901911258697510e-01
1.077567189931869507e-01
-2.132661491632461548e-01
6.434714794158935547e-02
9.671830385923385620e-02
2.947446107864379883e-01
-1.748637259006500244e-01
-8.190314471721649170e-02
6.642465293407440186e-02
9.401543438434600830e-02
-1.964856684207916260e-02
-4.153672233223915100e-02
3.632096946239471436e-02
1.285111010074615479e-01
-1.104660928249359131e-01
1.596197485923767090e-02
2.942196726799011230e-01
7.273422181606292725e-02
1.171347945928573608e-01
-1.276580095291137695e-01
-1.003228053450584412e-01
8.034500479698181152e-02
-8.282228559255599976e-02
-1.940308660268783569e-01
9.060793556272983551e-03
3.806009888648986816e-02
-4.526636749505996704e-02
2.159251272678375244e-01
-5.586943589150905609e-03
-2.280568145215511322e-02
1.891521662473678589e-01
3.197663128376007080e-01
-1.217091679573059082e-01
1.754461377859115601e-01
-2.741528451442718506e-01
-8.100776374340057373e-02
-4.728868976235389709e-02
1.573687791824340820e-01
-1.200965270400047302e-01
1.570333093404769897e-01
-1.161193251609802246e-01
-5.463322624564170837e-02
-1.148279681801795959e-01
-2.097149491310119629e-01
2.789271473884582520e-01
-4.808522388339042664e-02
-1.341161876916885376e-01
7.168395072221755981e-02
-4.528877735137939453e-01
6.905916333198547363e-02
-2.651070058345794678e-01
-1.686426997184753418e-01
1.324302703142166138e-01
1.350057125091552734e-02
-2.163857370615005493e-01
1.156257539987564087e-01
-1.947373524308204651e-02
-2.107498608529567719e-02
-6.425784826278686523e-01
4.571748524904251099e-02
-1.763490028679370880e-02
-1.571150124073028564e-01
1.051463633775711060e-01
