-1.044733835442457348e-06
-1.949745893625731696e-07
6.414683895172856865e-08
-9.073970090867078397e-07
2.874930942198261619e-07
-8.927888188736687880e-07
8.186796094378223643e-07
3.096538137015159009e-07
1.078322725334146526e-06
4.034642131500731921e-08
1.776832618816115428e-07
-2.911699823471280979e-07
1.548020662767157773e-07
3.714653473707585363e-07
-3.060763020812373725e-08
1.010648063015651132e-07
3.855766550486805500e-08
-1.353493246369907865e-07
5.113859629091166425e-07
-3.346218875321937958e-07
2.493702027095423546e-07
2.782511998589143332e-09
-8.099097215108486125e-08
2.494820137144415639e-07
1.170642534020771564e-07
-2.775555572043231223e-07
8.170647447514056694e-07
-4.402331299502293405e-08
-2.704998962599347578e-07
2.990703364957880694e-07
-1.195188247038458940e-06
-5.450742079915471550e-08
-1.063068637563446828e-07
-3.794153826675028540e-07
-7.307074838536209427e-07
-4.395747623675561044e-07
1.019194314721971750e-06
4.088304876859183423e-07
3.166349316074956732e-08
-7.314031336136395112e-07
-1.407155991728359368e-07
1.202939529321156442e-06
-2.619536303427594248e-07
1.070646007406139688e-07
7.515763513765705284e-07
-1.520816681477299426e-07
7.532657377851137426e-07
4.172277101588406367e-07
-2.563886027928674594e-07
-1.254117876214877469e-07
1.060534486896358430e-06
-2.318428613534706528e-07
-1.408646710387984058e-07
-8.693361905898200348e-07
4.839583311877504457e-08
-6.438533546315738931e-07
-5.432854663922626060e-07
8.739820032133138739e-07
7.014414222794584930e-07
1.842420402908828692e-07
-7.511043236263503786e-07
-4.596113285515457392e-07
-8.898075520846759900e-07
-2.842137121206178563e-07
-3.427955164170271019e-07
1.345543267916582408e-07
4.724307700598728843e-07
-2.865987198674702086e-07
-1.465787562437981251e-07
-3.012069100805092603e-07
-4.631391732345946366e-07
4.058492493186349748e-07
-9.819285651246900670e-07
-5.555086346475945902e-08
1.213373934660921805e-07
-4.507669189024454681e-07
-9.838166903364253812e-08
-1.035491905554408731e-07
-4.124080277279063012e-08
-1.328897809571571997e-07
-4.297987032941819052e-08
1.815589030229602940e-07
6.717778546772024129e-07
-9.974808108381694183e-07
-1.772360747054335661e-07
-6.033578756614588201e-07
8.099097215108486125e-08
6.153326239655143581e-07
5.207272124607698061e-07
-4.620957270162762143e-07
5.477573381540423725e-07
-6.692935130558907986e-07
8.862797358233365230e-07
-5.639555311631738732e-08
2.832199541558111378e-08
7.711533100973610999e-08
-9.932573874493755284e-08
-6.722747514231741661e-08
5.967494587366672931e-08
1.265049149878905155e-07
-2.787480752886040136e-07
-8.164685141309746541e-07
2.782511820953459392e-08
4.054517432905413443e-08
-8.287910446824753308e-08
1.739069999118214582e-10
4.571269585085246945e-09
6.665109708592353854e-07
8.241203772740846034e-07
5.624649190849595470e-08
4.655241809814469889e-07
-2.085890145053781453e-07
1.860307889955947758e-07
5.029390308664005715e-07
-9.992199068165064091e-08
2.207128204645414371e-07
8.816587637738848571e-07
-1.657582089364950662e-07
2.107752834490383975e-07
9.291602509620133787e-08
1.010648063015651132e-07
5.849237254551553633e-07
5.460679517454991583e-07
1.048460376296134200e-06
1.095992956834379584e-06
-1.483675049485100317e-07
1.429018681164961890e-07
-7.950034159875940531e-07
1.448893698352549109e-07
4.396368922243709676e-07
-3.094550606874690857e-07
5.564526759371801745e-07
-4.988646296055776475e-08
-1.902045596580137499e-07
-2.412835442555660848e-07
-3.790427172134513967e-07
-3.398639591978280805e-08
1.120557271860889159e-06
1.116979774451465346e-06
8.764912706737959525e-08
2.355197636916273041e-08
6.204753049132705200e-07
6.773428822270943783e-07
7.691585272550582886e-02
2.739780597948993091e-07
-1.167909715604764642e-07
-6.285992526500194799e-07
4.634869696928944904e-07
-1.166667473739835259e-07
1.908504998482385417e-07
-4.820701633434509858e-07
-9.977292165785911493e-07
1.356016751378774643e-02
9.817152284085750580e-03
-4.292024584628961748e-07
-2.619972266256809235e-02
-3.686082834519766038e-07
-4.792250692844390869e-02
4.830639568353944924e-07
7.800474008945457172e-07
-1.854672096669673920e-02
-1.691369675427267794e-07
-4.964949563145637512e-03
-4.906909794044622686e-07
1.837451577557658311e-07
-4.148658737540245056e-02
-3.193074092268943787e-02
1.274089701473712921e-02
1.516717418326152256e-08
-8.629201911389827728e-03
1.415106112290231977e-07
-1.062025148712564260e-06
7.979846827765868511e-08
-2.193440683186054230e-02
1.470035407692193985e-02
-5.450742079915471550e-08
1.016950607299804688e-02
-4.534003750222836970e-08
-1.202925224788486958e-03
-2.546292543411254883e-02
-6.009232151882315520e-07
2.640901897166259005e-08
-4.471893966240259033e-09
2.722632326185703278e-02
-5.983282811939716339e-03
-2.281411326521265437e-07
1.372605841606855392e-02
9.699041214616954676e-08
1.837451577557658311e-07
-1.837327374687447445e-07
-1.583692850545048714e-03
-1.474234494480697322e-07
6.289470775300287642e-07
3.721609687090676744e-07
6.217920258677622769e-07
-1.794720105863234494e-07
-8.300251513719558716e-02
-6.492444981631706469e-07
2.602393855966056435e-08
6.685714703053236008e-03
1.850974629633128643e-03
9.726866210257867351e-07
-1.570131757944182027e-07
4.647776857018470764e-02
-8.399210855714045465e-07
-3.875641496620119142e-08
2.512210812710691243e-07
2.050115028850996168e-07
2.567612682469189167e-07
8.848388119986339007e-07
9.666247293353080750e-03
2.421707473695278168e-02
-1.443089824169874191e-02
9.072976325796844321e-08
2.301534891557821538e-07
-1.870245540658288519e-07
1.039963876792171504e-06
1.825353247113525867e-03
-8.976085297263125540e-08
-8.870250667314394377e-07
2.067369036376476288e-02
1.500568913570532459e-08
-1.118172235692327376e-06
1.724800094962120056e-02
-1.083498168736696243e-02
-6.070746108889579773e-03
9.410852612745657098e-07
-4.484362900257110596e-03
-2.305643400177359581e-03
2.903749987126502674e-07
-4.116447962587699294e-05
2.814311983456718735e-07
-2.404885321993788239e-07
1.559200484280154342e-07
-4.942933742313471157e-07
8.569143119530053809e-07
-2.464510657773644198e-07
-4.251280643075006083e-07
-9.520165633603028255e-08
-5.226222425699234009e-02
-1.258091442286968231e-02
-1.435904577374458313e-02
2.045164816081523895e-02
-6.756264250725507736e-03
2.171371318399906158e-02
-3.476268053054809570e-02
-8.313251100844354369e-07
-1.234988076248555444e-07
3.812500834465026855e-02
-7.978875190019607544e-02
1.218591165752513916e-07
-1.706491969525814056e-02
-2.226275391876697540e-02
6.320276924043355393e-08
3.286573570221662521e-03
1.291880522558130906e-07
1.128248497843742371e-02
-3.796141356815496692e-08
6.434807460209412966e-07
-6.264626790652982891e-07
7.304093685434054350e-08
-3.867572377203032374e-05
1.121451660424099828e-07
-4.967777726960775908e-07
-1.055963252838409971e-06
4.281093310964934062e-07
4.910134896636009216e-02
-1.182567554991464931e-08
-1.172629993106966140e-07
4.387644119560718536e-03
2.864496764232171699e-07
-9.204648563354567159e-07
-1.380622734359349124e-06
8.092637813206238206e-07
7.992183789610862732e-03
7.128199399630830158e-07
7.716501926324781380e-08
6.022399361427233089e-07
-9.843328036367893219e-03
9.935292415320873260e-03
8.385909348726272583e-02
1.513829571194946766e-03
6.164506203276687302e-07
-1.279707078083447414e-07
3.089698031544685364e-03
-4.144700653796462575e-07
-9.337171912193298340e-03
8.967751264572143555e-02
8.337598274010815658e-07
-1.840060264157727943e-07
1.283666118979454041e-02
-2.442647826228494523e-07
4.823683070753759239e-07
3.219397272914648056e-03
-6.638278193804580951e-08
1.049006982611899730e-06
-1.243310805421060650e-07
2.276128716766834259e-02
6.802247867199184839e-07
-6.012213304984470597e-08
3.397716209292411804e-02
1.000427454710006714e-01
2.859238721430301666e-02
3.393607959151268005e-02
6.476280838251113892e-02
-2.763298340141773224e-02
-2.893290296196937561e-02
6.966787576675415039e-02
-8.704035542905330658e-03
-8.720736950635910034e-02
-1.325331777334213257e-01
-7.000951096415519714e-03
1.200080011039972305e-02
9.229572117328643799e-02
1.091231591999530792e-02
1.554232686758041382e-01
7.067794795148074627e-04
7.624810189008712769e-02
9.818740934133529663e-02
3.724130615592002869e-02
-1.174866929650306702e-01
3.641911223530769348e-02
4.399929661303758621e-03
-8.219556510448455811e-02
-4.440874606370925903e-02
8.851943165063858032e-02
-2.219116082414984703e-03
-2.021328918635845184e-02
6.531358510255813599e-02
-2.838088013231754303e-02
1.041382700204849243e-01
8.850482292473316193e-03
2.402407489717006683e-02
8.913043886423110962e-03
-9.419950656592845917e-03
-3.727885335683822632e-02
-6.625901162624359131e-02
1.203862726688385010e-01
8.561985939741134644e-02
-4.968337714672088623e-02
1.012994498014450073e-01
-5.323696881532669067e-02
-3.146515414118766785e-02
1.044485438615083694e-02
3.241683170199394226e-02
-6.127685308456420898e-02
-7.493302971124649048e-02
1.539028584957122803e-01
1.020432561635971069e-01
-1.129571869969367981e-01
-3.799895569682121277e-02
-3.298555314540863037e-02
4.116478376090526581e-03
1.301903426647186279e-01
3.070414531975984573e-03
-5.204869061708450317e-02
-1.561479717493057251e-01
8.794798515737056732e-03
-5.399796739220619202e-02
-9.683390706777572632e-02
-6.880341470241546631e-02
-3.569851396605372429e-04
4.436826333403587341e-02
2.088306844234466553e-01
4.763579741120338440e-02
3.211344406008720398e-02
-2.768693864345550537e-02
8.517708629369735718e-02
4.969410970807075500e-02
3.857325017452239990e-02
-4.751646425575017929e-03
8.388833701610565186e-02
-3.138238564133644104e-02
3.460711985826492310e-02
-1.037780940532684326e-01
9.929156303405761719e-02
-4.095076769590377808e-02
-3.072578832507133484e-02
6.231567263603210449e-02
4.409739375114440918e-02
-2.049431949853897095e-02
2.640816010534763336e-02
-7.287614047527313232e-02
-8.698273450136184692e-02
-1.150139942765235901e-01
-8.773403242230415344e-03
-2.118056826293468475e-02
-1.440432667732238770e-01
-3.225545212626457214e-02
1.367553919553756714e-01
-3.559838607907295227e-02
-1.505033820867538452e-01
3.541934862732887268e-02
-1.369093358516693115e-01
5.650833249092102051e-03
1.020359098911285400e-01
1.391557604074478149e-01
-4.668212682008743286e-02
8.763106167316436768e-02
-1.278456002473831177e-01
-9.223598055541515350e-03
-2.311742119491100311e-02
1.221467275172472000e-02
-1.253441572189331055e-01
1.013024151325225830e-01
-4.357016831636428833e-02
7.562431693077087402e-02
-1.150037422776222229e-01
1.828176155686378479e-02
-3.329303115606307983e-02
2.328209206461906433e-02
6.310016848146915436e-03
-9.185109287500381470e-02
4.377926886081695557e-02
-2.182996645569801331e-02
-2.447076700627803802e-02
1.067110802978277206e-03
9.649593383073806763e-02
-1.191273406147956848e-01
2.207856923341751099e-01
-1.393607407808303833e-01
-1.137591246515512466e-02
2.929581142961978912e-02
5.174275860190391541e-02
-1.603392325341701508e-02
3.349669650197029114e-02
1.098718866705894470e-02
1.246608421206474304e-01
-8.911085315048694611e-03
-3.219834342598915100e-02
1.536881774663925171e-01
-1.281172484159469604e-01
6.010191515088081360e-02
8.610337227582931519e-02
-8.616314828395843506e-02
1.921778768301010132e-01
4.074720293283462524e-02
7.455779612064361572e-02
2.493960224092006683e-02
3.163526952266693115e-02
-1.091526299715042114e-01
3.831963986158370972e-02
1.078234985470771790e-01
2.466947957873344421e-02
-9.676401317119598389e-02
-1.636340320110321045e-01
4.843867942690849304e-02
-6.368782371282577515e-02
-2.965767867863178253e-02
1.160931885242462158e-01
