8.523459434509277344e+00
8.559651374816894531e+00
8.505607604980468750e+00
8.434838294982910156e+00
8.540579795837402344e+00
8.461536407470703125e+00
8.457929611206054688e+00
8.446989059448242188e+00
8.523594856262207031e+00
8.541556358337402344e+00
8.496439933776855469e+00
8.440700531005859375e+00
8.502149581909179688e+00
8.476118087768554688e+00
8.474163055419921875e+00
8.420287132263183594e+00
8.477262496948242188e+00
8.516632080078125000e+00
8.507014274597167969e+00
8.539471626281738281e+00
8.518285751342773438e+00
8.556910514831542969e+00
8.479989051818847656e+00
8.449193000793457031e+00
8.447742462158203125e+00
8.517294883728027344e+00
8.510157585144042969e+00
8.480568885803222656e+00
8.551035881042480469e+00
8.427144050598144531e+00
8.443304061889648438e+00
8.477396011352539062e+00
8.499519348144531250e+00
8.508378982543945312e+00
8.465173721313476562e+00
8.502761840820312500e+00
8.488911628723144531e+00
8.499256134033203125e+00
8.490816116333007812e+00
8.511507034301757812e+00
8.490213394165039062e+00
8.480144500732421875e+00
8.538222312927246094e+00
8.543441772460937500e+00
8.479844093322753906e+00
8.511874198913574219e+00
8.360047340393066406e+00
8.509975433349609375e+00
8.512249946594238281e+00
8.487188339233398438e+00
8.488286018371582031e+00
8.525083541870117188e+00
8.548495292663574219e+00
8.559123992919921875e+00
8.542572021484375000e+00
8.530877113342285156e+00
8.490921020507812500e+00
8.497846603393554688e+00
8.463521003723144531e+00
8.474307060241699219e+00
8.459843635559082031e+00
8.488869667053222656e+00
8.513490676879882812e+00
8.487139701843261719e+00
8.499058723449707031e+00
8.572754859924316406e+00
8.558744430541992188e+00
8.521508216857910156e+00
8.543231964111328125e+00
8.534416198730468750e+00
8.388045310974121094e+00
8.507429122924804688e+00
8.475526809692382812e+00
8.447027206420898438e+00
8.575669288635253906e+00
8.501389503479003906e+00
8.457604408264160156e+00
8.445035934448242188e+00
8.462075233459472656e+00
8.475034713745117188e+00
8.421261787414550781e+00
8.570734977722167969e+00
8.488400459289550781e+00
8.508476257324218750e+00
8.508543968200683594e+00
8.570666313171386719e+00
8.520336151123046875e+00
8.509963989257812500e+00
8.485496520996093750e+00
8.464123725891113281e+00
8.499617576599121094e+00
8.509773254394531250e+00
8.511311531066894531e+00
8.530555725097656250e+00
8.482883453369140625e+00
8.476712226867675781e+00
8.523106575012207031e+00
8.548755645751953125e+00
8.435171127319335938e+00
8.591894149780273438e+00
8.502236366271972656e+00
8.413496017456054688e+00
8.483357429504394531e+00
8.527782440185546875e+00
8.522708892822265625e+00
8.477532386779785156e+00
8.531352043151855469e+00
8.522963523864746094e+00
8.546107292175292969e+00
8.521600723266601562e+00
8.473901748657226562e+00
8.596108436584472656e+00
8.599200248718261719e+00
8.449819564819335938e+00
8.451881408691406250e+00
8.527683258056640625e+00
8.337933540344238281e+00
8.528125762939453125e+00
8.555312156677246094e+00
8.405838012695312500e+00
8.491732597351074219e+00
8.467080116271972656e+00
8.482787132263183594e+00
8.517824172973632812e+00
8.549700736999511719e+00
8.484621047973632812e+00
8.584395408630371094e+00
8.482316970825195312e+00
8.460043907165527344e+00
8.559576988220214844e+00
8.566431045532226562e+00
8.415230751037597656e+00
8.555147171020507812e+00
8.563519477844238281e+00
8.411819458007812500e+00
8.549227714538574219e+00
8.449720382690429688e+00
8.386185646057128906e+00
8.465215682983398438e+00
8.527888298034667969e+00
8.490340232849121094e+00
8.496097564697265625e+00
8.577210426330566406e+00
9.184648990631103516e-01
8.504745483398437500e+00
8.479724884033203125e+00
8.379945755004882812e+00
8.445650100708007812e+00
8.510129928588867188e+00
8.562395095825195312e+00
-1.095433712005615234e+01
-1.052801322937011719e+01
6.817417144775390625e-01
1.052397489547729492e+00
-9.742918968200683594e+00
1.000734090805053711e+00
-1.017539310455322266e+01
1.228022933006286621e+00
-1.028726005554199219e+01
-1.019319725036621094e+01
6.168171763420104980e-01
-1.043516826629638672e+01
6.488973498344421387e-01
-9.723991394042968750e+00
-1.017744922637939453e+01
1.257160186767578125e+00
1.264241933822631836e+00
1.001060843467712402e+00
-1.038530158996582031e+01
5.541922450065612793e-01
-1.000024890899658203e+01
-1.000872230529785156e+01
-1.105824661254882812e+01
7.776900529861450195e-01
7.687486410140991211e-01
-1.018841743469238281e+01
6.132067441940307617e-01
-1.002318859100341797e+01
1.222493886947631836e+00
1.162514328956604004e+00
-1.074980640411376953e+01
-9.951073646545410156e+00
-1.063328361511230469e+01
8.832738399505615234e-01
1.163788676261901855e+00
-1.104095745086669922e+01
9.342765808105468750e-01
-1.042177391052246094e+01
-1.040171146392822266e+01
-1.090038490295410156e+01
8.436047434806823730e-01
-9.658909797668457031e+00
-1.048196315765380859e+01
-1.021565055847167969e+01
-1.020646286010742188e+01
-1.094005203247070312e+01
1.229075551033020020e+00
-1.073567962646484375e+01
-1.046148204803466797e+01
5.556402206420898438e-01
8.621104359626770020e-01
-9.808794975280761719e+00
-1.035977649688720703e+01
3.358966410160064697e-01
-1.032771396636962891e+01
-9.553660392761230469e+00
-1.046995258331298828e+01
-9.970874786376953125e+00
-1.042121791839599609e+01
-1.007087898254394531e+01
4.697169065475463867e-01
1.193550229072570801e+00
1.203775286674499512e+00
-1.025293254852294922e+01
-1.032159805297851562e+01
-1.093964385986328125e+01
-1.014406681060791016e+01
9.670996665954589844e-01
-1.000967121124267578e+01
-9.641009330749511719e+00
1.209532141685485840e+00
-1.070109367370605469e+01
-1.046973133087158203e+01
5.291816592216491699e-01
1.937275230884552002e-01
9.573179483413696289e-01
-9.325613975524902344e+00
-8.995068073272705078e-01
1.020123839378356934e+00
-1.082152366638183594e+01
3.676368892192840576e-01
-1.096660518646240234e+01
-1.074059772491455078e+01
-1.045879650115966797e+01
-1.067261314392089844e+01
-9.296779632568359375e+00
-1.034861564636230469e+01
-1.035317134857177734e+01
-1.010061454772949219e+01
6.516814827919006348e-01
1.428356766700744629e+00
1.015746235847473145e+00
1.325398802757263184e+00
1.004290580749511719e+00
1.232252955436706543e+00
7.944515347480773926e-01
-9.965143203735351562e+00
-9.939894676208496094e+00
1.173257827758789062e+00
8.790888786315917969e-01
-1.021931552886962891e+01
1.803619027137756348e+00
7.277040481567382812e-01
-1.074818325042724609e+01
9.350478053092956543e-01
-1.044006729125976562e+01
5.440353155136108398e-01
-9.722739219665527344e+00
-9.271075248718261719e+00
-8.801838874816894531e+00
-9.996583938598632812e+00
6.430722475051879883e-01
-1.055064010620117188e+01
-1.080749320983886719e+01
-1.064409065246582031e+01
-1.046645259857177734e+01
1.287753462791442871e+00
-1.070785903930664062e+01
-1.073632526397705078e+01
1.315158128738403320e+00
-1.025304698944091797e+01
-9.756179809570312500e+00
-1.006775951385498047e+01
-9.932303428649902344e+00
1.531809270381927490e-01
-1.001628494262695312e+01
-1.079664516448974609e+01
-9.653610229492187500e+00
1.276831507682800293e+00
7.843202352523803711e-01
1.041359424591064453e+00
4.253367781639099121e-01
-1.075907516479492188e+01
-1.097423553466796875e+01
1.195007085800170898e+00
-1.016673183441162109e+01
7.709187269210815430e-01
1.285374641418457031e+00
-9.371892929077148438e+00
-9.770287513732910156e+00
5.181983709335327148e-01
-9.688411712646484375e+00
-1.046947288513183594e+01
1.149459600448608398e+00
-9.892800331115722656e+00
-1.063697719573974609e+01
-1.012208175659179688e+01
1.485433220863342285e+00
-1.032721805572509766e+01
-1.050849819183349609e+01
4.599713161587715149e-02
2.577730454504489899e-02
-1.861157417297363281e-01
3.329287841916084290e-02
-2.300947718322277069e-02
-2.801470085978507996e-02
-2.350603044033050537e-02
-2.286158502101898193e-01
-1.214030757546424866e-01
-2.482515014708042145e-02
1.041214317083358765e-01
-5.555470660328865051e-02
-1.595615874975919724e-03
1.156130433082580566e-01
6.662051379680633545e-02
-2.453937530517578125e-01
-1.154582798480987549e-01
1.691059023141860962e-01
5.069572851061820984e-02
-1.679523587226867676e-01
-1.234240531921386719e-01
-3.640778735280036926e-02
4.164149612188339233e-02
1.519103944301605225e-01
2.294050157070159912e-02
2.090825736522674561e-01
3.447860712185502052e-03
2.008246034383773804e-01
3.934666141867637634e-02
3.126950562000274658e-01
-4.820980504155158997e-02
-8.585211820900440216e-03
3.780091181397438049e-02
-6.517848372459411621e-02
-1.850259955972433090e-03
-2.255840785801410675e-02
5.684249103069305420e-02
1.262788940221071243e-02
1.609035283327102661e-01
6.581601500511169434e-02
-5.362035706639289856e-02
-1.340314187109470367e-02
6.628541275858879089e-03
7.056590635329484940e-03
1.269801110029220581e-01
3.375429194420576096e-03
9.498888254165649414e-02
-1.677977270446717739e-03
8.940946310758590698e-02
-2.272350341081619263e-01
1.871257647871971130e-02
-3.350299000740051270e-01
5.337470769882202148e-02
3.062537685036659241e-02
-3.637539222836494446e-02
2.594434916973114014e-01
-1.480430923402309418e-02
1.264642626047134399e-01
1.047691609710454941e-02
2.827118895947933197e-02
-4.469132795929908752e-02
8.732982724905014038e-02
-9.694604203104972839e-03
3.294201493263244629e-01
1.470506489276885986e-01
-1.306116022169589996e-02
-1.427613645792007446e-01
4.991368576884269714e-02
-1.617105752229690552e-01
-4.951454326510429382e-02
-1.924187988042831421e-01
5.391764640808105469e-02
8.060614764690399170e-02
-3.266984522342681885e-01
-6.590200960636138916e-02
2.649124152958393097e-02
2.686291933059692383e-01
-1.776303909718990326e-02
1.380716334097087383e-03
-3.033681213855743408e-02
-3.454581797122955322e-01
4.557966440916061401e-02
5.367038771510124207e-03
-1.537909060716629028e-01
-9.734272956848144531e-02
4.132042527198791504e-01
3.002606332302093506e-02
1.282318383455276489e-01
-1.433407068252563477e-01
7.098864018917083740e-02
1.199892759323120117e-01
3.637440130114555359e-02
1.328429281711578369e-01
5.386704578995704651e-03
2.826537787914276123e-01
1.411584299057722092e-02
-1.294668316841125488e-01
-1.318354904651641846e-01
1.597105562686920166e-01
2.513985522091388702e-02
-5.317228287458419800e-02
6.200171113014221191e-01
-1.003682315349578857e-01
1.094621196389198303e-01
-1.757134497165679932e-02
-5.294095352292060852e-02
-7.094882428646087646e-02
-8.628945797681808472e-02
-2.437284141778945923e-01
4.102515876293182373e-01
2.717423737049102783e-01
4.709886759519577026e-02
-9.802292101085186005e-03
-8.743813633918762207e-02
1.378306560218334198e-02
-4.532877355813980103e-02
2.935674190521240234e-01
-8.768598549067974091e-03
4.252498224377632141e-02
1.239434164017438889e-02
2.560647726058959961e-01
-1.020226627588272095e-01
1.380390301346778870e-02
-4.399886131286621094e-01
-5.893553420901298523e-02
1.313968002796173096e-01
4.158696159720420837e-02
-1.247783899307250977e-01
-3.301313892006874084e-02
-8.558834344148635864e-02
7.779331505298614502e-02
1.402703821659088135e-01
-1.030643209815025330e-01
3.380837617442011833e-03
-2.583397030830383301e-01
-3.688465431332588196e-02
3.404469043016433716e-02
3.744429647922515869e-01
-1.840279251337051392e-01
-6.728337705135345459e-02
-1.982345134019851685e-01
1.645324826240539551e-01
1.368342991918325424e-02
-2.486003637313842773e+00
3.996844217181205750e-02
-7.336346060037612915e-02
-2.213560342788696289e-01
5.101454630494117737e-02
3.181705251336097717e-03
2.928767586126923561e-03
