-2.579971589148044586e-02
4.348920285701751709e-02
1.104446947574615479e-01
1.571571379899978638e-01
-6.272745877504348755e-02
-1.168685685843229294e-02
-3.839757665991783142e-02
-5.055034160614013672e-01
-1.227964535355567932e-01
3.712266683578491211e-02
-5.317609757184982300e-02
-5.154095292091369629e-01
3.562469407916069031e-02
-5.610563606023788452e-02
7.770846784114837646e-02
7.353161275386810303e-02
-9.926799684762954712e-02
-4.786058366298675537e-01
1.447766087949275970e-03
1.955957151949405670e-03
-2.626102045178413391e-02
-2.008531242609024048e-03
1.369587145745754242e-03
6.113158166408538818e-02
-1.037918031215667725e-01
-1.475061178207397461e-01
-1.363308578729629517e-01
-2.010453939437866211e-01
2.519419193267822266e-01
-1.749262027442455292e-02
