4.747525230050086975e-02
9.048570692539215088e-02
1.432749480009078979e-01
-1.381753981113433838e-01
4.362239316105842590e-02
8.849585801362991333e-02
5.858042836189270020e-02
2.078577131032943726e-02
1.895213499665260315e-02
-3.208147734403610229e-02
-4.413532465696334839e-02
-1.947790831327438354e-01
-1.916830539703369141e-01
1.083147525787353516e-02
-1.354212500154972076e-02
-2.527555823326110840e-02
7.744368165731430054e-02
9.133719839155673981e-03
3.307313844561576843e-02
5.854251235723495483e-02
1.569034717977046967e-02
5.212115496397018433e-02
1.286422759294509888e-01
-8.463385701179504395e-02
-4.535694047808647156e-02
1.146866902709007263e-01
5.764201655983924866e-02
-3.360150381922721863e-02
6.860539317131042480e-02
-4.076657444238662720e-02
2.387454807758331299e-01
-1.793588697910308838e-02
-2.197654917836189270e-02
-1.231345310807228088e-01
9.518607705831527710e-02
4.285251349210739136e-02
9.599201381206512451e-02
1.046907827258110046e-01
-3.740723803639411926e-02
-1.191462278366088867e-01
4.480806645005941391e-03
2.289369935169816017e-03
6.270565092563629150e-02
3.180786734446883202e-03
-3.879467025399208069e-02
-4.650456458330154419e-02
-2.318586967885494232e-02
2.112715840339660645e-01
1.025349870324134827e-01
3.022627159953117371e-02
-1.172122955322265625e-01
1.038948446512222290e-01
2.895458228886127472e-02
-8.039080351591110229e-02
-2.829092368483543396e-02
6.174066662788391113e-02
1.756355538964271545e-02
5.352684296667575836e-03
-8.291058242321014404e-02
-4.600342363119125366e-02
-2.465345710515975952e-02
9.817758202552795410e-02
-1.660243272781372070e-01
-8.541963063180446625e-03
3.234235197305679321e-02
1.488693524152040482e-02
6.625494360923767090e-02
-6.201164424419403076e-02
-2.050991728901863098e-02
1.140899807214736938e-01
-1.201733294874429703e-02
5.072992295026779175e-02
-1.164646167308092117e-02
-1.311918646097183228e-01
-2.250544726848602295e-02
-7.792651653289794922e-02
2.004890516400337219e-02
-4.466990754008293152e-02
-1.815368831157684326e-01
7.928003370761871338e-02
-2.577306516468524933e-02
-7.628523558378219604e-02
-8.702345192432403564e-02
-2.883083745837211609e-02
-1.767019033432006836e-01
8.016000501811504364e-03
4.903825372457504272e-02
4.603080078959465027e-02
5.982074514031410217e-02
3.118149936199188232e-02
1.409162282943725586e-01
1.813866645097732544e-01
-1.158422678709030151e-01
7.016202062368392944e-02
-9.124452620744705200e-02
-5.600100010633468628e-02
-2.176199341192841530e-03
-1.573164388537406921e-02
-7.297580130398273468e-03
1.592731922864913940e-01
3.342336416244506836e-02
-1.387422817060723901e-04
-6.200553104281425476e-02
-2.718409150838851929e-02
-2.288505733013153076e-01
-7.874419540166854858e-02
2.431054040789604187e-02
1.999605074524879456e-02
-7.052505016326904297e-02
3.839911893010139465e-03
7.577195763587951660e-02
2.082062885165214539e-02
-7.246486842632293701e-02
8.372230827808380127e-02
-1.994495540857315063e-01
-1.594178378582000732e-01
2.262716740369796753e-02
7.480018585920333862e-02
-8.701477944850921631e-02
1.675534993410110474e-03
6.633348297327756882e-03
2.810298278927803040e-02
-2.655237726867198944e-02
3.432109253481030464e-03
3.856338188052177429e-02
-1.916418969631195068e-02
-1.986761391162872314e-02
-4.782745242118835449e-02
-1.552654951810836792e-01
6.484762299805879593e-03
-1.207082793116569519e-01
-5.522200465202331543e-02
-1.102837771177291870e-01
4.549483582377433777e-02
-4.707009345293045044e-02
-8.105800487101078033e-03
3.914570435881614685e-02
-7.515822071582078934e-03
-2.246424555778503418e-03
5.828747153282165527e-02
-3.678774088621139526e-02
-6.847771350294351578e-03
5.783836543560028076e-02
2.975681098178029060e-03
1.221271138638257980e-02
-1.134474053978919983e-01
4.219038411974906921e-02
-9.895126521587371826e-02
-2.054094709455966949e-02
7.175576686859130859e-02
