8.511410713195800781e+00
8.497549057006835938e+00
8.497985839843750000e+00
8.515259742736816406e+00
8.505492210388183594e+00
8.470332145690917969e+00
8.525377273559570312e+00
8.394895553588867188e+00
8.452863693237304688e+00
8.481882095336914062e+00
8.463680267333984375e+00
8.562108039855957031e+00
8.513132095336914062e+00
8.533134460449218750e+00
8.468509674072265625e+00
8.510181427001953125e+00
8.476613044738769531e+00
8.489886283874511719e+00
8.544571876525878906e+00
8.520487785339355469e+00
8.446703910827636719e+00
8.484878540039062500e+00
8.587008476257324219e+00
8.564742088317871094e+00
8.512443542480468750e+00
8.532832145690917969e+00
8.517508506774902344e+00
8.485013008117675781e+00
8.421051025390625000e+00
8.483248710632324219e+00
8.581002235412597656e+00
8.492478370666503906e+00
8.519941329956054688e+00
8.480701446533203125e+00
8.508437156677246094e+00
8.571316719055175781e+00
8.484147071838378906e+00
8.497654914855957031e+00
8.520744323730468750e+00
8.502924919128417969e+00
8.487831115722656250e+00
8.531204223632812500e+00
8.503288269042968750e+00
8.487980842590332031e+00
8.526850700378417969e+00
8.523065567016601562e+00
8.370038986206054688e+00
8.522631645202636719e+00
8.522374153137207031e+00
8.450002670288085938e+00
8.557079315185546875e+00
8.446002960205078125e+00
8.445648193359375000e+00
8.454926490783691406e+00
8.478681564331054688e+00
8.482365608215332031e+00
8.444014549255371094e+00
8.489858627319335938e+00
8.536714553833007812e+00
8.577983856201171875e+00
8.541339874267578125e+00
8.479905128479003906e+00
8.495709419250488281e+00
8.503047943115234375e+00
8.441521644592285156e+00
8.457203865051269531e+00
8.520460128784179688e+00
8.501149177551269531e+00
8.481838226318359375e+00
8.518767356872558594e+00
8.278036117553710938e+00
8.521578788757324219e+00
8.477472305297851562e+00
8.432922363281250000e+00
8.461828231811523438e+00
8.523664474487304688e+00
8.463088035583496094e+00
8.511132240295410156e+00
8.520346641540527344e+00
8.552684783935546875e+00
8.442609786987304688e+00
8.458127021789550781e+00
8.537591934204101562e+00
8.482706069946289062e+00
8.515428543090820312e+00
8.433788299560546875e+00
8.496141433715820312e+00
8.486824035644531250e+00
8.559642791748046875e+00
8.552167892456054688e+00
8.484233856201171875e+00
8.492980957031250000e+00
8.494920730590820312e+00
8.461893081665039062e+00
8.527413368225097656e+00
8.513201713562011719e+00
8.516200065612792969e+00
8.494197845458984375e+00
8.436890602111816406e+00
8.473930358886718750e+00
8.496720314025878906e+00
8.524676322937011719e+00
8.524326324462890625e+00
8.480263710021972656e+00
8.450226783752441406e+00
8.530479431152343750e+00
8.525052070617675781e+00
8.474981307983398438e+00
8.477593421936035156e+00
8.479324340820312500e+00
8.504439353942871094e+00
8.440919876098632812e+00
8.474063873291015625e+00
8.595330238342285156e+00
8.571391105651855469e+00
8.551030158996582031e+00
8.333623886108398438e+00
8.514765739440917969e+00
8.442977905273437500e+00
8.548694610595703125e+00
8.422642707824707031e+00
8.542955398559570312e+00
8.524268150329589844e+00
8.440362930297851562e+00
8.461960792541503906e+00
8.589827537536621094e+00
8.482596397399902344e+00
8.501690864562988281e+00
8.530303955078125000e+00
8.531530380249023438e+00
8.408293724060058594e+00
8.482220649719238281e+00
8.472573280334472656e+00
8.487419128417968750e+00
8.367862701416015625e+00
8.475218772888183594e+00
8.595788955688476562e+00
8.270917892456054688e+00
8.485154151916503906e+00
8.527755737304687500e+00
8.493932723999023438e+00
8.543745040893554688e+00
8.469413757324218750e+00
9.151030778884887695e-01
8.510470390319824219e+00
8.521758079528808594e+00
8.381117820739746094e+00
8.543267250061035156e+00
8.526428222656250000e+00
8.434530258178710938e+00
-1.097819042205810547e+01
-1.051735210418701172e+01
6.159253716468811035e-01
1.091149449348449707e+00
-9.781916618347167969e+00
9.248307347297668457e-01
-1.013734626770019531e+01
1.240203976631164551e+00
-1.036676025390625000e+01
-1.016919422149658203e+01
4.811429679393768311e-01
-1.041232395172119141e+01
6.394618153572082520e-01
-9.806669235229492188e+00
-1.014724349975585938e+01
1.351820588111877441e+00
1.289378523826599121e+00
1.050824522972106934e+00
-1.029452896118164062e+01
5.285656452178955078e-01
-9.903748512268066406e+00
-1.005721092224121094e+01
-1.092801475524902344e+01
6.710539460182189941e-01
6.646248698234558105e-01
-1.021199703216552734e+01
7.263957858085632324e-01
-1.002837657928466797e+01
1.241452574729919434e+00
1.119579672813415527e+00
-1.064395046234130859e+01
-9.878933906555175781e+00
-1.054395675659179688e+01
8.405743241310119629e-01
1.212858080863952637e+00
-1.104947376251220703e+01
9.553195238113403320e-01
-1.051773357391357422e+01
-1.043027114868164062e+01
-1.091887569427490234e+01
9.162421822547912598e-01
-9.629184722900390625e+00
-1.048006629943847656e+01
-1.017642402648925781e+01
-1.023760890960693359e+01
-1.099324226379394531e+01
1.122032880783081055e+00
-1.067369556427001953e+01
-1.046785449981689453e+01
5.004141330718994141e-01
7.799817323684692383e-01
-9.852878570556640625e+00
-1.032923507690429688e+01
3.756510317325592041e-01
-1.036348628997802734e+01
-9.549794197082519531e+00
-1.061277294158935547e+01
-9.951170921325683594e+00
-1.050097942352294922e+01
-1.006050395965576172e+01
5.567200779914855957e-01
1.265807151794433594e+00
1.214139461517333984e+00
-1.012976646423339844e+01
-1.029458522796630859e+01
-1.096153354644775391e+01
-1.026521110534667969e+01
9.668207764625549316e-01
-9.940015792846679688e+00
-9.550475120544433594e+00
1.195886492729187012e+00
-1.075440025329589844e+01
-1.044438838958740234e+01
5.535582900047302246e-01
5.744425579905509949e-02
8.877744674682617188e-01
-9.341210365295410156e+00
-8.310654163360595703e-01
1.131314158439636230e+00
-1.084578037261962891e+01
3.881183266639709473e-01
-1.097562694549560547e+01
-1.066234779357910156e+01
-1.030884456634521484e+01
-1.073498916625976562e+01
-9.322246551513671875e+00
-1.042077922821044922e+01
-1.036766910552978516e+01
-1.008149337768554688e+01
6.151244044303894043e-01
1.346806168556213379e+00
1.104133725166320801e+00
1.279688239097595215e+00
1.073698520660400391e+00
1.307504296302795410e+00
7.931620478630065918e-01
-1.007304382324218750e+01
-1.007988357543945312e+01
1.206587791442871094e+00
8.395990133285522461e-01
-1.028603458404541016e+01
1.784224867820739746e+00
7.174329757690429688e-01
-1.075247097015380859e+01
8.058676123619079590e-01
-1.040674114227294922e+01
6.136889457702636719e-01
-9.679299354553222656e+00
-9.254367828369140625e+00
-8.681827545166015625e+00
-9.996568679809570312e+00
6.600630879402160645e-01
-1.056654930114746094e+01
-1.090439891815185547e+01
-1.054325103759765625e+01
-1.057755851745605469e+01
1.287835359573364258e+00
-1.064085197448730469e+01
-1.068079662322998047e+01
1.246277093887329102e+00
-1.034434890747070312e+01
-9.814563751220703125e+00
-1.006284236907958984e+01
-9.906736373901367188e+00
2.109539955854415894e-01
-1.005051040649414062e+01
-1.080809211730957031e+01
-9.533058166503906250e+00
1.155340313911437988e+00
7.538597583770751953e-01
9.846653342247009277e-01
4.068524241447448730e-01
-1.066878700256347656e+01
-1.096425342559814453e+01
1.279580950736999512e+00
-1.012331485748291016e+01
6.690741181373596191e-01
1.264003276824951172e+00
-9.429050445556640625e+00
-9.638552665710449219e+00
4.328632354736328125e-01
-9.641923904418945312e+00
-1.046631813049316406e+01
1.211135864257812500e+00
-9.893732070922851562e+00
-1.067704391479492188e+01
-1.010847473144531250e+01
1.480264186859130859e+00
-1.021563816070556641e+01
-1.057150745391845703e+01
-5.495853722095489502e-02
2.928474359214305878e-02
-9.960211068391799927e-02
8.388326317071914673e-02
-1.235017031431198120e-01
-1.372394561767578125e-01
-2.718326263129711151e-02
-2.468749731779098511e-01
-2.173144184052944183e-02
5.056768655776977539e-02
4.373444616794586182e-02
6.560348719358444214e-02
-7.320848107337951660e-02
1.291738897562026978e-01
-9.564302861690521240e-02
-2.259495258331298828e-01
-1.644447445869445801e-01
1.923754960298538208e-01
9.051999449729919434e-02
-1.024259626865386963e-01
4.485385492444038391e-02
5.705569311976432800e-02
-5.531965941190719604e-02
2.176696807146072388e-01
-1.671309024095535278e-02
1.071367040276527405e-01
2.628931961953639984e-02
2.003106325864791870e-01
1.938392035663127899e-02
2.573736608028411865e-01
3.278743475675582886e-02
3.953063860535621643e-02
-6.400264799594879150e-02
1.183539163321256638e-02
1.490893494337797165e-02
3.110528737306594849e-02
9.024433046579360962e-02
-5.631054565310478210e-02
1.807837001979351044e-02
1.402597576379776001e-01
-1.031701918691396713e-02
4.219094291329383850e-02
-1.582861691713333130e-02
1.247754320502281189e-01
8.120112121105194092e-02
1.425828505307435989e-02
1.219343617558479309e-01
-6.564402487128973007e-03
6.973844021558761597e-02
-1.533947288990020752e-01
-8.049362897872924805e-02
-2.375543266534805298e-01
-1.198106482625007629e-01
3.978785127401351929e-02
-8.811786770820617676e-02
1.532795727252960205e-01
-2.682865560054779053e-01
1.487534195184707642e-01
8.472655713558197021e-02
1.682455241680145264e-01
7.259733043611049652e-03
6.501340121030807495e-02
1.011697947978973389e-02
2.506423294544219971e-01
2.028705030679702759e-01
1.228358037769794464e-02
-7.409632205963134766e-02
1.077552884817123413e-02
-3.945484384894371033e-02
1.380165386945009232e-02
-2.352046072483062744e-01
-2.987171150743961334e-02
-7.260200381278991699e-02
-2.951742112636566162e-01
-1.104844547808170319e-02
5.995570495724678040e-02
2.703548371791839600e-01
2.216938324272632599e-02
-7.332517951726913452e-02
-3.401676192879676819e-02
-3.325465619564056396e-01
-1.891116611659526825e-02
1.280220896005630493e-01
-4.053461924195289612e-02
1.119613461196422577e-02
4.123958051204681396e-01
5.887705087661743164e-02
6.852873414754867554e-02
-5.759261175990104675e-02
6.685269623994827271e-02
1.802916973829269409e-01
1.328678429126739502e-01
9.789055585861206055e-02
4.557425528764724731e-02
1.760289072990417480e-01
4.359362274408340454e-02
-1.394320577383041382e-01
-1.923744082450866699e-01
1.749960184097290039e-01
-3.252174705266952515e-02
-7.372480630874633789e-02
9.009360074996948242e-01
-6.281162053346633911e-02
-5.669042840600013733e-02
-7.140499074012041092e-03
7.280033826828002930e-02
-7.811599224805831909e-02
3.216430172324180603e-02
-9.874826669692993164e-02
4.154932498931884766e-01
1.807885020971298218e-01
1.133658830076456070e-02
4.453681781888008118e-02
9.207792580127716064e-02
-2.412103861570358276e-02
5.692843347787857056e-02
2.395796775817871094e-01
6.530867889523506165e-03
-3.124350681900978088e-02
7.936384528875350952e-02
1.606578677892684937e-01
1.431054715067148209e-02
-1.456752792000770569e-02
-4.166336059570312500e-01
1.447664946317672729e-02
1.129816845059394836e-01
-4.142922163009643555e-02
-1.985051184892654419e-01
-1.023605987429618835e-01
5.861561000347137451e-02
7.698819786310195923e-02
2.053801417350769043e-01
5.448886379599571228e-02
4.873243346810340881e-02
-1.409140825271606445e-01
5.029488354921340942e-02
-7.420802116394042969e-02
2.505668699741363525e-01
-9.648138284683227539e-02
-1.275033354759216309e-01
-2.062767148017883301e-01
1.683034002780914307e-01
-4.070731252431869507e-02
3.345114946365356445e+00
1.383509635925292969e-01
-4.222176969051361084e-02
-2.139039933681488037e-01
3.912160918116569519e-02
-8.849760517477989197e-03
2.251696959137916565e-02
