6.207899332366650924e-06
-9.610385859559755772e-06
-7.161240773712052032e-07
-2.503961013644584455e-06
6.449385182349942625e-06
-4.587964212987571955e-06
4.979328878107480705e-06
-9.739463166624773294e-06
2.481696174072567374e-05
1.929720241378163337e-07
5.626882739306893200e-06
-4.120169705856824294e-06
-1.479271531934500672e-06
6.893871159263653681e-06
1.812229584174929187e-06
2.851080353138968349e-06
1.022318087962048594e-06
-2.485355071257799864e-05
-2.491216037014964968e-05
1.748371869325637817e-05
4.994099526811623946e-06
6.888179768793634139e-07
1.012886332318885252e-05
-1.105533829104388133e-05
2.231679354736115783e-05
-5.099665031593758613e-06
3.271715968367061578e-06
-9.571358532411977649e-07
8.644170520710758865e-06
-8.418133461418619845e-07
5.024759957450442016e-06
-2.129962558683473617e-05
1.307778461523412261e-06
2.035854777204804122e-05
-1.146072918345453218e-05
-4.373089541331864893e-05
-2.525087620597332716e-05
-1.128432359109865502e-05
1.571820757817476988e-05
-3.368879504250799073e-07
-3.477019845377071761e-06
8.560287824366241693e-06
-1.774664997356012464e-05
-7.294925126188900322e-06
1.364599484077189118e-05
7.661423296667635441e-06
2.353147465328220278e-05
4.943010935676284134e-06
3.360477649039239623e-06
-3.630936771514825523e-05
5.322992251421965193e-07
1.544616316095925868e-05
2.298264189448673278e-05
2.013603534578578547e-06
-1.185016299132257700e-05
-3.971375008404720575e-06
-2.282056811964139342e-06
-1.512336922360191238e-07
5.284912731440272182e-06
8.154829629347659647e-06
1.237731248693307862e-05
2.078080979117657989e-05
2.386809137533418834e-05
1.935716682055499405e-05
-1.400127894157776609e-05
8.192773748305626214e-06
-1.366672859148820862e-05
1.345112536910164636e-06
-2.401702113274950534e-05
-2.549209239077754319e-05
3.455066462265676819e-06
4.572989837470231578e-06
-1.248897547156957444e-06
-4.558964064926840365e-06
-3.596001079131383449e-06
-2.800858783302828670e-05
5.797427093057194725e-06
2.506468035790021531e-06
1.445772431907244027e-05
3.324973022245103493e-06
-3.118449512840015814e-06
3.047711345516290748e-07
7.413974003611656372e-07
-1.663570628807065077e-06
-8.800283239907003008e-07
4.864277343585854396e-06
3.351127134010312147e-06
-1.826729487675038399e-07
1.251960202353075147e-05
5.324957328411983326e-06
4.625636847777059302e-06
-2.007776402024319395e-06
-1.300752046518027782e-05
1.593238812347408384e-05
-7.805881068634334952e-06
8.038965461309999228e-06
4.812917268282035366e-06
-2.223338560725096613e-05
6.945908808120293543e-06
1.120159254242025781e-06
3.972282866016030312e-05
-1.355682684334169608e-06
1.333892032562289387e-05
1.682068273112236056e-06
-1.063324634742457420e-05
-6.921421299921348691e-05
2.327806396351661533e-05
5.410940957517595962e-06
-1.744184555718675256e-05
-8.167974556272383779e-06
-2.723968236750806682e-06
1.259088276128750294e-05
7.187123628682456911e-06
-2.057116944342851639e-05
2.358215624553849921e-06
-1.285757434743572958e-06
1.168591916211880744e-05
1.819709905248600990e-05
-1.163794763670011889e-06
1.204530326504027471e-05
-4.363959305919706821e-06
-2.231103508165688254e-06
-1.123086349252844229e-05
7.019628611715234001e-08
4.814814474229933694e-06
2.926561592175858095e-06
1.408268872182816267e-05
8.827114470477681607e-06
-2.111275307470350526e-06
-6.241777555260341614e-06
-8.145072456500201952e-07
1.658827613937319256e-06
1.210682626151537988e-06
-2.050165130640380085e-05
3.480475470496458001e-06
1.265701371266914066e-06
-8.499712748744059354e-06
-7.956030458444729447e-06
1.052104107657214627e-05
2.313428240086068399e-06
-3.842230398731771857e-06
3.575199798433459364e-06
-3.049581391678657383e-05
2.221931517124176025e-02
3.004834616149310023e-05
-1.665521995164453983e-05
1.396933112118858844e-05
4.347290996520314366e-06
-1.986636107176309451e-06
1.350939669464423787e-06
-6.937235866644186899e-06
1.790005262591876090e-05
4.702688194811344147e-03
4.909321200102567673e-03
1.214449912367854267e-05
-1.227894984185695648e-02
2.239640934931230731e-06
7.697286549955606461e-03
-1.508813511463813484e-06
-7.236450727532428573e-08
7.318709045648574829e-03
-4.431445177033310756e-06
-1.085166260600090027e-02
5.907532340643228963e-06
-6.261833732423838228e-06
-1.466424111276865005e-02
6.049121264368295670e-03
1.105807255953550339e-03
2.719631766012753360e-06
-9.429536759853363037e-03
-1.822799617912096437e-06
-1.981378227355889976e-05
-8.505296136718243361e-05
2.632318297401070595e-03
6.173026282340288162e-03
2.555422497607651167e-06
-4.388389643281698227e-03
-6.951871256433150847e-08
4.588163457810878754e-03
-1.475942414253950119e-02
3.098122533629066311e-06
5.032992248743539676e-06
2.232594169981894083e-06
8.890919387340545654e-03
-8.432351984083652496e-03
4.542702299659140408e-06
1.791428658179938793e-03
-5.722216883441433311e-06
1.188729311252245679e-05
-6.708487944706575945e-06
-1.531894376967102289e-04
-7.243497748277150095e-06
1.872939901659265161e-05
3.646954382929834537e-06
-7.295263912965310737e-06
8.414339390583336353e-06
1.636798679828643799e-02
9.662559023126959801e-06
-1.100157351174857467e-05
7.851356640458106995e-03
1.033046655356884003e-02
-4.966590495314449072e-06
1.399142001901054755e-05
1.490174233913421631e-02
1.541797610116191208e-05
-5.869114261258800980e-07
2.600514790174202062e-07
5.891473620067699812e-07
-4.023209385195514187e-06
4.057561909576179460e-06
1.568857114762067795e-04
-1.897312514483928680e-02
5.133361555635929108e-03
-3.641804823928396218e-06
-4.719141543318983167e-06
-4.463833249701565364e-07
3.391449354239739478e-05
9.992208331823348999e-03
7.051880857034120709e-06
-6.039590516593307257e-06
4.346245899796485901e-03
7.667928002774715424e-06
-1.218271449943131302e-06
5.720839835703372955e-03
2.384841500315815210e-04
4.981744103133678436e-03
-1.971736310224514455e-05
3.559184551704674959e-04
1.530597172677516937e-02
4.315309979574522004e-06
-4.466168582439422607e-03
-2.045455948973540217e-05
-5.574370788963278756e-06
7.583366823382675648e-07
-1.977285592147381976e-06
-5.650936145684681833e-06
-1.055410575645510107e-05
-7.181703040259890258e-06
3.363187943250522949e-06
2.647420158609747887e-03
-1.817233674228191376e-02
-7.158620283007621765e-03
-5.808343994431197643e-04
4.246096592396497726e-03
1.421588286757469177e-02
2.049714094027876854e-03
-1.901601081044645980e-06
-3.051234671147540212e-06
5.431151948869228363e-03
2.170211169868707657e-03
5.835879164806101471e-06
-1.196267642080783844e-02
-1.355760730803012848e-03
-5.714357030228711665e-06
1.330052502453327179e-02
-2.064068939944263548e-05
9.102178737521171570e-03
1.687231451796833426e-05
-6.361978648783406243e-06
1.225128380610840395e-05
-7.308950671358616091e-07
-4.907384980469942093e-03
-3.527702119754394516e-06
1.672108055572607554e-06
-1.598388371348846704e-05
-1.357352903141872957e-05
1.869523338973522186e-02
-1.970564153452869505e-05
2.854901867976877838e-05
1.558716874569654465e-02
-2.333660631848033518e-05
-1.124360187532147393e-05
-3.136066425213357434e-06
2.118457359756575897e-06
3.461860585957765579e-03
8.748584150453098118e-06
2.455650246702134609e-06
2.890318501158617437e-05
2.372029423713684082e-02
5.610142368823289871e-03
1.943223550915718079e-02
5.061798263341188431e-03
-3.080234591834596358e-06
8.422741302638314664e-06
-8.945337496697902679e-03
-7.806152098055463284e-06
3.978979773819446564e-03
8.195053786039352417e-03
-2.123667945852503181e-05
-1.927009947166880011e-07
3.970067482441663742e-03
-8.677778168930672109e-06
7.546642336819786578e-06
9.029309265315532684e-03
-4.542431213394593215e-07
9.151535778073593974e-06
3.313318757136585191e-07
-4.557810723781585693e-03
-1.237636388395912945e-05
-3.281608542238245718e-06
8.037478476762771606e-02
1.017586514353752136e-01
1.007153764367103577e-01
-9.753394126892089844e-02
5.211097002029418945e-02
7.071328163146972656e-02
5.878374725580215454e-02
3.777768462896347046e-02
4.896408692002296448e-02
-6.862899661064147949e-02
-4.421060159802436829e-02
-1.472763121128082275e-01
-1.522803753614425659e-01
9.681019000709056854e-03
-1.474774163216352463e-02
8.478299132548272610e-04
4.883329197764396667e-02
3.543451055884361267e-02
7.197543978691101074e-02
4.894223995506763458e-03
-1.490763109177350998e-02
7.829489558935165405e-02
1.300803273916244507e-01
-6.499686837196350098e-02
-5.176197364926338196e-02
1.253838241100311279e-01
1.655255071818828583e-02
-2.709479443728923798e-02
6.601200997829437256e-02
-4.869816824793815613e-02
2.943976819515228271e-01
-1.406489126384258270e-02
6.257995846681296825e-04
-6.482999026775360107e-02
5.004907399415969849e-02
2.394641563296318054e-02
6.891483813524246216e-02
1.686081439256668091e-01
-1.727534271776676178e-02
-1.489754468202590942e-01
4.908146709203720093e-02
-2.765437401831150055e-02
1.159589067101478577e-01
1.753880642354488373e-02
-5.625662580132484436e-02
-9.471119195222854614e-02
-2.544745616614818573e-02
2.489061504602432251e-01
1.111331135034561157e-01
2.432848885655403137e-02
-7.362765818834304810e-02
6.982719898223876953e-02
6.750308908522129059e-03
-1.330846920609474182e-02
-1.645268872380256653e-02
6.071916595101356506e-02
2.454864261380862445e-05
7.537660421803593636e-04
-1.194675341248512268e-01
-6.896712630987167358e-02
-2.576252445578575134e-02
6.623430550098419189e-02
-1.213570237159729004e-01
-6.151692476123571396e-03
6.178074702620506287e-02
7.416382431983947754e-02
1.110647544264793396e-01
-2.161982841789722443e-02
-4.300129041075706482e-02
9.422954916954040527e-02
8.917558006942272186e-03
7.087068259716033936e-02
-7.413040846586227417e-03
-6.788738071918487549e-02
-1.026955246925354004e-02
-3.771584108471870422e-02
1.340214721858501434e-02
-3.024225868284702301e-02
-1.266049891710281372e-01
1.329033970832824707e-01
2.839700318872928619e-03
-6.554187089204788208e-02
-7.510970532894134521e-02
-5.972859635949134827e-02
-2.395772486925125122e-01
2.092760428786277771e-02
5.415727198123931885e-02
-1.938278414309024811e-02
9.469681978225708008e-02
9.112350642681121826e-02
7.697106152772903442e-02
1.010033115744590759e-01
-6.463663280010223389e-02
1.530447043478488922e-02
-6.069412082433700562e-02
1.084108371287584305e-02
2.045969665050506592e-02
-4.995979741215705872e-02
-1.499408762902021408e-02
1.049813628196716309e-01
2.345467172563076019e-02
-4.014773294329643250e-02
-7.105791568756103516e-02
-6.551849097013473511e-02
-1.365332454442977905e-01
-1.254148632287979126e-01
3.381700068712234497e-02
-1.059314794838428497e-02
-3.975287452340126038e-02
-2.841089107096195221e-02
8.515498042106628418e-02
5.135748907923698425e-02
-8.145438134670257568e-02
1.243854314088821411e-01
-2.569824755191802979e-01
-1.903812885284423828e-01
2.195243723690509796e-02
1.011027693748474121e-01
-1.337169706821441650e-01
1.261403691023588181e-02
1.379990600980818272e-03
2.066833339631557465e-02
3.740565385669469833e-03
4.191607236862182617e-02
9.123037010431289673e-02
-3.418884240090847015e-03
3.533989936113357544e-02
-2.193646691739559174e-02
-1.035459712147712708e-01
1.441701222211122513e-02
-4.607173800468444824e-02
-5.309874564409255981e-02
-1.289208531379699707e-01
5.796372145414352417e-02
-2.292956039309501648e-02
-3.012012131512165070e-02
-2.730970270931720734e-02
-2.065778896212577820e-02
-7.485512178391218185e-03
5.327713862061500549e-02
-2.182585559785366058e-02
-8.663229527883231640e-04
9.632712602615356445e-02
4.442091099917888641e-03
-2.134425379335880280e-02
-1.179682612419128418e-01
1.352252997457981110e-02
-4.681149125099182129e-02
-5.839695781469345093e-02
1.218469589948654175e-01
