-1.672171615064144135e-02
-1.594798415899276733e-01
-7.677666097879409790e-02
-1.374698057770729065e-02
2.333998829126358032e-01
9.179674834012985229e-02
1.468644589185714722e-01
-1.258206069469451904e-01
-3.500567749142646790e-03
-1.066499873995780945e-01
1.891412213444709778e-02
-6.583625823259353638e-02
-3.458281280472874641e-03
-2.232939004898071289e-03
-1.188605464994907379e-02
-5.521790590137243271e-03
-8.917532116174697876e-02
2.979278191924095154e-02
6.938055157661437988e-02
-3.005759045481681824e-02
-9.768218547105789185e-02
-2.543121017515659332e-02
-6.470230221748352051e-02
5.226054787635803223e-02
-2.177418582141399384e-02
9.128848463296890259e-02
-8.890710771083831787e-02
1.621163934469223022e-01
-1.605377160012722015e-02
-4.664242267608642578e-02
1.599348895251750946e-02
-7.104191929101943970e-02
2.771783620119094849e-02
-4.738647490739822388e-02
4.577529057860374451e-02
-1.157086715102195740e-01
-8.341771364212036133e-02
-9.150261431932449341e-02
3.050611540675163269e-02
5.300205945968627930e-02
5.999213457107543945e-02
2.538594789803028107e-02
1.041370406746864319e-01
7.279317826032638550e-02
-1.088918820023536682e-01
-1.420114636421203613e-01
8.785890042781829834e-02
6.811036914587020874e-02
-2.211885452270507812e-01
-3.964892122894525528e-03
4.662269726395606995e-02
1.766954362392425537e-02
-9.010534733533859253e-02
6.136000528931617737e-02
1.149058192968368530e-01
-4.936345666646957397e-02
-1.044429242610931396e-01
2.612830512225627899e-02
-4.433107003569602966e-02
-4.312602058053016663e-02
9.805726818740367889e-03
8.428981900215148926e-02
1.103658229112625122e-02
4.349246993660926819e-02
9.427424520254135132e-03
1.473456174135208130e-01
2.373190782964229584e-02
4.764453694224357605e-02
2.027963399887084961e-01
4.836409538984298706e-02
-1.528533827513456345e-02
-1.733973473310470581e-01
-1.271310299634933472e-01
4.194046556949615479e-02
2.483780123293399811e-02
-7.623385172337293625e-03
7.629956305027008057e-02
2.644788846373558044e-02
5.688032135367393494e-02
5.678243190050125122e-02
-1.109886318445205688e-01
5.196011438965797424e-02
-1.894777640700340271e-02
-2.632000483572483063e-02
-2.554043941199779510e-02
3.705061599612236023e-02
-5.220980942249298096e-02
8.045772463083267212e-02
1.043420284986495972e-02
-7.478749752044677734e-02
6.028472259640693665e-02
2.509414218366146088e-02
2.917172014713287354e-02
-8.720503002405166626e-02
6.795370578765869141e-02
-1.338713429868221283e-02
5.108537897467613220e-02
-5.393728613853454590e-02
1.167695447802543640e-01
8.001409471035003662e-02
-1.002515107393264771e-01
8.546181023120880127e-02
-2.531862258911132812e-02
4.351988062262535095e-02
-2.264027483761310577e-02
-9.691591560840606689e-02
9.499988704919815063e-02
-8.219576627016067505e-02
-9.357503615319728851e-03
-3.872527508065104485e-03
-4.810829833149909973e-02
7.398247718811035156e-02
1.763717234134674072e-01
1.708540320396423340e-01
5.018173251301050186e-03
-1.176535114645957947e-01
8.279267698526382446e-02
7.020862400531768799e-02
1.603141613304615021e-02
-7.862619124352931976e-03
4.296057671308517456e-02
-4.853374883532524109e-02
-1.841362118721008301e-01
-4.371264949440956116e-02
-9.074995177797973156e-04
-1.535743772983551025e-01
9.752023965120315552e-02
6.626497954130172729e-02
-3.471831604838371277e-02
-2.609307318925857544e-02
-8.976647630333900452e-03
-2.992897666990756989e-02
-7.919900864362716675e-02
-6.188580766320228577e-02
-8.385013043880462646e-02
3.716673702001571655e-02
-2.211683243513107300e-02
1.527520567178726196e-01
-9.395530447363853455e-03
1.971760094165802002e-01
-2.408801950514316559e-02
1.237160786986351013e-01
1.354831755161285400e-01
9.237639605998992920e-03
-1.128767430782318115e-01
2.329891361296176910e-02
5.095354281365871429e-03
-1.294564828276634216e-02
-4.775447025895118713e-02
-7.606577128171920776e-02
