1.512993276264751330e-05
3.540696070558624342e-06
-9.097781912714708596e-06
-3.428425407037138939e-05
7.934328095871023834e-06
-8.776477443461772054e-06
-1.138573952630395070e-05
-5.229070211498765275e-06
6.014533482812112197e-06
7.706802534812595695e-06
-3.723100007846369408e-06
8.762096513237338513e-06
8.113735930237453431e-06
6.601173936360282823e-06
5.195513949729502201e-06
-3.630340188465197571e-06
1.475745466450462118e-05
-1.418249939888482913e-05
1.551810964883770794e-05
-6.104896328906761482e-06
-1.533109207230154425e-05
1.016380156215745956e-05
-5.029648491472471505e-06
1.436340426153037697e-06
-1.535571982458350249e-06
9.160939953289926052e-07
8.720030564290937036e-06
-9.946283171302638948e-06
-1.363378942187409848e-05
4.683596671384293586e-06
7.383820957329589874e-06
-4.041168267576722428e-06
1.860387419583275914e-05
1.047300156642450020e-05
-9.872219379758462310e-06
5.425615654530702159e-06
-9.369709914608392864e-06
-5.826137567055411637e-06
-3.214478510926710442e-06
-2.251165597044746391e-06
-9.458155545871704817e-06
-8.105286724457982928e-06
3.127471018160576932e-06
8.189957043214235455e-06
-1.932665873027872294e-05
4.488489139475859702e-06
-2.538265835028141737e-05
2.346202563785482198e-06
1.176277146441861987e-05
2.973230721181607805e-06
-2.338053036510245875e-06
-1.474283362767891958e-05
-1.507384513388387859e-05
1.210432998277610750e-07
4.495499979384476319e-06
6.827441211498808116e-06
-1.367429689480559318e-07
-2.832413201758754440e-06
-9.612275789550039917e-06
1.221674392581917346e-05
3.312271928734844550e-06
2.233668237749952823e-05
-2.300002415722701699e-05
-1.587704537087120116e-05
9.211395081365481019e-06
5.915541692047554534e-07
5.101255737827159464e-06
6.827321158198174089e-06
4.901564352621790022e-06
9.884323844744358212e-06
3.373272875251132064e-06
1.032918771670665592e-05
-1.842314850364346057e-05
-3.944693105495389318e-07
-1.579435206622292753e-06
-3.674023446365026757e-06
-2.527800388634204865e-02
3.505461791064590216e-06
1.346157205261988565e-06
-1.615844121261034161e-05
-9.287256943935062736e-06
-1.043944484990788624e-05
1.120836896006949246e-05
1.065924061549594626e-05
5.927915481152012944e-06
-1.329798465121712070e-06
-1.952536149474326521e-05
-1.904334567370824516e-06
2.263186070194933563e-05
1.291028638661373407e-05
6.636528269154950976e-06
-6.533042324008420110e-06
-1.025847905111731961e-05
6.265188858378678560e-06
-5.509027687367051840e-06
5.340526058716932312e-06
2.788070560200139880e-06
-8.824655196804087609e-06
6.234448846953455359e-06
2.756431513262214139e-06
-2.173434222640935332e-05
4.820998583454638720e-06
-8.713199349585920572e-06
-1.304849237203598022e-01
3.906941969944455195e-07
1.107941625377861783e-05
-1.730319854686968029e-05
2.170629841202753596e-06
-6.659538485109806061e-06
-6.471621816217520973e-08
8.262343726528342813e-06
3.891122560162330046e-06
-4.474527031561592594e-06
4.722965513792587444e-06
-3.558672915460192598e-06
7.100747097865678370e-06
7.837134035071358085e-06
1.143990994023624808e-05
1.284473091800464317e-05
-1.423277353751473129e-06
-1.322895332123152912e-05
-8.149449826078125625e-08
1.290932686970336363e-05
-2.515519372536800802e-05
2.163439239666331559e-05
6.445915005315328017e-06
-6.114723873906768858e-06
1.585403515491634607e-05
1.457792677683755755e-06
1.674484155955724418e-05
-8.848744073475245386e-06
3.830241439573001117e-06
5.622161552309989929e-06
-1.783483094186522067e-05
-4.481957603275077417e-06
-2.053541493296506815e-06
-6.231332918105181307e-06
1.451057414669776335e-05
6.021244644216494635e-06
5.348435934138251469e-06
7.580666078865760937e-06
-5.725372955203056335e-02
2.714845322770997882e-06
1.652480705160996877e-06
1.779749982233624905e-05
1.241610607394250110e-05
5.621202490146970376e-06
-5.084345684736035764e-05
-4.823874860448995605e-06
-6.770994332327973098e-06
2.304616373294265941e-06
4.921308573102578521e-06
1.068944129656301811e-05
4.453913788893260062e-06
-1.720444743114057928e-05
4.117629032407421619e-06
1.114173574023880064e-05
-5.193356628296896815e-06
4.744897069031139836e-06
-1.608395723451394588e-05
-1.525397146906470880e-05
-3.136291707050986588e-05
-7.189372354332590476e-06
6.551318620040547103e-06
7.193147666839649901e-06
1.217671615449944511e-05
6.098398193717002869e-02
-2.619329052322427742e-06
1.534133843961171806e-06
-1.568589323142077774e-05
-1.414408870914485306e-06
2.214613004980492406e-06
4.927300778945209458e-06
-1.495471951784566045e-05
2.034006683970801532e-06
-2.284662150486838073e-05
1.117637111747171730e-05
1.221182992594549432e-05
1.233107559528434649e-05
-3.229578851460246369e-06
-2.160251278837677091e-05
-1.517523378424812108e-05
9.042293640959542245e-06
7.476640348613727838e-06
1.874385452538263053e-05
2.587690005384502001e-06
-5.536771823244635016e-06
-2.496847628208342940e-06
4.233878826198633760e-06
1.168391372630139813e-05
-1.050200353347463533e-05
-2.995210343215148896e-05
1.852561581472400576e-06
9.492191566096153110e-06
1.341159713774686679e-05
-9.244411558029241860e-06
3.755937541427556425e-06
-6.075174951547523960e-06
2.860936092474730685e-06
-8.605458788224495947e-06
4.884516329184407368e-06
-6.807186991864000447e-07
1.746139446368033532e-06
6.748748943209648132e-03
-6.600290071219205856e-03
4.504728167376015335e-06
1.311648730188608170e-02
-1.071337144821882248e-03
-1.102620535675669089e-05
2.521286369301378727e-04
-1.638998128328239545e-06
1.458751512473099865e-06
2.792081097140908241e-03
-7.578921969980001450e-03
-7.210824605863308534e-06
2.183720469474792480e-02
-1.276898910873569548e-05
1.912462152540683746e-02
-2.668705064934329130e-06
1.033728849142789841e-02
5.091009143143310212e-07
-1.396288371324772015e-05
-2.464321551087778062e-05
-4.581908342515816912e-06
-4.119748249650001526e-03
5.027029197663068771e-03
1.455491656088270247e-05
-5.212640855461359024e-03
1.189584378153085709e-02
-1.311482302844524384e-02
-2.520085399737581611e-05
3.238687213524826802e-06
6.881011813675286248e-06
1.675167368375696242e-05
-2.312406195414951071e-06
2.189613223890773952e-05
1.026631798595190048e-02
1.040864481183234602e-05
2.048652432858943939e-02
2.576592305558733642e-05
-2.992046347571886145e-06
-9.260171282221563160e-06
-6.987194410612573847e-06
1.213297218782827258e-05
-1.170464656752301380e-06
1.126525457948446274e-02
-5.191678837945801206e-07
1.060425303876399994e-02
1.554315713292453438e-05
9.276231139665469527e-06
-3.190382849425077438e-03
-5.173822046344866976e-06
1.551333582028746605e-03
6.264114752411842346e-03
1.115536130964756012e-02
3.676839924082742073e-06
-6.347462203848408535e-06
4.900693520903587341e-02
5.009514438825135585e-07
-2.617291556816780940e-06
1.586168538779020309e-03
-2.925173021139926277e-06
-2.643465250730514526e-02
-5.975943622615886852e-06
-8.851215243339538574e-03
7.650235602341126651e-06
7.816520337655674666e-06
2.127821244357619435e-05
-1.968930973816895857e-06
1.588360646564979106e-05
3.811964916167198680e-06
2.461804979247972369e-05
5.102034720039227977e-06
-3.373872004885924980e-06
-2.619352926558349282e-05
8.373918011784553528e-03
-1.605920942893135361e-07
1.941822119988501072e-05
8.898359737941063941e-06
-9.409018844053207431e-07
-7.072723004966974258e-03
6.388449492078507319e-06
4.476714366319356486e-06
-1.012257507682079449e-05
3.142811237921705469e-06
1.504687952547101304e-05
3.744432433450128883e-06
1.054227141139563173e-05
-1.043021711666369811e-05
2.175375630031339824e-05
1.785103348083794117e-03
-1.536410962899026345e-07
4.278640972188441083e-06
1.032439377013361081e-05
8.345457725226879120e-03
-4.553984126687282696e-06
2.339251523153507151e-06
6.658579536633624230e-07
4.395073652267456055e-02
4.928379439661512151e-06
1.908229478431167081e-06
2.714732475578784943e-02
1.582671075084363110e-06
1.103459453588584438e-05
1.962099759111879393e-06
2.550122328102588654e-02
-4.096896191185805947e-06
-1.653090864419937134e-02
5.155246071808505803e-06
-2.913967591666732915e-06
1.248301193118095398e-02
-8.809075552562717348e-06
2.218714170157909393e-02
-7.185690104961395264e-03
2.360943426538142376e-06
2.225039452241617255e-06
1.543985126772895455e-05
-5.081361450720578432e-06
-6.815336746512912214e-06
-1.695085529718198813e-06
-2.725295780692249537e-05
-9.688496902526821941e-06
1.261181384325027466e-02
-9.042024430527817458e-06
-2.055373974144458771e-02
1.384950974170351401e-05
1.677137479418888688e-04
6.241999017220223323e-06
-1.305110401972342515e-07
8.204937330447137356e-06
-2.293638681294396520e-05
-3.592756911530159414e-05
-2.091572992503643036e-02
1.629889879950496834e-06
5.635234061628580093e-03
-7.183380148489959538e-06
-2.925456734374165535e-03
-1.011274798656813800e-05
1.541786082088947296e-02
8.811952284304425120e-06
-1.586506073181226384e-06
7.163725513237295672e-06
1.896987110376358032e-02
1.734856050461530685e-05
-5.661111117660766467e-06
-2.586132040960364975e-06
4.425151018949691206e-06
-1.637799641684978269e-06
-5.482661890710005537e-06
-2.205588680226355791e-05
1.354630384594202042e-02
-5.566313575400272384e-06
-4.123381586396135390e-06
-7.644783181603997946e-06
9.452876634895801544e-03
-1.678283297223970294e-05
-5.138116888701915741e-03
5.645171768264845014e-06
6.218988801265368238e-06
7.238579913973808289e-03
2.139014759450219572e-05
5.848428372701164335e-06
1.329031420027604327e-05
1.088982207875233144e-05
-1.270354259759187698e-02
1.530179019937349949e-06
-1.346528733847662807e-05
-1.621182425878942013e-03
-6.124555598944425583e-03
-8.061327971518039703e-03
-3.947368822991847992e-03
-2.748881342995446175e-06
2.074610165436752141e-05
1.068499404937028885e-02
6.572650818270631135e-06
2.083191066049039364e-05
-1.178274862468242645e-02
1.427662558853626251e-02
4.958101271768100560e-06
-5.530839644052321091e-06
3.825376927852630615e-02
2.906481036916375160e-03
4.330164752900600433e-03
-6.034427769918693230e-06
5.433046226244186983e-06
-1.490845897933468223e-05
-2.427277649985626340e-06
-1.332195324721396901e-06
-2.359505288040963933e-06
-1.052860898198559880e-05
3.712515172082930803e-04
8.017361164093017578e-03
-4.441450073500163853e-06
-6.416492851712973788e-06
-9.299959856434725225e-06
-6.187119986861944199e-03
-1.764643457136116922e-05
-1.710929063847288489e-05
2.961132486234419048e-05
-1.126241932070115581e-05
-8.594239130616188049e-03
-6.403435021638870239e-02
6.436348706483840942e-02
-1.437148749828338623e-01
-3.033038787543773651e-02
5.830299481749534607e-02
4.314310848712921143e-02
-9.104429744184017181e-03
7.613560557365417480e-02
5.208782851696014404e-02
2.516192756593227386e-02
-3.324217721819877625e-02
-1.002483665943145752e-01
-5.182344093918800354e-02
5.622833594679832458e-02
-4.280877485871315002e-02
-6.312534213066101074e-02
-2.797169610857963562e-02
5.372788757085800171e-02
-1.948771066963672638e-02
5.108328070491552353e-03
-9.134478121995925903e-02
-3.654328174889087677e-03
-1.149492338299751282e-03
-6.586392223834991455e-02
1.750746183097362518e-02
-4.403744637966156006e-02
1.016458943486213684e-01
2.192414551973342896e-02
-8.680470287799835205e-02
3.747131302952766418e-02
-4.695844370871782303e-03
1.172657866845838726e-04
-9.785649925470352173e-02
-6.535247713327407837e-02
-5.475357919931411743e-02
-4.285950213670730591e-02
-1.008358076214790344e-01
-5.954038724303245544e-02
3.689517825841903687e-02
2.065923810005187988e-02
4.182827472686767578e-02
9.241481125354766846e-02
-2.576245181262493134e-02
-5.162839964032173157e-02
-2.282650023698806763e-02
2.799531258642673492e-02
-1.633560052141547203e-03
1.423424631357192993e-01
-1.262555643916130066e-02
-8.302250504493713379e-02
-6.517804414033889771e-02
-5.453067645430564880e-02
-8.881621807813644409e-02
-3.187535703182220459e-02
-2.484845928847789764e-02
-1.780719123780727386e-02
-1.346802804619073868e-02
2.922719120979309082e-01
2.790297195315361023e-02
-6.259452085942029953e-03
6.946337223052978516e-02
1.192292105406522751e-02
-9.446737915277481079e-02
6.413704901933670044e-02
1.392745319753885269e-02
8.096212893724441528e-02
7.050912827253341675e-02
-7.984670251607894897e-02
7.817896455526351929e-02
6.197319924831390381e-02
-6.157523021101951599e-04
4.049619194120168686e-03
-8.982794731855392456e-02
-9.393676370382308960e-02
9.232027828693389893e-02
8.037842810153961182e-03
4.612677171826362610e-02
8.119641989469528198e-02
3.307236358523368835e-02
4.190345108509063721e-02
-3.918910026550292969e-02
1.004965752363204956e-01
-2.990205027163028717e-02
-1.239116266369819641e-01
1.098953932523727417e-01
-9.451271616853773594e-04
-7.105261832475662231e-02
6.148852035403251648e-02
2.618257887661457062e-02
2.141832932829856873e-02
-9.006003290414810181e-02
1.353581547737121582e-01
1.138781476765871048e-02
7.719523459672927856e-02
7.302412390708923340e-02
-3.402807342354208231e-04
2.356903627514839172e-02
-1.825122535228729248e-02
3.028859570622444153e-02
5.784700810909271240e-02
-1.765943481586873531e-03
-5.783290043473243713e-02
-1.813043490983545780e-03
7.659289985895156860e-02
-4.774772375822067261e-02
-1.157863344997167587e-02
-3.953575156629085541e-03
-3.410991281270980835e-02
-6.396830081939697266e-03
2.443308942019939423e-02
-1.134031042456626892e-01
5.814041942358016968e-02
1.626897789537906647e-02
-4.935088753700256348e-02
5.485684797167778015e-02
-5.143104493618011475e-02
3.145757690072059631e-02
-5.129867047071456909e-02
-5.876179784536361694e-02
9.357570111751556396e-02
-2.102655731141567230e-02
-7.157076150178909302e-02
-2.570564625784754753e-03
-4.338324442505836487e-02
5.815799906849861145e-02
-4.915817454457283020e-02
1.723683774471282959e-01
5.846872180700302124e-02
1.634534299373626709e-01
-4.910378530621528625e-02
9.890180081129074097e-03
5.881539359688758850e-02
3.697702486533671618e-04
-1.005361974239349365e-01
3.149742260575294495e-02
-2.994154952466487885e-02
1.446428149938583374e-02
-1.782922297716140747e-01
1.118566989898681641e-01
1.125943213701248169e-01
-4.186866804957389832e-03
5.438964068889617920e-02
-1.922752708196640015e-02
1.011049300432205200e-01
3.585824370384216309e-02
9.343929588794708252e-02
-3.701171651482582092e-02
1.695517636835575104e-02
2.921948675066232681e-03
-1.169146853499114513e-03
-1.015094369649887085e-01
-4.621226340532302856e-02
6.632118672132492065e-02
-2.528383210301399231e-02
1.073034703731536865e-01
-1.188649050891399384e-02
9.786107577383518219e-03
1.198719367384910583e-01
-9.919432923197746277e-03
-5.942199006676673889e-02
3.607649728655815125e-02
9.255570918321609497e-02
5.626965686678886414e-02
2.936417236924171448e-03
-1.899064891040325165e-02
-1.364793133689090610e-04
3.573509678244590759e-02
1.904533244669437408e-02
9.624853730201721191e-02
-8.582507818937301636e-02
-4.669997096061706543e-02
-5.633664503693580627e-02
-2.082614973187446594e-02
5.368915572762489319e-02
3.364204615354537964e-02
-1.446001511067152023e-02
1.819075085222721100e-02
-4.290219768881797791e-02
-5.279291793704032898e-02
-6.245392723940312862e-04
1.885070502758026123e-01
2.480727285146713257e-01
-1.503004692494869232e-02
1.053824350237846375e-01
6.215860694646835327e-02
1.215061694383621216e-01
-9.387217462062835693e-03
-3.529105708003044128e-02
-7.654461264610290527e-02
-7.718883454799652100e-02
2.034080959856510162e-02
4.043956100940704346e-02
-1.897774450480937958e-02
-5.619328841567039490e-02
3.364604664966464043e-03
-1.968631707131862640e-02
8.761539310216903687e-02
-1.481094658374786377e-01
4.199782758951187134e-02
