8.455872535705566406e+00
8.433966636657714844e+00
8.522933006286621094e+00
8.510812759399414062e+00
8.502390861511230469e+00
8.402621269226074219e+00
8.471154212951660156e+00
8.505909919738769531e+00
8.477217674255371094e+00
8.504752159118652344e+00
8.376697540283203125e+00
8.554563522338867188e+00
8.522143363952636719e+00
8.486014366149902344e+00
8.487972259521484375e+00
8.493484497070312500e+00
8.582030296325683594e+00
8.527898788452148438e+00
8.434585571289062500e+00
8.484292030334472656e+00
8.478418350219726562e+00
8.479848861694335938e+00
8.535651206970214844e+00
8.433924674987792969e+00
8.485413551330566406e+00
8.464027404785156250e+00
8.507514953613281250e+00
8.479002952575683594e+00
8.458218574523925781e+00
8.479806900024414062e+00
8.496842384338378906e+00
8.512479782104492188e+00
8.451205253601074219e+00
8.515385627746582031e+00
8.514557838439941406e+00
8.454941749572753906e+00
8.502416610717773438e+00
8.494706153869628906e+00
8.494206428527832031e+00
8.520070075988769531e+00
8.509701728820800781e+00
8.404284477233886719e+00
8.370260238647460938e+00
8.432780265808105469e+00
8.519336700439453125e+00
8.482032775878906250e+00
8.443699836730957031e+00
8.514134407043457031e+00
8.436046600341796875e+00
8.539575576782226562e+00
8.462830543518066406e+00
8.444653511047363281e+00
8.563915252685546875e+00
8.535717964172363281e+00
8.549001693725585938e+00
8.540631294250488281e+00
8.481792449951171875e+00
8.424610137939453125e+00
8.451217651367187500e+00
8.533222198486328125e+00
8.520060539245605469e+00
8.534771919250488281e+00
8.523815155029296875e+00
8.481767654418945312e+00
8.445810317993164062e+00
8.574403762817382812e+00
8.415654182434082031e+00
8.413573265075683594e+00
8.541289329528808594e+00
8.461582183837890625e+00
8.450152397155761719e+00
8.585387229919433594e+00
8.589280128479003906e+00
8.535181045532226562e+00
8.424324035644531250e+00
8.437269210815429688e+00
1.290220379829406738e+00
8.390724182128906250e+00
8.481568336486816406e+00
8.507343292236328125e+00
8.610839843750000000e+00
8.499803543090820312e+00
8.502841949462890625e+00
8.504055976867675781e+00
8.468361854553222656e+00
8.512951850891113281e+00
8.430289268493652344e+00
8.479646682739257812e+00
8.513903617858886719e+00
8.491681098937988281e+00
8.478069305419921875e+00
8.502567291259765625e+00
8.530077934265136719e+00
8.504779815673828125e+00
8.547985076904296875e+00
8.492415428161621094e+00
8.467211723327636719e+00
8.502807617187500000e+00
8.447240829467773438e+00
8.428421020507812500e+00
8.511174201965332031e+00
8.434529304504394531e+00
8.509516716003417969e+00
-4.182325303554534912e-01
8.642971992492675781e+00
8.485468864440917969e+00
8.467083930969238281e+00
8.511692047119140625e+00
8.471035003662109375e+00
8.477153778076171875e+00
8.520205497741699219e+00
8.493687629699707031e+00
8.488564491271972656e+00
8.453536987304687500e+00
8.479839324951171875e+00
8.498976707458496094e+00
8.448847770690917969e+00
8.539975166320800781e+00
8.480074882507324219e+00
8.482802391052246094e+00
8.453064918518066406e+00
8.424113273620605469e+00
8.521697998046875000e+00
8.416935920715332031e+00
8.473608016967773438e+00
8.560381889343261719e+00
8.568192481994628906e+00
8.533157348632812500e+00
8.460552215576171875e+00
8.466920852661132812e+00
8.414950370788574219e+00
8.526133537292480469e+00
8.551993370056152344e+00
8.501775741577148438e+00
8.426609039306640625e+00
8.484605789184570312e+00
8.398679733276367188e+00
8.528142929077148438e+00
8.427195549011230469e+00
8.458954811096191406e+00
8.417945861816406250e+00
-1.209975108504295349e-01
8.739151954650878906e+00
8.481008529663085938e+00
8.492777824401855469e+00
8.503931999206542969e+00
8.555142402648925781e+00
8.480209350585937500e+00
8.512998580932617188e+00
8.463037490844726562e+00
8.564114570617675781e+00
8.494611740112304688e+00
8.528433799743652344e+00
8.484442710876464844e+00
8.487307548522949219e+00
8.458498001098632812e+00
8.591709136962890625e+00
8.434673309326171875e+00
8.428923606872558594e+00
8.415760040283203125e+00
8.516263961791992188e+00
8.496766090393066406e+00
8.510562896728515625e+00
8.493056297302246094e+00
8.480916976928710938e+00
8.517882347106933594e+00
1.045978292822837830e-01
8.485298156738281250e+00
8.486767768859863281e+00
8.490560531616210938e+00
8.505099296569824219e+00
8.454743385314941406e+00
8.481176376342773438e+00
8.456147193908691406e+00
8.605015754699707031e+00
8.487226486206054688e+00
8.502873420715332031e+00
8.412488937377929688e+00
8.525399208068847656e+00
8.436344146728515625e+00
8.478845596313476562e+00
8.606578826904296875e+00
8.548765182495117188e+00
8.524246215820312500e+00
8.544578552246093750e+00
8.420533180236816406e+00
8.421112060546875000e+00
8.486681938171386719e+00
8.534369468688964844e+00
8.431544303894042969e+00
8.427377700805664062e+00
8.406954765319824219e+00
8.475617408752441406e+00
8.460235595703125000e+00
8.501665115356445312e+00
8.480021476745605469e+00
8.401614189147949219e+00
8.468059539794921875e+00
8.529212951660156250e+00
8.508605957031250000e+00
-8.389551162719726562e+00
-8.734740257263183594e+00
-8.922332763671875000e+00
6.932896375656127930e-01
1.041997313499450684e+00
-8.763755798339843750e+00
1.225161552429199219e+00
1.047861695289611816e+00
-8.882347106933593750e+00
7.060181498527526855e-01
-8.488216400146484375e+00
-1.015103340148925781e+01
5.230823159217834473e-01
9.079217314720153809e-01
-7.654173851013183594e+00
5.255066156387329102e-01
-1.037589168548583984e+01
7.934393882751464844e-01
-8.656060218811035156e+00
6.918084621429443359e-01
-9.298704147338867188e+00
-1.029383659362792969e+01
-1.016596221923828125e+01
-9.416762351989746094e+00
5.935260057449340820e-01
1.387276530265808105e+00
-8.645873069763183594e+00
7.170732021331787109e-01
1.346917033195495605e+00
6.574057340621948242e-01
-1.014034461975097656e+01
-7.786357402801513672e+00
-9.173600196838378906e+00
-1.004372215270996094e+01
-9.086223602294921875e+00
-1.021083831787109375e+01
1.039539575576782227e+00
-8.764430999755859375e+00
1.056660175323486328e+00
-9.291268348693847656e+00
-8.959822654724121094e+00
-9.526644706726074219e+00
-9.858158111572265625e+00
-8.375724792480468750e+00
-7.858213901519775391e+00
1.334587574005126953e+00
-8.504768371582031250e+00
1.427961111068725586e+00
-8.745871543884277344e+00
-7.798247814178466797e+00
6.204101443290710449e-01
-8.312473297119140625e+00
1.346397250890731812e-01
-3.776472434401512146e-02
6.968383193016052246e-01
-9.089106559753417969e+00
-9.858254432678222656e+00
1.351948499679565430e+00
-1.053879070281982422e+01
-9.321834564208984375e+00
7.420881390571594238e-01
-1.034364223480224609e+01
1.499582409858703613e+00
-9.245117187500000000e+00
7.822644710540771484e-01
-8.702729225158691406e+00
-8.877849578857421875e+00
-8.318064689636230469e+00
-8.836956024169921875e+00
-9.414205551147460938e+00
-8.374798774719238281e+00
-8.628749847412109375e+00
-1.023949813842773438e+01
-7.470643043518066406e+00
-8.492221832275390625e+00
1.282686233520507812e+00
-7.979499340057373047e+00
-9.238441467285156250e+00
-1.024394226074218750e+01
-8.122800827026367188e+00
1.039913773536682129e+00
-8.073605537414550781e+00
-7.684474468231201172e+00
-9.948348045349121094e+00
-1.023285388946533203e+01
-7.549957275390625000e+00
-8.900213241577148438e+00
-8.127925872802734375e+00
-8.197648048400878906e+00
-8.471565246582031250e+00
1.424741744995117188e+00
-1.012289333343505859e+01
-1.039138793945312500e+01
-7.925507545471191406e+00
5.623400807380676270e-01
-7.473912715911865234e+00
-9.950164794921875000e+00
-7.717549800872802734e+00
1.243060946464538574e+00
-9.842035293579101562e+00
-8.136633872985839844e+00
1.433868408203125000e+00
-1.044585609436035156e+01
-1.107106208801269531e+01
-8.930191040039062500e+00
9.886938333511352539e-01
-8.494114875793457031e+00
9.593583941459655762e-01
-8.901288032531738281e+00
-9.607470512390136719e+00
-6.300867795944213867e-01
-7.660566806793212891e+00
1.060261726379394531e+00
1.123844146728515625e+00
-7.712418556213378906e+00
-1.009670352935791016e+01
-9.647927284240722656e+00
-9.140156745910644531e+00
-8.351119995117187500e+00
-1.033285427093505859e+01
-8.595223426818847656e+00
-8.259037017822265625e+00
1.046915292739868164e+00
-8.828277587890625000e+00
1.126204490661621094e+00
-1.038560867309570312e+01
4.058997631072998047e-01
-1.017442607879638672e+01
-7.541015625000000000e+00
-1.036837863922119141e+01
-8.790855407714843750e+00
-8.795724868774414062e+00
1.160064101219177246e+00
-9.901737213134765625e+00
8.125594854354858398e-01
-8.767544746398925781e+00
5.942192077636718750e-01
-7.839513301849365234e+00
-1.002772748470306396e-01
-7.717232704162597656e+00
-7.974312305450439453e+00
-8.537961959838867188e+00
7.844017744064331055e-01
-7.497016429901123047e+00
-7.588290691375732422e+00
-9.910101890563964844e+00
-7.948610782623291016e+00
-9.841679573059082031e+00
-8.151236534118652344e+00
-8.644024848937988281e+00
1.185033440589904785e+00
-8.492384910583496094e+00
-1.024138641357421875e+01
-8.812738418579101562e+00
7.822709679603576660e-01
-8.600321769714355469e+00
8.748966455459594727e-01
-9.358443260192871094e+00
-8.654954910278320312e+00
1.464469313621520996e+00
-8.771587371826171875e+00
-8.751012802124023438e+00
-1.024825382232666016e+01
-7.558674812316894531e+00
1.056406140327453613e+00
-8.956772804260253906e+00
-1.099629020690917969e+01
1.106533050537109375e+00
8.564258813858032227e-01
1.213227272033691406e+00
3.445396423339843750e-01
-8.451065063476562500e+00
-8.548467636108398438e+00
8.112514019012451172e-01
-1.005157566070556641e+01
-1.028397941589355469e+01
1.276001214981079102e+00
1.326585888862609863e+00
-9.312686920166015625e+00
-9.083455085754394531e+00
1.404560089111328125e+00
-1.538639783859252930e+00
6.236083507537841797e-01
-8.556523323059082031e+00
-8.281182289123535156e+00
-1.044782447814941406e+01
-1.036606216430664062e+01
-9.767706871032714844e+00
-9.797418594360351562e+00
-9.665899276733398438e+00
-8.568440079689025879e-01
1.794599741697311401e-01
-9.081805229187011719e+00
-8.507795333862304688e+00
-8.606133460998535156e+00
5.484355688095092773e-01
-8.871315956115722656e+00
-9.517709732055664062e+00
-1.017815113067626953e+01
-1.019315433502197266e+01
-5.475224852561950684e-01
2.492155730724334717e-01
3.479730710387229919e-02
-7.211818546056747437e-02
1.207896694540977478e-01
-2.090285271406173706e-01
-7.576365768909454346e-02
7.393858581781387329e-02
-6.174382288008928299e-03
1.034488677978515625e-01
3.346852958202362061e-02
-1.417196691036224365e-01
6.991753727197647095e-02
-2.874781191349029541e-02
-2.632193863391876221e-01
4.180195927619934082e-02
1.280777603387832642e-01
2.116315811872482300e-02
-7.476031780242919922e-01
1.681079864501953125e-01
-1.977401375770568848e-01
3.462334871292114258e-01
3.303355723619461060e-02
-2.214129827916622162e-02
2.718478143215179443e-01
5.029858350753784180e-01
4.754344001412391663e-03
-7.337141036987304688e-02
-2.940062284469604492e-01
-4.099035263061523438e-02
3.368774056434631348e-01
8.488108962774276733e-02
-3.805168345570564270e-02
6.942522595636546612e-04
-1.127832010388374329e-02
-1.380636692047119141e-01
-3.843966126441955566e-02
6.578974425792694092e-02
-2.917238278314471245e-03
1.683297753334045410e-01
7.177785634994506836e-01
-7.627899199724197388e-02
6.086709909141063690e-03
1.475637853145599365e-01
2.794721126556396484e-01
4.024065285921096802e-02
1.238287612795829773e-01
6.194155812263488770e-01
-1.732312887907028198e-01
2.236509695649147034e-03
-2.882884740829467773e-01
1.682518273591995239e-01
4.212496057152748108e-02
3.021647967398166656e-02
-8.401288837194442749e-02
-1.861895434558391571e-02
1.648568063974380493e-01
2.927319705486297607e-01
1.388360857963562012e-01
6.133127212524414062e-02
-2.900117449462413788e-02
-6.968139670789241791e-03
-6.412803530693054199e-01
2.628763318061828613e-01
-2.508436739444732666e-01
3.919574618339538574e-01
-1.794919669628143311e-01
9.058203548192977905e-02
-3.286792710423469543e-02
-1.504421383142471313e-01
-1.449043601751327515e-01
-1.887709498405456543e-01
-7.393871992826461792e-02
-1.517268922179937363e-02
5.766793712973594666e-02
-2.036934047937393188e-01
-1.636792373657226562e+01
-3.212611377239227295e-01
-5.359518900513648987e-02
-2.230126708745956421e-01
-1.197567731142044067e-01
-7.003106921911239624e-02
1.322340518236160278e-01
-3.675018846988677979e-01
-4.164163768291473389e-02
1.278702914714813232e-01
-5.783763900399208069e-02
-8.344287052750587463e-03
7.101266086101531982e-02
1.721283197402954102e-01
5.073242187500000000e-01
2.431305497884750366e-01
-2.673470415174961090e-03
-6.915099173784255981e-02
-1.707010716199874878e-02
5.387561321258544922e-01
-6.457846611738204956e-02
-4.106560349464416504e-01
-3.818301260471343994e-01
-1.365544833242893219e-02
-1.156714782118797302e-01
-4.779797494411468506e-01
1.064022332429885864e-01
8.937733459472656250e+01
1.930963993072509766e-02
-1.094539612531661987e-01
-1.126735359430313110e-01
1.008244380354881287e-01
-4.628492295742034912e-01
1.020603552460670471e-01
-5.942142382264137268e-02
-7.747575640678405762e-02
5.617951229214668274e-02
-5.257127285003662109e-01
3.956766724586486816e-01
-7.857423275709152222e-02
1.867612600326538086e-01
-3.365250229835510254e-01
1.188715174794197083e-01
2.457755208015441895e-01
-1.456491500139236450e-01
2.431509941816329956e-01
-1.536669582128524780e-01
8.226442337036132812e-01
2.315867459401488304e-03
-7.206148654222488403e-02
2.063019573688507080e-02
1.699968129396438599e-01
-2.603149414062500000e-01
-1.388795953243970871e-02
8.111788332462310791e-02
-1.530962139368057251e-01
-6.396850347518920898e-01
8.078654110431671143e-02
-5.834063515067100525e-02
5.701071396470069885e-02
4.874124005436897278e-02
-9.080671519041061401e-02
1.019715368747711182e-01
9.507092088460922241e-02
9.491940587759017944e-02
2.330823326110839844e+01
1.109215468168258667e-01
6.092393770813941956e-02
8.929105848073959351e-02
8.434764295816421509e-02
5.849270522594451904e-02
9.367371350526809692e-02
-8.978546410799026489e-02
6.512408852577209473e-01
1.332856565713882446e-01
3.376796245574951172e-01
3.946059197187423706e-02
1.464514061808586121e-03
2.185193821787834167e-02
-2.752713859081268311e-01
-5.198459699749946594e-02
8.685196191072463989e-02
-2.680903673171997070e-01
5.407783985137939453e-01
2.196913212537765503e-02
-2.299320884048938751e-02
5.868691951036453247e-02
-2.516880929470062256e-01
4.942854866385459900e-02
1.231537684798240662e-01
-8.105384063720703125e+01
3.505918011069297791e-02
-6.302274018526077271e-02
-2.839630544185638428e-01
6.469830870628356934e-02
1.594225317239761353e-01
3.384412080049514771e-02
-3.643295466899871826e-01
-1.784157752990722656e-01
4.083672165870666504e-02
2.596584856510162354e-01
-2.611457109451293945e-01
-1.423578150570392609e-02
2.235753536224365234e-01
2.126265913248062134e-01
6.003331393003463745e-02
2.212638780474662781e-02
-4.283064976334571838e-02
-7.899968624114990234e-01
8.671560883522033691e-02
-7.249952852725982666e-02
-1.065256148576736450e-01
-5.537454411387443542e-02
-1.430258750915527344e-01
-1.065321788191795349e-01
3.180471807718276978e-02
-6.684893369674682617e-02
2.030407488346099854e-01
2.077738642692565918e-01
5.845567584037780762e-02
3.439092934131622314e-01
1.056844219565391541e-01
-7.758938521146774292e-02
-1.398520730435848236e-02
