5.944912572886096314e-06
-1.759549718371999916e-06
-1.896863636829948518e-06
2.644856635924952570e-07
-3.083031742789898999e-06
3.860156141399784246e-07
8.401722766393504571e-07
-2.912503532570553944e-06
1.726181722006003838e-06
-3.257818889323971234e-06
-1.334897433480364271e-06
-2.527366177673684433e-06
-5.498044174601091072e-06
2.152590241166763008e-06
-2.098718368870322593e-06
-6.445938197430223227e-06
-1.525270931779232342e-06
5.658167083311127499e-06
-1.415156361872504931e-06
-2.881023419831763022e-06
6.946656412765150890e-06
7.605060545756714419e-07
-4.811584403796587139e-06
-2.094371666316874325e-06
-1.894119577627861872e-06
-3.447621566010639071e-06
-6.107581612013746053e-06
7.175447080953745171e-06
-3.513304136504302733e-07
-1.024662424242706038e-06
4.568085387290921062e-06
3.474316145002376288e-06
-3.803825620707357302e-06
1.203005837169257575e-07
2.073736368402023800e-06
3.124676140942028724e-06
1.208362277793639805e-06
4.554859060590388253e-06
2.939241994681651704e-06
5.009268079447792843e-06
-6.153726189950248227e-06
2.629050754876516294e-07
5.835017304889333900e-07
-3.050102804991183802e-06
-7.231777544802753255e-06
-3.206109340680995956e-06
2.834527776940376498e-06
-2.526312300688005053e-06
-3.756627393158851191e-06
-1.165203343589382712e-06
-7.197400009317789227e-07
-4.724586233351146802e-06
-1.735665250635065604e-06
1.389076601299166214e-06
-4.433559581684676232e-07
1.222807213707710616e-06
-1.519651050330139697e-06
1.381700599267787766e-06
-1.970822268049232662e-06
4.058081231050891802e-06
-8.587881694666066323e-08
4.266675659891916439e-06
1.027033363243390340e-06
-2.962555527119548060e-06
-5.686266376869753003e-06
1.829447001000517048e-06
-5.777765181846916676e-06
5.047356239629152697e-07
3.892075255862437189e-06
1.615715916614135494e-08
-3.489331675154971890e-06
3.912601187039399520e-06
3.562038955351454206e-06
-6.756853963452158496e-06
-2.019820612986222841e-06
-2.173445182052091695e-06
1.384943909943103790e-02
-1.065582182491198182e-06
-3.246458391004125588e-06
-4.512150098889833316e-06
3.355244757585751358e-07
3.153631723762373440e-06
-4.161434389970963821e-06
-2.053715434158220887e-06
-2.914786591645679437e-06
-1.764818421179370489e-06
-3.762686219488386996e-06
-6.102071665736730210e-07
5.483972472575260326e-06
3.203859250788809732e-06
-5.181354936212301254e-06
3.076753500863560475e-06
7.165348847593122628e-08
-5.655620498146163300e-06
-5.820616479468299076e-06
-6.893750651215668768e-06
-4.707221705757547170e-06
-3.581796192975161830e-07
7.007289468674571253e-07
4.281822839402593672e-06
-1.560922100907191634e-06
-1.034980186886969022e-06
-1.196815219373092987e-06
-2.251306734979152679e-02
-7.549081146862590685e-07
-1.923887339216889814e-06
4.557284682960016653e-06
-7.143572020140709355e-06
-1.112736526920343749e-06
6.062447255317238159e-07
-2.116236572646812419e-07
4.342499778431374580e-06
-4.137461928621632978e-06
2.780260729196015745e-06
2.195090473833261058e-06
-7.172549430833896622e-06
-7.530641141784144565e-07
-5.193121523916488513e-07
2.030445557466009632e-06
-5.027774477639468387e-06
-7.885022569098509848e-06
4.457378054212313145e-06
2.898629531955521088e-07
-4.113533577765338123e-06
-1.825934646149107721e-06
-4.596096914610825479e-06
-1.497873995504050981e-06
5.284445023789885454e-07
-1.598153744453156833e-06
1.315403551416238770e-06
-7.179310614446876571e-06
-3.770940566028002650e-06
1.681749495219264645e-06
-1.171833105217956472e-06
1.835066882449609693e-06
-4.259694378561107442e-06
-5.155187409400241449e-06
2.270783397761988454e-06
-4.086092758370796219e-06
3.209610895282821730e-06
-1.790898181752709206e-06
3.524214960634708405e-03
1.002819544737576507e-06
1.692813725640007760e-06
-3.947879122279118747e-06
3.692613290695589967e-06
9.808449021875276230e-07
-9.154260283139592502e-07
3.619730478021665476e-06
7.281917646650981624e-07
3.705785047714016400e-06
1.511155346634041052e-06
4.764430286741117015e-06
-3.366572400409495458e-06
2.684634864635881968e-06
-2.098410959661123343e-06
-4.923191681882599369e-06
7.396729870379203930e-06
6.525735898321727291e-06
-4.325640475144609809e-06
1.966168156286585145e-06
1.727235456883136067e-07
1.750812657519418281e-06
-2.353764330109697767e-06
3.992047822976019233e-06
-2.010863831003462110e-08
1.107893884181976318e-02
-2.657150162121979520e-06
8.344206889887573197e-07
5.935999979556072503e-06
-3.955847660108702257e-06
2.992586814798414707e-06
7.016070867393864319e-06
-2.154170715584768914e-06
-3.357966988914995454e-06
-2.244352344860089943e-06
1.771492065927304793e-06
-5.606709692074218765e-07
4.286893727112328634e-06
2.130242364728474058e-06
-4.307112249080091715e-07
-1.508411287431954406e-06
4.564046321320347488e-06
-5.732717909268103540e-07
-4.044997695018537343e-06
8.925952101890288759e-07
-3.246447477067704313e-06
2.278335159644484520e-06
2.359296559006907046e-06
-1.161910518021613825e-06
7.543154083577974234e-07
5.312544431035348680e-07
4.818346042156917974e-06
5.200146802053495776e-07
-1.197331130242673680e-06
-3.435547796470928006e-06
2.919001644841046073e-06
3.871747139783110470e-06
2.871013066396699287e-06
-4.211398731968074571e-07
6.107625722506782040e-06
-2.401445499344845302e-06
-1.092320530915458221e-06
1.225961279124021530e-02
-4.005263559520244598e-03
-7.055585342641279567e-07
-1.132498309016227722e-02
-2.371115051209926605e-02
-3.192707254129345529e-06
4.981542937457561493e-03
8.434212759311776608e-07
2.679981037090328755e-07
2.203164156526327133e-03
3.470891714096069336e-02
3.733884341272641905e-06
2.647750452160835266e-02
-5.159402462595608085e-06
-7.388545200228691101e-03
-2.580930640760925598e-06
1.623766310513019562e-02
3.440421210143540520e-07
6.673609220797516173e-08
-7.761319466226268560e-06
-3.640102704594028182e-06
-2.175083197653293610e-02
-6.946721673011779785e-02
-2.987362222484080121e-06
-4.925603419542312622e-02
-1.132898405194282532e-01
-3.028484806418418884e-02
-2.324238039363990538e-06
-5.687275915988720953e-06
-7.953010481287492439e-07
-7.258406185428611934e-06
-2.687444975890684873e-06
1.225046389663475566e-06
-7.266954332590103149e-02
1.465208470108336769e-06
-3.500346466898918152e-02
7.251666829688474536e-06
3.932160836939146975e-07
-2.835932718880940229e-06
-1.043629595187667292e-06
-4.837894721276825294e-06
-2.710012267925776541e-06
3.091294132173061371e-02
-6.196446065587224439e-06
7.352927327156066895e-02
-6.069735263736220077e-06
4.738701591122662649e-06
1.160255260765552521e-02
7.483662557206116617e-06
-1.478851772844791412e-03
-5.490342155098915100e-03
-6.822079420089721680e-03
6.053754077584017068e-06
3.369118985574459657e-06
-1.323116719722747803e-01
1.295207052720570573e-08
1.459632471778604668e-06
1.216334104537963867e-02
-6.549357181029336061e-07
4.242759943008422852e-02
-2.111582716679549776e-06
2.853623218834400177e-02
1.826724883358110674e-06
6.581847173947608098e-07
-2.264263457618653774e-06
-3.121756435575662181e-06
2.327113861610996537e-06
-1.941493337653810158e-06
-3.183135959261562675e-07
-3.481253258996730438e-07
-3.294128646302851848e-06
5.666596734954509884e-06
-1.451955270022153854e-02
1.806125055736629292e-06
6.865036539238644764e-07
1.033882540468766820e-06
-4.537198037724010646e-06
2.627030387520790100e-02
-2.286369635839946568e-06
-3.912842601039301371e-07
-3.675117113743908703e-06
-3.545442723407177255e-06
-3.212640422134427354e-06
-3.755749276024289429e-06
-3.664338237285846844e-07
-8.125119279611681122e-07
-1.402248244630754925e-06
-9.908744134008884430e-03
-2.182006710427231155e-06
8.412611350649967790e-06
-3.470276794814708410e-07
3.520118771120905876e-03
-1.976354269572766498e-06
1.301529437114368193e-06
-1.396452717017382383e-06
9.862229228019714355e-03
3.379743930054246448e-06
-2.157397830160334706e-06
4.334598407149314880e-02
5.607500042970059440e-06
9.795057849260047078e-07
2.234956582469749264e-06
-3.370194509625434875e-02
-2.633660869832965545e-06
-3.862517699599266052e-02
2.838040245478623547e-06
-1.415902829648985062e-06
2.389161661267280579e-02
1.174203930531803053e-06
-3.524734452366828918e-02
6.427749991416931152e-02
-4.626391728379530832e-06
4.242044724378501996e-06
3.190358484062016942e-06
1.399701773152628448e-06
-3.123424789919226896e-07
7.128029210434760898e-06
2.045724613708443940e-06
-1.583884596811913070e-07
-5.475691054016351700e-03
-2.037206968452665024e-06
2.895183116197586060e-02
-2.175069766963133588e-06
1.495165284723043442e-03
2.552831119828624651e-06
-2.759010442332510138e-07
-3.852253030345309526e-06
7.865199904699693434e-07
2.643100494026384695e-08
-2.157384902238845825e-02
3.715444108820520341e-06
-1.395071111619472504e-02
-9.854111340246163309e-07
-4.466538503766059875e-02
3.639751469108887250e-07
-8.511996269226074219e-02
1.185707219519827049e-06
-2.407768079137895256e-06
-2.111363073709071614e-06
-1.182432193309068680e-02
-2.352008152683993103e-07
2.037207025296083884e-08
1.783961124601773918e-06
-1.276766852242872119e-06
2.828907781804446131e-06
2.770074615909834392e-06
2.271705398015910760e-06
-7.232070900499820709e-03
-2.290628572154673748e-06
3.858224317809799686e-06
-2.982719252031529322e-06
1.341263414360582829e-03
3.905290668626548722e-06
2.312118560075759888e-02
-9.264726031688041985e-06
5.193011816118087154e-07
5.543578788638114929e-02
2.739604497037362307e-06
3.636546352936420590e-06
-2.473230779287405312e-06
-2.881879709093482234e-06
7.232618052512407303e-03
1.290617819904582575e-05
1.852014406722446438e-06
1.358224730938673019e-02
2.724487707018852234e-02
-4.406482726335525513e-02
2.936186210718005896e-04
3.071616447414271533e-06
4.815096872334834188e-07
-6.227578967809677124e-03
1.163403226200898644e-06
-2.582577053544810042e-06
1.855066716670989990e-01
2.235246822237968445e-02
-3.385934633115539327e-06
4.689330125984270126e-06
7.822542637586593628e-02
9.605911560356616974e-03
-9.341805242002010345e-03
2.191665998907410540e-06
1.985925564440549351e-06
5.017061539547285065e-07
1.222543801304709632e-06
-5.715200131817255169e-06
3.667279997898731381e-06
-5.659835096594179049e-06
1.312355976551771164e-02
1.363245397806167603e-02
-6.542376013385364786e-06
6.888745218702752027e-08
2.359076916036428884e-06
2.199015580117702484e-02
2.035143552348017693e-06
4.805437583854654804e-06
-3.007690338563406840e-06
-7.634257599420379847e-07
-4.151432961225509644e-02
-2.119419537484645844e-02
-2.740669995546340942e-02
-4.223435185849666595e-03
1.544548943638801575e-02
7.802261412143707275e-02
-1.408882811665534973e-02
1.046654358506202698e-01
-2.250336669385433197e-02
3.379911184310913086e-02
-4.828686639666557312e-02
-5.034619569778442383e-02
2.955846302211284637e-02
4.334781318902969360e-02
1.223118752241134644e-01
-6.574328243732452393e-02
2.254162915050983429e-02
-1.003580912947654724e-02
6.722365319728851318e-02
3.111409954726696014e-02
1.552842110395431519e-01
-4.260843992233276367e-02
-4.944387450814247131e-02
6.230588257312774658e-02
-1.190008074045181274e-01
-4.427150264382362366e-02
4.338621348142623901e-02
1.232179477810859680e-01
4.583150893449783325e-02
4.414908762555569410e-04
-8.598938584327697754e-02
-3.304192796349525452e-02
-3.089953027665615082e-02
5.918008834123611450e-02
-1.385228801518678665e-02
4.118962213397026062e-02
-6.097662821412086487e-02
-1.694325823336839676e-03
-5.462111160159111023e-02
7.278752513229846954e-03
4.746248573064804077e-02
7.137155532836914062e-02
1.834548413753509521e-01
-8.429214358329772949e-02
-1.160283759236335754e-01
-8.737839013338088989e-02
-1.957227475941181183e-02
1.083123013377189636e-01
-7.858565449714660645e-02
-3.974045813083648682e-02
-1.141300797462463379e-02
-1.171871721744537354e-01
5.625076964497566223e-02
2.485723607242107391e-02
-1.107361018657684326e-01
4.276526346802711487e-02
-6.264308467507362366e-03
-1.246327981352806091e-01
-1.295465379953384399e-01
3.544721752405166626e-02
-6.169716652948409319e-05
1.991735398769378662e-02
-3.461012616753578186e-02
-6.758188456296920776e-02
1.133564934134483337e-01
5.201394204050302505e-03
1.801191270351409912e-02
5.211077257990837097e-02
-2.275692671537399292e-02
-1.910942373797297478e-03
1.071733534336090088e-01
-2.662895061075687408e-02
-5.618657916784286499e-03
-2.524295635521411896e-02
-5.670769885182380676e-02
4.211856052279472351e-02
-1.084237266331911087e-02
2.060683071613311768e-01
1.887309364974498749e-03
1.211874932050704956e-01
-4.034897685050964355e-02
4.224906489253044128e-02
3.029726445674896240e-02
-6.795640569180250168e-03
3.102230839431285858e-03
3.250313177704811096e-02
4.066013731062412262e-03
-3.176041319966316223e-02
2.309719659388065338e-02
2.137623913586139679e-02
6.521932780742645264e-02
-1.081419736146926880e-01
3.430492058396339417e-02
3.817165642976760864e-02
-4.611178487539291382e-02
4.027310386300086975e-02
-5.578134581446647644e-02
-4.519905522465705872e-02
1.453426852822303772e-02
2.863244153559207916e-02
3.834155574440956116e-02
5.646186880767345428e-03
-8.445728570222854614e-02
5.827148444950580597e-03
-3.928150609135627747e-02
-9.042334556579589844e-02
-1.023152004927396774e-02
-2.290733344852924347e-02
-4.709339700639247894e-03
1.422258000820875168e-02
9.137284010648727417e-02
-2.913636341691017151e-02
5.904521676711738110e-04
-9.316820651292800903e-02
-1.316089630126953125e-01
-1.208654418587684631e-02
-2.089525014162063599e-01
-2.886067144572734833e-02
4.545874521136283875e-02
6.097450107336044312e-02
8.856512606143951416e-02
-1.194423511624336243e-01
7.615591399371623993e-03
6.271066516637802124e-02
-2.362387068569660187e-02
-1.474712137132883072e-02
3.502573072910308838e-02
-3.600861877202987671e-02
1.147699952125549316e-01
-3.395882621407508850e-02
-1.058781594038009644e-01
-1.025132238864898682e-01
4.853947903029620647e-04
-6.343556940555572510e-02
-8.572228997945785522e-02
-3.572879731655120850e-02
5.377943813800811768e-02
3.484301641583442688e-02
-2.630573697388172150e-02
3.034029901027679443e-02
2.498146891593933105e-02
2.653959766030311584e-02
3.830046160146594048e-03
-4.386503249406814575e-02
2.930118888616561890e-02
-1.079301685094833374e-01
3.118289820849895477e-02
7.878597080707550049e-02
4.454872757196426392e-02
4.241603985428810120e-02
2.756023593246936798e-02
-1.524749100208282471e-01
-3.794590383768081665e-02
7.433273829519748688e-03
2.406032057479023933e-03
1.527384221553802490e-01
2.092450391501188278e-03
3.024838864803314209e-02
1.320322323590517044e-02
3.886640444397926331e-02
4.294122755527496338e-02
5.986342206597328186e-02
-3.870614245533943176e-02
1.196648776531219482e-01
3.339190408587455750e-02
4.473191872239112854e-02
-7.699173875153064728e-03
-3.785960376262664795e-03
6.501568015664815903e-03
1.475044637918472290e-01
9.216924011707305908e-02
-2.698680572211742401e-02
-3.823400288820266724e-02
-3.078070841729640961e-02
-4.622891545295715332e-02
-2.347458340227603912e-02
2.053464204072952271e-01
1.182147650979459286e-03
5.827564373612403870e-02
-7.707781344652175903e-02
2.409311756491661072e-02
-8.238322287797927856e-02
4.181381687521934509e-02
-3.912239894270896912e-02
5.121303722262382507e-02
1.240197382867336273e-02
-6.745257228612899780e-02
3.524038568139076233e-02
-5.966755002737045288e-02
4.718205705285072327e-02
-2.346090041100978851e-02
-1.400142908096313477e-01
4.403243586421012878e-02
-1.219148468226194382e-02
-5.784803628921508789e-02
-2.860505692660808563e-02
-3.469819948077201843e-02
-2.232401259243488312e-02
-5.070798099040985107e-02
5.621778219938278198e-02
