3.912471607327461243e-02
-3.402727097272872925e-02
6.938315927982330322e-02
-1.246416196227073669e-01
-6.428936868906021118e-02
6.825730949640274048e-02
-5.136885680258274078e-03
4.610758740454912186e-03
8.323021233081817627e-02
1.110048219561576843e-01
-1.150151016190648079e-03
-2.924545854330062866e-02
-1.146965324878692627e-01
-7.395859807729721069e-02
7.278703153133392334e-02
6.196097470819950104e-03
-3.450941666960716248e-02
-8.303999900817871094e-02
4.993440955877304077e-02
7.836832664906978607e-03
4.804466664791107178e-02
-9.632078558206558228e-02
6.298564374446868896e-03
3.467428497970104218e-03
-7.179273664951324463e-02
-3.655378893017768860e-02
-5.372286587953567505e-02
1.228732690215110779e-01
-5.735024064779281616e-02
-2.584733441472053528e-02
3.488339483737945557e-02
-3.245843574404716492e-03
1.219252031296491623e-02
-7.064975053071975708e-02
-7.402374595403671265e-02
-3.863166272640228271e-02
-2.753077074885368347e-02
-1.225042641162872314e-01
-5.556290969252586365e-02
4.954793676733970642e-02
5.151969380676746368e-03
5.286452919244766235e-02
9.108043462038040161e-02
-5.404914543032646179e-02
-6.833004951477050781e-02
-2.346927300095558167e-02
3.038277104496955872e-02
5.526012741029262543e-03
1.176851987838745117e-01
-5.140812136232852936e-03
-8.929790556430816650e-02
-6.138568371534347534e-02
-6.733711808919906616e-02
-1.158276721835136414e-01
-9.973003715276718140e-02
-4.383509233593940735e-02
-6.073972955346107483e-02
-8.375208824872970581e-02
2.899479866027832031e-01
1.769695058465003967e-02
7.419926673173904419e-02
3.576824441552162170e-02
-6.151493638753890991e-03
-8.671366423368453979e-02
5.970670655369758606e-02
1.769607700407505035e-02
6.186159700155258179e-02
5.073541030287742615e-02
-6.855756044387817383e-02
6.691541522741317749e-03
5.674938857555389404e-02
-1.303573255427181721e-03
1.500505954027175903e-02
-7.348039001226425171e-02
-9.484577178955078125e-02
9.070622175931930542e-02
1.249517053365707397e-01
2.049134299159049988e-02
4.619070142507553101e-02
3.854075074195861816e-02
4.537550732493400574e-03
-3.114947862923145294e-02
8.545689284801483154e-02
-2.323832735419273376e-02
-9.837853163480758667e-02
9.794986993074417114e-02
1.593633787706494331e-04
-5.765680596232414246e-02
7.248261570930480957e-02
1.898514479398727417e-02
2.167891897261142731e-02
-6.785725057125091553e-02
1.376205235719680786e-01
4.032721277326345444e-03
5.778553709387779236e-02
5.127229169011116028e-02
-3.200920671224594116e-02
6.541658192873001099e-02
-3.185537410899996758e-03
1.359198521822690964e-02
7.445146888494491577e-02
1.695013046264648438e-02
-7.783609628677368164e-02
-9.175167977809906006e-02
6.851699203252792358e-02
-5.671579018235206604e-02
-9.674834087491035461e-03
6.779421865940093994e-02
-2.397983334958553314e-02
-9.158838540315628052e-03
1.687640137970447540e-02
-9.814601391553878784e-02
-4.244719818234443665e-02
-9.568957611918449402e-03
-5.221743881702423096e-02
2.532833442091941833e-02
3.187407040968537331e-03
-5.333946552127599716e-03
-3.076710551977157593e-02
-4.309283941984176636e-02
1.009334325790405273e-01
-3.660833090543746948e-02
-5.006929859519004822e-02
-2.781016193330287933e-02
-6.076524779200553894e-02
1.222609579563140869e-01
-1.169984112493693829e-03
1.762917935848236084e-01
7.854674011468887329e-02
1.161575093865394592e-01
-8.581417053937911987e-02
2.615934610366821289e-02
-5.737624689936637878e-02
1.397678349167108536e-02
-7.723121345043182373e-02
7.881043851375579834e-02
5.253357812762260437e-02
4.688221961259841919e-03
-1.516005247831344604e-01
9.693968296051025391e-02
9.434757381677627563e-02
-1.305790394544601440e-01
6.508109718561172485e-02
-1.296787057071924210e-02
8.503156900405883789e-02
1.984292082488536835e-02
8.776971697807312012e-02
-1.049829297699034214e-03
-3.158540464937686920e-03
9.772514924407005310e-03
-4.333763197064399719e-02
-1.158930882811546326e-01
-4.024424403905868530e-02
8.263880014419555664e-02
5.610577762126922607e-02
1.192687749862670898e-01
-2.205801196396350861e-02
1.376776257529854774e-03
1.313673108816146851e-01
-3.195324167609214783e-02
-6.418075412511825562e-02
3.441198170185089111e-02
7.803081721067428589e-02
7.524882256984710693e-02
-3.779326751828193665e-02
-3.258637338876724243e-02
8.998420089483261108e-02
2.446872182190418243e-02
-9.554569609463214874e-03
6.824230402708053589e-02
-8.066692948341369629e-02
-5.819133296608924866e-02
-5.007404461503028870e-02
-1.956300064921379089e-02
6.984204053878784180e-02
3.835567459464073181e-02
4.592614248394966125e-02
4.506263212533667684e-05
-2.194178104400634766e-02
-5.231078341603279114e-02
1.240032631903886795e-02
1.898893713951110840e-01
2.346163988113403320e-01
-1.268222369253635406e-02
1.109947487711906433e-01
8.497595787048339844e-02
8.507245779037475586e-02
-1.971765980124473572e-02
-4.495393484830856323e-02
-2.467451989650726318e-02
-9.125324338674545288e-02
2.459888346493244171e-02
2.576515451073646545e-02
-4.097469523549079895e-02
-6.575766950845718384e-02
-4.615055024623870850e-02
3.977003216277807951e-04
7.507422566413879395e-02
-1.250161081552505493e-01
4.832860082387924194e-02
