8.488160133361816406e+00
8.506331443786621094e+00
8.432008743286132812e+00
8.501901626586914062e+00
8.522586822509765625e+00
8.505701065063476562e+00
8.546141624450683594e+00
8.416807174682617188e+00
8.561599731445312500e+00
8.412028312683105469e+00
8.379355430603027344e+00
8.536728858947753906e+00
8.472114562988281250e+00
8.452416419982910156e+00
8.465229034423828125e+00
8.483748435974121094e+00
8.483848571777343750e+00
8.472474098205566406e+00
8.504267692565917969e+00
8.500452041625976562e+00
8.436595916748046875e+00
8.548267364501953125e+00
8.504907608032226562e+00
8.454526901245117188e+00
8.446052551269531250e+00
8.489079475402832031e+00
8.458468437194824219e+00
8.376440048217773438e+00
8.480787277221679688e+00
8.499661445617675781e+00
8.474914550781250000e+00
8.446551322937011719e+00
8.503739356994628906e+00
8.536715507507324219e+00
8.487908363342285156e+00
8.497561454772949219e+00
8.452953338623046875e+00
8.428878784179687500e+00
8.463546752929687500e+00
8.490425109863281250e+00
8.398028373718261719e+00
8.532769203186035156e+00
8.310760498046875000e+00
8.492783546447753906e+00
8.426892280578613281e+00
8.577201843261718750e+00
8.448881149291992188e+00
8.437959671020507812e+00
8.492035865783691406e+00
8.433278083801269531e+00
8.547859191894531250e+00
8.454388618469238281e+00
8.615984916687011719e+00
8.421382904052734375e+00
8.442366600036621094e+00
8.439812660217285156e+00
8.517497062683105469e+00
8.504965782165527344e+00
8.424943923950195312e+00
8.533383369445800781e+00
8.468557357788085938e+00
8.444810867309570312e+00
8.398903846740722656e+00
8.421981811523437500e+00
8.545756340026855469e+00
8.543075561523437500e+00
8.511375427246093750e+00
8.440601348876953125e+00
8.511216163635253906e+00
8.474197387695312500e+00
8.470602035522460938e+00
8.489608764648437500e+00
8.602992057800292969e+00
8.418850898742675781e+00
8.528120994567871094e+00
8.445828437805175781e+00
1.232293486595153809e+00
8.502903938293457031e+00
8.564105987548828125e+00
8.601753234863281250e+00
8.601852416992187500e+00
8.466609001159667969e+00
8.460538864135742188e+00
8.472524642944335938e+00
8.575168609619140625e+00
8.498579025268554688e+00
8.529328346252441406e+00
8.467986106872558594e+00
8.424901008605957031e+00
8.468292236328125000e+00
8.517148017883300781e+00
8.547700881958007812e+00
8.564787864685058594e+00
8.479022979736328125e+00
8.496520042419433594e+00
8.430365562438964844e+00
8.485321044921875000e+00
8.473608016967773438e+00
8.441429138183593750e+00
8.510418891906738281e+00
8.414132118225097656e+00
8.494790077209472656e+00
8.505397796630859375e+00
-4.640423357486724854e-01
8.539768218994140625e+00
8.449287414550781250e+00
8.487811088562011719e+00
8.438552856445312500e+00
8.461102485656738281e+00
8.539514541625976562e+00
8.494805335998535156e+00
8.488091468811035156e+00
8.448330879211425781e+00
8.441834449768066406e+00
8.422664642333984375e+00
8.613793373107910156e+00
8.478059768676757812e+00
8.508927345275878906e+00
8.480102539062500000e+00
8.505023956298828125e+00
8.464086532592773438e+00
8.484217643737792969e+00
8.507162094116210938e+00
8.484063148498535156e+00
8.485157012939453125e+00
8.488935470581054688e+00
8.477580070495605469e+00
8.441162109375000000e+00
8.493860244750976562e+00
8.463613510131835938e+00
8.524746894836425781e+00
8.410878181457519531e+00
8.468376159667968750e+00
8.548559188842773438e+00
8.504205703735351562e+00
8.444021224975585938e+00
8.337831497192382812e+00
8.450753211975097656e+00
8.520141601562500000e+00
8.555187225341796875e+00
8.541523933410644531e+00
-1.360269039869308472e-01
8.651167869567871094e+00
8.500657081604003906e+00
8.459362030029296875e+00
8.542417526245117188e+00
8.545375823974609375e+00
8.453463554382324219e+00
8.465846061706542969e+00
8.471493721008300781e+00
8.554110527038574219e+00
8.541822433471679688e+00
8.579738616943359375e+00
8.491390228271484375e+00
8.428894996643066406e+00
8.508608818054199219e+00
8.595628738403320312e+00
8.509471893310546875e+00
8.454794883728027344e+00
8.500750541687011719e+00
8.496527671813964844e+00
8.493754386901855469e+00
8.481194496154785156e+00
8.426110267639160156e+00
8.503458023071289062e+00
8.430626869201660156e+00
1.219247877597808838e-01
8.469017028808593750e+00
8.487729072570800781e+00
8.440915107727050781e+00
8.454850196838378906e+00
8.489020347595214844e+00
8.488526344299316406e+00
8.457282066345214844e+00
8.521419525146484375e+00
8.551832199096679688e+00
8.411530494689941406e+00
8.494431495666503906e+00
8.418560981750488281e+00
8.490126609802246094e+00
8.438190460205078125e+00
8.576074600219726562e+00
8.497286796569824219e+00
8.509203910827636719e+00
8.519514083862304688e+00
8.430349349975585938e+00
8.502776145935058594e+00
8.581236839294433594e+00
8.577040672302246094e+00
8.536201477050781250e+00
8.445034027099609375e+00
8.484790802001953125e+00
8.477317810058593750e+00
8.463410377502441406e+00
8.436079978942871094e+00
8.431748390197753906e+00
8.456054687500000000e+00
8.515742301940917969e+00
8.475290298461914062e+00
8.557289123535156250e+00
-8.434037208557128906e+00
-8.730592727661132812e+00
-8.945439338684082031e+00
7.589097619056701660e-01
1.035789132118225098e+00
-8.632877349853515625e+00
1.196656703948974609e+00
1.067136764526367188e+00
-8.997125625610351562e+00
7.667433023452758789e-01
-8.439309120178222656e+00
-1.020068550109863281e+01
5.138987898826599121e-01
8.123549222946166992e-01
-7.745111942291259766e+00
4.946219921112060547e-01
-1.034653949737548828e+01
7.527489662170410156e-01
-8.599180221557617188e+00
6.356145739555358887e-01
-9.233846664428710938e+00
-1.025453186035156250e+01
-1.013264656066894531e+01
-9.475848197937011719e+00
5.726612806320190430e-01
1.360644340515136719e+00
-8.763854980468750000e+00
7.403508424758911133e-01
1.444845557212829590e+00
5.622727870941162109e-01
-1.024026584625244141e+01
-7.713098049163818359e+00
-9.181699752807617188e+00
-1.001625251770019531e+01
-9.001403808593750000e+00
-1.012460613250732422e+01
1.062154173851013184e+00
-8.887976646423339844e+00
1.056702256202697754e+00
-9.328456878662109375e+00
-9.018304824829101562e+00
-9.452420234680175781e+00
-9.875182151794433594e+00
-8.423536300659179688e+00
-7.773970603942871094e+00
1.293955802917480469e+00
-8.499169349670410156e+00
1.509944558143615723e+00
-8.625432014465332031e+00
-7.826408863067626953e+00
6.862985491752624512e-01
-8.365763664245605469e+00
1.381698548793792725e-01
1.987248193472623825e-03
7.228668928146362305e-01
-9.043735504150390625e+00
-9.865421295166015625e+00
1.369164466857910156e+00
-1.058288097381591797e+01
-9.359745979309082031e+00
8.413911461830139160e-01
-1.033437061309814453e+01
1.566079139709472656e+00
-9.131675720214843750e+00
7.910825014114379883e-01
-8.660620689392089844e+00
-8.902915000915527344e+00
-8.385344505310058594e+00
-8.915004730224609375e+00
-9.385149955749511719e+00
-8.380716323852539062e+00
-8.652310371398925781e+00
-1.021333217620849609e+01
-7.371656417846679688e+00
-8.548521041870117188e+00
1.256164431571960449e+00
-7.925582408905029297e+00
-9.201140403747558594e+00
-1.013981819152832031e+01
-8.081968307495117188e+00
1.067760229110717773e+00
-8.032024383544921875e+00
-7.610665798187255859e+00
-9.962145805358886719e+00
-1.030458927154541016e+01
-7.538993358612060547e+00
-8.960424423217773438e+00
-8.107465744018554688e+00
-8.198046684265136719e+00
-8.414355278015136719e+00
1.507720351219177246e+00
-1.019708538055419922e+01
-1.027649116516113281e+01
-7.877781391143798828e+00
5.918259620666503906e-01
-7.366537094116210938e+00
-9.929965019226074219e+00
-7.745924949645996094e+00
1.230492353439331055e+00
-9.845757484436035156e+00
-8.113865852355957031e+00
1.416671037673950195e+00
-1.034402656555175781e+01
-1.102390861511230469e+01
-8.900064468383789062e+00
1.007878899574279785e+00
-8.480192184448242188e+00
9.073277711868286133e-01
-8.818710327148437500e+00
-9.565659523010253906e+00
-5.945687294006347656e-01
-7.749840259552001953e+00
1.103793978691101074e+00
1.103551268577575684e+00
-7.711054801940917969e+00
-1.008935928344726562e+01
-9.628861427307128906e+00
-9.227793693542480469e+00
-8.375880241394042969e+00
-1.034175872802734375e+01
-8.587318420410156250e+00
-8.307127952575683594e+00
1.042531967163085938e+00
-8.923894882202148438e+00
1.155050396919250488e+00
-1.028009796142578125e+01
4.066721498966217041e-01
-1.016217136383056641e+01
-7.522903442382812500e+00
-1.038804817199707031e+01
-8.791007041931152344e+00
-8.899116516113281250e+00
1.236981868743896484e+00
-9.932602882385253906e+00
7.844717502593994141e-01
-8.786217689514160156e+00
6.314266920089721680e-01
-7.747486591339111328e+00
-1.082265749573707581e-01
-7.783246040344238281e+00
-7.855659008026123047e+00
-8.519298553466796875e+00
6.683720946311950684e-01
-7.478307723999023438e+00
-7.669681549072265625e+00
-9.996006011962890625e+00
-7.984638690948486328e+00
-9.810529708862304688e+00
-8.203615188598632812e+00
-8.664049148559570312e+00
1.256223320960998535e+00
-8.451364517211914062e+00
-1.024837112426757812e+01
-8.839201927185058594e+00
7.237742543220520020e-01
-8.596914291381835938e+00
8.525332808494567871e-01
-9.359086036682128906e+00
-8.590601921081542969e+00
1.414287090301513672e+00
-8.692278861999511719e+00
-8.657200813293457031e+00
-1.022252178192138672e+01
-7.468178749084472656e+00
1.111255526542663574e+00
-9.011917114257812500e+00
-1.095664405822753906e+01
1.127827882766723633e+00
9.071400165557861328e-01
1.219996094703674316e+00
3.142127394676208496e-01
-8.494875907897949219e+00
-8.603858947753906250e+00
8.008953332901000977e-01
-1.003128623962402344e+01
-1.019477558135986328e+01
1.329073071479797363e+00
1.424399137496948242e+00
-9.421263694763183594e+00
-9.040137290954589844e+00
1.345329642295837402e+00
-1.506112456321716309e+00
5.521913170814514160e-01
-8.555080413818359375e+00
-8.252346992492675781e+00
-1.035883331298828125e+01
-1.039355182647705078e+01
-9.867280960083007812e+00
-9.708630561828613281e+00
-9.650024414062500000e+00
-7.739547491073608398e-01
1.479115933179855347e-01
-8.995292663574218750e+00
-8.512500762939453125e+00
-8.577818870544433594e+00
4.556201398372650146e-01
-8.947402000427246094e+00
-9.523787498474121094e+00
-1.016431903839111328e+01
-1.019475936889648438e+01
-5.840574502944946289e-01
7.374724745750427246e-02
2.489753440022468567e-02
2.756503410637378693e-02
1.174491047859191895e-01
-2.090997248888015747e-01
-1.129555404186248779e-01
5.582682788372039795e-02
-1.633930578827857971e-02
7.957278937101364136e-02
1.770256161689758301e-01
-1.449443399906158447e-01
-5.844159051775932312e-03
1.911288127303123474e-02
-3.274616897106170654e-01
7.449617236852645874e-02
1.011013165116310120e-01
-2.882843092083930969e-02
-7.066830396652221680e-01
1.639334708452224731e-01
-4.935346171259880066e-02
3.641615211963653564e-01
1.739649772644042969e-01
7.489132881164550781e-02
2.488141208887100220e-01
4.018582403659820557e-01
-3.943473473191261292e-02
-7.919142395257949829e-02
-1.670769751071929932e-01
-1.557557433843612671e-01
2.389835715293884277e-01
2.826570346951484680e-02
-5.655193328857421875e-02
9.201586991548538208e-02
-2.608302980661392212e-02
-2.637357711791992188e-01
2.223606966435909271e-02
2.100189030170440674e-01
9.304863400757312775e-03
1.702648103237152100e-01
5.120254755020141602e-01
-7.227497547864913940e-02
-5.178700387477874756e-02
2.194898426532745361e-01
2.816922068595886230e-01
-1.386504038237035275e-03
1.205229163169860840e-01
3.847845196723937988e-01
-7.912591099739074707e-02
8.788269758224487305e-02
-2.319185435771942139e-01
1.278718113899230957e-01
-6.184580549597740173e-02
1.577524654567241669e-02
-1.222748011350631714e-01
1.439377386122941971e-02
1.109403595328330994e-01
2.491879612207412720e-01
-1.285103857517242432e-01
8.603958785533905029e-02
-1.132146175950765610e-02
-2.233158424496650696e-02
-5.799914598464965820e-01
2.558338046073913574e-01
-2.340729981660842896e-01
3.456631004810333252e-01
-1.264913380146026611e-01
2.821763604879379272e-02
-4.815246164798736572e-02
-1.366758048534393311e-01
-8.667367696762084961e-02
-8.882533013820648193e-02
-1.237969473004341125e-01
-1.249015256762504578e-01
-1.753972470760345459e-02
-1.560668945312500000e-01
1.335520744323730469e+01
-2.212310731410980225e-01
-2.331492751836776733e-01
-1.241567358374595642e-01
-1.012102514505386353e-01
-1.909515708684921265e-01
8.740626275539398193e-02
3.439728170633316040e-02
-1.565965712070465088e-01
8.751887828111648560e-02
-6.354089081287384033e-02
-1.019429042935371399e-01
-6.035089492797851562e-03
7.277266681194305420e-02
4.905892014503479004e-01
1.928119808435440063e-01
4.358631372451782227e-02
-4.596822336316108704e-02
-1.006916463375091553e-01
4.948841333389282227e-01
-7.945657521486282349e-02
-4.584974050521850586e-01
-3.215031921863555908e-01
-6.587201356887817383e-02
-8.023117482662200928e-02
-3.739508986473083496e-01
1.213587895035743713e-01
-3.742093658447265625e+01
5.620287731289863586e-02
-1.035450547933578491e-01
-1.031463220715522766e-01
1.489932090044021606e-01
-3.567084372043609619e-01
1.357999145984649658e-01
4.091880470514297485e-02
-1.188173666596412659e-01
6.794057786464691162e-02
-5.337246060371398926e-01
3.562610149383544922e-01
-5.593648552894592285e-02
3.189859986305236816e-01
-2.897723317146301270e-01
7.328210771083831787e-02
3.440051972866058350e-01
-1.235346198081970215e-01
1.862416267395019531e-01
-1.195925995707511902e-01
7.619410753250122070e-01
9.977106004953384399e-02
-8.520144969224929810e-02
4.297037422657012939e-02
1.763205081224441528e-01
-3.388095796108245850e-01
-3.576507791876792908e-02
1.088747009634971619e-01
-2.036236077547073364e-01
2.904123365879058838e-01
7.104372978210449219e-02
-9.114366769790649414e-02
9.263116866350173950e-02
7.164783775806427002e-02
-2.362336218357086182e-02
3.584141656756401062e-02
9.014666080474853516e-02
1.487217843532562256e-01
-1.141010761260986328e+01
9.853864461183547974e-02
3.978744149208068848e-02
1.334921270608901978e-01
8.042255789041519165e-02
1.119189336895942688e-01
3.080057166516780853e-02
-7.016137987375259399e-02
6.380156278610229492e-01
1.088792234659194946e-01
2.514550089836120605e-01
8.524700254201889038e-02
-1.277293078601360321e-02
-7.760668545961380005e-02
-2.407748550176620483e-01
3.479766473174095154e-02
5.280068144202232361e-02
-3.420214056968688965e-01
5.489668846130371094e-01
-3.303016349673271179e-02
-6.825918331742286682e-03
1.310184411704540253e-02
-3.339859247207641602e-01
1.031807512044906616e-01
3.160845860838890076e-02
3.382898712158203125e+01
6.601499766111373901e-02
-1.063045933842658997e-01
-2.018470466136932373e-01
-3.683050349354743958e-02
2.545025050640106201e-01
1.262421533465385437e-02
-3.097193539142608643e-01
-4.352899268269538879e-02
6.557060033082962036e-02
2.231338322162628174e-01
-2.338453531265258789e-01
-1.138160303235054016e-01
2.514029145240783691e-01
1.998711675405502319e-01
-2.831508405506610870e-02
-6.967402528971433640e-03
-1.285618096590042114e-01
-8.158825635910034180e-01
1.349079906940460205e-01
1.349746435880661011e-02
-1.871489733457565308e-02
-3.966632299125194550e-03
-1.614377200603485107e-01
7.477750629186630249e-02
2.327361516654491425e-02
-5.073799937963485718e-02
1.754953712224960327e-01
1.852948516607284546e-01
1.603193581104278564e-02
3.526208400726318359e-01
-5.897417291998863220e-02
9.880810976028442383e-02
-1.238246336579322815e-01
