-1.334646530449390411e-02
-1.542340498417615891e-02
-4.133770987391471863e-02
-8.671391755342483521e-02
7.577500492334365845e-02
2.384938448667526245e-01
-9.863416105508804321e-02
-1.752250939607620239e-01
-1.021773889660835266e-01
6.550013422966003418e-01
-4.064022749662399292e-02
1.028443798422813416e-01
-4.320488870143890381e-02
1.733877882361412048e-02
-4.634517431259155273e-02
2.226722091436386108e-01
-1.891315430402755737e-01
-1.386133432388305664e-01
-7.477793097496032715e-02
2.202821820974349976e-01
2.536214888095855713e-01
4.119507372379302979e-01
3.267440572381019592e-02
-3.206693567335605621e-03
-5.801126733422279358e-02
3.275932511314749718e-03
3.278634324669837952e-02
-3.874904289841651917e-02
-3.758200630545616150e-02
-1.129725500941276550e-01
-4.650554805994033813e-02
-1.143146604299545288e-01
8.066057227551937103e-03
4.560227692127227783e-02
