-3.569597303867340088e-01
-6.517299264669418335e-02
9.432885795831680298e-02
-2.026523649692535400e-01
-1.315926909446716309e-01
2.036346197128295898e-01
3.975043892860412598e-01
-2.516325712203979492e-01
4.173768311738967896e-02
-3.594414293766021729e-01
3.811031579971313477e-02
-1.445894122123718262e+00
-1.275048494338989258e+00
-1.563964128494262695e+00
-2.725218772888183594e+00
-2.414338588714599609e+00
-9.729929566383361816e-01
-3.459027528762817383e+00
-1.908512353897094727e+00
-2.087542533874511719e+00
-1.668213605880737305e+00
-1.120974063873291016e+00
