2.400181442499160767e-02
2.118642330169677734e-01
2.762213908135890961e-02
2.722204104065895081e-02
-8.676135540008544922e-02
-7.878283411264419556e-02
-2.769077941775321960e-02
-2.736585140228271484e-01
-8.197248727083206177e-02
1.208810601383447647e-02
2.949897646903991699e-01
5.765124037861824036e-02
-1.304866373538970947e-01
-1.989923715591430664e-01
-2.554835677146911621e-01
-1.297348737716674805e-01
-3.422863483428955078e-01
-4.976335465908050537e-01
-3.935142755508422852e-01
-5.982894077897071838e-02
-2.340981811285018921e-01
-2.228754460811614990e-01
