1.675828173756599426e-02
-9.638416022062301636e-02
1.174000948667526245e-01
-1.484997849911451340e-02
3.439949825406074524e-02
-6.779319792985916138e-02
-2.780636399984359741e-02
-7.260032743215560913e-02
1.236745193600654602e-01
-3.780596330761909485e-02
1.224049776792526245e-01
6.990903615951538086e-02
3.622961044311523438e-02
-8.636780083179473877e-02
-4.278456419706344604e-02
-8.273369632661342621e-03
1.818850338459014893e-01
-1.011269632726907730e-02
1.903446950018405914e-02
-8.184617012739181519e-02
-6.371298432350158691e-02
1.459246128797531128e-02
-2.310730749741196632e-03
-4.860805347561836243e-03
4.534409195184707642e-02
-1.282718311995267868e-02
-1.591885536909103394e-01
-4.820212721824645996e-02
-7.503484189510345459e-02
-1.494152937084436417e-03
-6.016644649207592010e-03
6.754941493272781372e-02
8.854731917381286621e-02
-9.025498479604721069e-02
-1.396545767784118652e-01
-1.052005682140588760e-03
7.905642688274383545e-02
3.612090647220611572e-02
6.796779483556747437e-02
9.858129173517227173e-02
7.438943255692720413e-03
-5.194550007581710815e-02
-7.726214081048965454e-02
7.863168418407440186e-02
4.055133089423179626e-02
-8.983099460601806641e-02
1.109414994716644287e-01
1.466060243546962738e-02
3.119074925780296326e-02
6.347433477640151978e-02
7.013424485921859741e-02
5.525117740035057068e-02
-1.070665940642356873e-02
1.322908885776996613e-02
5.364329367876052856e-02
-1.387014985084533691e-01
2.557300403714179993e-02
5.975536257028579712e-02
-4.695545881986618042e-03
-1.039535701274871826e-01
4.431205615401268005e-02
-1.745220273733139038e-01
-9.914383554132655263e-05
-2.683193981647491455e-02
-4.977269843220710754e-02
5.327506363391876221e-02
-5.850515887141227722e-02
-6.572370976209640503e-02
-7.928859442472457886e-02
1.021302044391632080e-01
-4.449614137411117554e-02
8.803813904523849487e-02
8.427487686276435852e-03
5.245502293109893799e-02
-9.273597598075866699e-02
-8.585942536592483521e-02
5.990295112133026123e-02
-9.197103232145309448e-02
1.045667752623558044e-01
-5.104963853955268860e-02
1.991350902244448662e-03
-1.452691406011581421e-01
-4.478985816240310669e-02
-7.512041181325912476e-02
6.235197931528091431e-02
-3.654209151864051819e-02
9.414149820804595947e-02
2.638154290616512299e-02
-5.184303596615791321e-02
-8.640315383672714233e-02
2.006788365542888641e-02
1.328967660665512085e-01
1.267721801996231079e-01
-7.177031785249710083e-02
9.390660561621189117e-03
5.690323933959007263e-02
-1.292129419744014740e-02
-3.322034701704978943e-02
-2.420387417078018188e-02
-2.292778901755809784e-02
-8.042085915803909302e-02
-7.161577045917510986e-02
-7.235966157168149948e-03
2.052091956138610840e-01
1.083205714821815491e-01
9.810681641101837158e-02
1.119483932852745056e-01
-2.012713812291622162e-02
-1.526425871998071671e-02
-2.419929020106792450e-02
-1.992147415876388550e-02
3.424835205078125000e-02
5.919703748077154160e-03
-8.933125995099544525e-03
5.513934418559074402e-02
3.358161076903343201e-02
7.087908685207366943e-02
3.076273202896118164e-02
-1.000513285398483276e-01
-9.985750913619995117e-02
-3.500011190772056580e-02
6.191332638263702393e-02
7.819835096597671509e-02
1.139075960963964462e-02
1.220904476940631866e-02
8.876432478427886963e-02
3.296198323369026184e-02
1.341997738927602768e-02
-4.365820065140724182e-02
-9.357395768165588379e-02
1.000463813543319702e-01
1.006208546459674835e-02
-4.684391245245933533e-02
1.302684545516967773e-01
2.933362126350402832e-02
-3.712070360779762268e-02
2.745834738016128540e-02
-7.236007601022720337e-02
1.672881692647933960e-01
-3.701327741146087646e-02
-4.190139472484588623e-02
-2.475532703101634979e-02
-4.734443500638008118e-02
6.463918834924697876e-02
-3.774035722017288208e-02
-2.627836912870407104e-02
-3.799529746174812317e-02
-5.166112096048891544e-04
-6.386961787939071655e-02
7.614429108798503876e-03
-3.968501836061477661e-02
3.413391858339309692e-02
5.619325116276741028e-02
1.177277788519859314e-01
-6.886881310492753983e-04
-3.009061515331268311e-02
-1.868340000510215759e-02
-1.161237135529518127e-01
3.244785591959953308e-02
-3.731941059231758118e-02
-1.409517973661422729e-01
5.291103199124336243e-02
7.548850029706954956e-02
-4.318500310182571411e-02
1.428510621190071106e-02
-1.139417961239814758e-01
-1.343888789415359497e-01
-1.846515573561191559e-02
-3.074509277939796448e-02
-5.471791326999664307e-02
-1.498830225318670273e-02
8.125033974647521973e-02
-6.869775801897048950e-02
-8.019641041755676270e-02
-5.771283991634845734e-03
-4.990755114704370499e-03
6.987211108207702637e-02
-5.923369899392127991e-02
5.139159969985485077e-03
8.784428238868713379e-02
8.851889520883560181e-02
1.773912459611892700e-02
2.000861428678035736e-02
1.469708383083343506e-01
4.438129439949989319e-02
-1.067899912595748901e-01
-7.992657274007797241e-02
-3.485196735709905624e-03
-6.738507002592086792e-02
-8.657809346914291382e-03
3.177583450451493263e-03
3.877520933747291565e-02
-8.967752754688262939e-02
5.750203132629394531e-02
7.824660837650299072e-02
1.854724809527397156e-02
8.248544484376907349e-02
6.720545142889022827e-02
4.171155393123626709e-02
1.136619746685028076e-01
