1.441478636115789413e-02
-2.841727249324321747e-02
-4.239159822463989258e-02
-2.571858651936054230e-02
2.631256170570850372e-02
1.793186925351619720e-02
4.273666441440582275e-02
-2.152560278773307800e-02
4.849943146109580994e-02
2.650995552539825439e-02
-3.534069284796714783e-02
2.132680080831050873e-02
2.088074386119842529e-02
3.590365126729011536e-02
-5.862589180469512939e-02
3.107866272330284119e-02
-4.046786203980445862e-02
5.892723798751831055e-02
-4.034451767802238464e-02
-2.756652049720287323e-02
-2.157212793827056885e-02
-2.187051810324192047e-02
2.847215346992015839e-02
4.135460592806339264e-03
-2.050036750733852386e-02
-2.118095383048057556e-02
-2.471987530589103699e-02
1.698656938970088959e-02
4.637312609702348709e-03
2.380742691457271576e-02
3.111233748495578766e-02
-3.876871615648269653e-02
-2.810314297676086426e-02
-2.245803736150264740e-02
-2.655325457453727722e-02
-3.058662265539169312e-02
-2.085921913385391235e-02
-4.142906144261360168e-02
-2.674815244972705841e-02
-2.094863541424274445e-02
2.317826077342033386e-02
2.542467974126338959e-02
1.878639310598373413e-02
2.379578351974487305e-02
-8.238348364830017090e-02
1.896999962627887726e-02
-2.483035251498222351e-02
2.327109687030315399e-02
-1.927762851119041443e-02
2.252394333481788635e-02
-1.874706335365772247e-02
2.307728305459022522e-02
-2.762801200151443481e-02
4.480785131454467773e-02
-4.606249555945396423e-02
-3.179783001542091370e-02
-5.252575129270553589e-02
3.973440825939178467e-02
2.021013386547565460e-02
-2.496666274964809418e-02
-2.134261094033718109e-02
-2.396963164210319519e-02
-3.332198038697242737e-02
-1.713812910020351410e-02
4.646657779812812805e-02
-1.774968393146991730e-02
-1.020462661981582642e-01
-1.589526981115341187e-02
-2.283810451626777649e-02
-2.640773914754390717e-02
1.812181435525417328e-02
5.342673882842063904e-02
1.886210218071937561e-02
-2.494604326784610748e-02
-2.372576296329498291e-02
-1.860032044351100922e-02
-1.757018826901912689e-02
-2.300481684505939484e-02
1.698309741914272308e-02
2.293823100626468658e-02
-3.622654825448989868e-02
-2.192317135632038116e-02
4.685460776090621948e-02
-3.101008012890815735e-02
-7.482799142599105835e-02
-3.515489026904106140e-02
2.424593828618526459e-02
-2.593995630741119385e-02
-2.152241952717304230e-02
-6.757780164480209351e-02
2.556826360523700714e-02
2.422412298619747162e-02
-2.046363055706024170e-02
-3.261889144778251648e-02
4.372195526957511902e-02
-2.095531672239303589e-02
2.431136742234230042e-02
1.822564937174320221e-02
2.139297313988208771e-02
-2.130810543894767761e-02
