4.237415313720703125e+00
-2.168620824813842773e+00
-1.704108428955078125e+01
5.968700885772705078e+00
1.941937446594238281e+00
-4.546232700347900391e+00
-5.800157546997070312e+00
-2.433222961425781250e+01
-1.429765987396240234e+01
-1.996731638908386230e+00
4.337187576293945312e+01
6.261605739593505859e+00
7.947535037994384766e+00
-6.003456592559814453e+00
-1.287688350677490234e+01
4.052067756652832031e+00
-1.200280952453613281e+01
2.378491210937500000e+01
-3.464278030395507812e+01
-8.788624763488769531e+00
-2.327261686325073242e+00
8.009032249450683594e+00
4.882122278213500977e-01
-4.092635214328765869e-01
1.482029438018798828e+00
1.169791889190673828e+01
-1.433347606658935547e+01
-4.658926963806152344e+00
-1.369425840675830841e-02
-2.100728607177734375e+01
-1.551750779151916504e+00
-3.606492757797241211e+00
2.007886171340942383e+00
-1.776479339599609375e+01
4.344710350036621094e+00
-2.797849464416503906e+01
-4.193088054656982422e+00
-1.859141230583190918e+00
1.181267380714416504e+00
-1.897925853729248047e+00
-3.263349056243896484e+00
-7.949976921081542969e+00
3.235978841781616211e+00
-2.687183380126953125e+00
-1.480146789550781250e+01
-6.997798919677734375e+00
-6.076629161834716797e+00
-3.806738138198852539e+00
-1.489556694030761719e+01
-7.333420753479003906e+00
-1.340037441253662109e+01
-3.266431093215942383e+00
3.775505065917968750e+00
-3.484332084655761719e+00
-1.359829139709472656e+01
-1.519240760803222656e+01
-4.547693133354187012e-01
7.342017173767089844e+00
2.040893316268920898e+00
4.918000221252441406e+00
7.655620098114013672e+00
-9.320781826972961426e-01
1.128116512298583984e+01
-3.228276014328002930e+00
4.311139583587646484e+00
-8.360018730163574219e+00
-1.096716225147247314e-01
-2.067160606384277344e+01
-4.170592308044433594e+00
-3.496885681152343750e+01
9.252489209175109863e-01
-2.071478652954101562e+01
3.893211603164672852e+00
-2.609260940551757812e+01
-2.688846290111541748e-01
-6.758123040199279785e-01
-7.166099548339843750e+00
-3.083700561523437500e+01
4.932885169982910156e+00
7.483322620391845703e-01
3.451434135437011719e+00
1.476264357566833496e+00
-5.413035964965820312e+01
8.712777137756347656e+00
-2.042680549621582031e+01
-3.944483947753906250e+01
5.592958450317382812e+00
-1.355526924133300781e+00
9.389483451843261719e+00
6.948657035827636719e+00
-1.081625175476074219e+01
-1.560121625661849976e-01
2.169012546539306641e+00
2.569905042648315430e+00
-4.602851390838623047e+00
-1.960462093353271484e+00
-6.999076843261718750e+00
4.422540187835693359e+00
6.332294940948486328e+00
7.215796113014221191e-01
