1.185012832283973694e-01
1.477538645267486572e-01
1.439351886510848999e-01
-1.214429661631584167e-01
-1.279591470956802368e-01
7.999411970376968384e-02
-1.651169955730438232e-01
-1.702920049428939819e-01
-1.643324494361877441e-01
-1.652741432189941406e-01
1.333416998386383057e-01
1.510975807905197144e-01
-1.497590988874435425e-01
1.431734412908554077e-01
1.536783874034881592e-01
-2.721206843852996826e-01
-2.367350757122039795e-01
-2.030864506959915161e-01
-2.656629979610443115e-01
4.025468528270721436e-01
2.124117016792297363e-01
1.754847615957260132e-01
-1.660539805889129639e-01
1.430908739566802979e-01
1.221595034003257751e-01
1.502749174833297729e-01
1.687069088220596313e-01
-1.192742660641670227e-01
-1.178441196680068970e-01
6.647944450378417969e-02
-1.062436699867248535e-01
1.212120726704597473e-01
-1.381371021270751953e-01
1.291012763977050781e-01
