1.208539120852947235e-02
-2.907414920628070831e-02
1.793119311332702637e-02
3.829417377710342407e-02
1.632200330495834351e-01
1.335745095275342464e-03
-6.243709940463304520e-03
-3.025538288056850433e-03
9.543318301439285278e-04
4.361323267221450806e-02
-2.880343236029148102e-04
2.610403299331665039e-02
1.166125237941741943e-01
-1.641753502190113068e-02
-3.461096493992954493e-04
5.489998683333396912e-02
-2.638846449553966522e-02
-2.526288881199434400e-05
-2.459662780165672302e-02
1.529312226921319962e-02
-1.774621196091175079e-04
2.900967746973037720e-02
1.758104190230369568e-02
-6.374885328114032745e-03
6.473993882536888123e-03
-5.562259349972009659e-03
-8.293885737657546997e-03
-1.993788592517375946e-02
1.687134057283401489e-02
-1.776517741382122040e-02
1.278829425573348999e-01
-3.434361517429351807e-02
-1.367822103202342987e-02
1.513321232050657272e-02
-2.672376483678817749e-02
-2.345637622056528926e-04
-2.217489760369062424e-03
3.638670966029167175e-02
4.853982850909233093e-02
3.013846091926097870e-02
2.645162399858236313e-03
-1.355126406997442245e-02
-2.866167924366891384e-04
1.175597086548805237e-01
-2.436422556638717651e-02
-1.526707819721195847e-05
8.038932457566261292e-03
-5.898625031113624573e-02
-6.872497033327817917e-03
-3.103709220886230469e-02
-4.161179997026920319e-03
-4.542283713817596436e-02
2.087535103783011436e-03
3.425585106015205383e-02
6.885157525539398193e-02
-4.745964333415031433e-02
1.161650405265390873e-03
2.061020955443382263e-02
2.937510050833225250e-02
-8.364471606910228729e-03
-1.026463434100151062e-01
-4.895443562418222427e-03
-3.362936840858310461e-04
2.162957936525344849e-02
4.288662225008010864e-02
-1.431820821017026901e-02
1.185177126899361610e-03
-3.062497125938534737e-03
7.777094095945358276e-02
3.810727968811988831e-02
2.593551017343997955e-02
8.044949732720851898e-03
-1.868714019656181335e-02
8.857140317559242249e-03
-3.022347949445247650e-02
-2.043503895401954651e-02
8.012788742780685425e-02
-4.132265225052833557e-02
-1.800585836172103882e-01
6.975858472287654877e-03
9.090737998485565186e-02
3.216174989938735962e-02
-1.212181290611624718e-03
-2.221097936853766441e-03
1.935410895384848118e-03
-1.538664568215608597e-02
-7.885233312845230103e-02
1.524575613439083099e-02
-3.138291183859109879e-03
-5.933002382516860962e-02
-8.812459558248519897e-02
9.975781431421637535e-04
-1.098702475428581238e-02
-1.281649898737668991e-02
1.376360561698675156e-02
-5.286829173564910889e-02
6.728429347276687622e-02
5.740538239479064941e-03
-2.893020026385784149e-02
2.988246083259582520e-02
-1.146436408162117004e-01
1.313324272632598877e-02
3.108330443501472473e-02
9.339949116110801697e-03
-4.928901325911283493e-03
5.946976691484451294e-02
1.330956933088600636e-03
4.427308961749076843e-02
1.702142134308815002e-02
-1.427271775901317596e-02
3.759399428963661194e-02
-1.228098012506961823e-02
3.119740448892116547e-02
-4.782659932971000671e-02
-3.915625158697366714e-03
3.968091681599617004e-02
1.173222437500953674e-02
-1.486667245626449585e-02
3.322528302669525146e-02
-1.176390983164310455e-02
-1.771201938390731812e-02
-2.467975020408630371e-03
-4.401921108365058899e-02
-1.850940461736172438e-04
1.082757255062460899e-03
9.839408844709396362e-02
2.850969880819320679e-02
-1.274716760963201523e-02
7.421029359102249146e-02
1.430049996997695416e-05
-2.726867049932479858e-02
-1.962734200060367584e-02
-2.873202040791511536e-02
-1.396626140922307968e-02
-4.987255856394767761e-02
-1.329897642135620117e-01
-2.338425815105438232e-02
-2.482366561889648438e-02
-1.088948082178831100e-02
6.373060494661331177e-02
1.362198777496814728e-02
2.044812589883804321e-02
5.252091214060783386e-04
9.680707007646560669e-02
-6.155855022370815277e-03
1.522611174732446671e-02
-3.364093601703643799e-02
8.473254740238189697e-03
-5.786248948425054550e-03
3.134603425860404968e-02
-4.208544851280748844e-05
-3.036236390471458435e-02
-9.552853181958198547e-03
1.530410954728722572e-03
-6.758456677198410034e-02
4.267873615026473999e-02
-2.455512806773185730e-02
-7.823726162314414978e-03
1.175116375088691711e-02
3.700292482972145081e-02
-7.917181588709354401e-03
2.700557373464107513e-02
-1.157432142645120621e-02
-1.533234678208827972e-02
2.693227119743824005e-02
1.522423792630434036e-02
-2.780612744390964508e-02
-1.680329814553260803e-02
-2.604762464761734009e-02
1.442156583070755005e-01
-2.981668338179588318e-03
-2.435515343677252531e-04
-2.649549767374992371e-02
-6.335597950965166092e-03
-1.294286102056503296e-01
1.915364712476730347e-02
-5.817397031933069229e-03
8.852287195622920990e-03
-1.168717816472053528e-02
3.027333877980709076e-02
-7.278026640415191650e-02
1.362591143697500229e-02
3.339593112468719482e-02
1.023688074201345444e-02
-4.081692919135093689e-02
-1.305072009563446045e-01
9.097872301936149597e-03
2.144093625247478485e-02
-5.414241924881935120e-02
-8.278247900307178497e-03
2.757108770310878754e-02
1.532382816076278687e-01
3.847692906856536865e-02
4.335554316639900208e-02
1.695552468299865723e-02
2.020531706511974335e-02
-6.188727566041052341e-04
-2.593285962939262390e-02
2.304952964186668396e-02
-2.100679557770490646e-03
-2.589684724807739258e-02
5.501854699105024338e-03
-2.496405038982629776e-03
-1.475884672254323959e-02
-3.440068976487964392e-04
-2.654130803421139717e-03
-1.205055229365825653e-02
-8.382093161344528198e-03
2.100454270839691162e-02
1.824745722115039825e-02
5.221946164965629578e-03
1.649323105812072754e-02
-1.387093834637198597e-05
3.278682997915893793e-04
8.220048621296882629e-03
7.223542314022779465e-03
-3.323161974549293518e-02
-9.917576790030580014e-06
5.770290154032409191e-04
1.122931391000747681e-02
6.438466471081483178e-07
-2.015661681070923805e-03
-2.655686251819133759e-02
3.877778723835945129e-02
3.844622755423188210e-03
4.143080115318298340e-02
-1.708284206688404083e-02
-2.584339678287506104e-02
-1.071273349225521088e-02
5.225285887718200684e-03
2.605033107101917267e-02
-3.176930174231529236e-02
-2.021000720560550690e-03
4.956871271133422852e-03
-5.171667039394378662e-02
6.407295912504196167e-02
7.535547763109207153e-02
5.935638677328824997e-03
-1.651995349675416946e-03
5.546995252370834351e-02
-8.498429320752620697e-03
8.651072159409523010e-03
3.160607069730758667e-02
-2.567926980555057526e-02
-1.063807285390794277e-04
-4.303255118429660797e-03
-8.528145030140876770e-03
8.986430242657661438e-03
5.611787363886833191e-02
-7.262590224854648113e-05
-3.093857318162918091e-02
2.756516076624393463e-02
-5.818577948957681656e-03
1.472647488117218018e-02
3.396183624863624573e-02
-1.045523211359977722e-02
-5.846774797646503430e-07
2.260563522577285767e-02
-2.143029682338237762e-02
-9.473171085119247437e-02
6.617430335609242320e-05
7.153229787945747375e-03
-1.856459304690361023e-02
4.761856794357299805e-02
7.762632594676688313e-05
-2.910942203016020358e-05
-3.315487131476402283e-02
-4.559939552564173937e-04
-2.537816949188709259e-02
-6.222995929419994354e-03
2.093297615647315979e-02
2.392108319327235222e-03
-1.096509862691164017e-02
-2.825135737657546997e-02
-3.779665753245353699e-02
-1.383087504655122757e-02
4.999111406505107880e-04
3.789971768856048584e-02
5.328928091330453753e-05
-1.693877764046192169e-02
-4.749177955090999603e-03
-6.882144603878259659e-03
2.564868703484535217e-02
-5.131632555276155472e-03
5.523471161723136902e-02
7.135415822267532349e-02
1.605287427082657814e-03
2.440865850076079369e-03
-2.603600732982158661e-03
-1.320713479071855545e-02
9.545576758682727814e-04
-1.377469580620527267e-02
2.202796563506126404e-02
1.711823232471942902e-02
-1.082233525812625885e-02
3.978032618761062622e-03
2.322341687977313995e-02
6.418547034263610840e-02
-2.463763952255249023e-02
7.643430990356137045e-07
-1.120866090059280396e-02
1.174078136682510376e-02
-1.464904016756918281e-05
-2.124451100826263428e-02
-2.715000696480274200e-02
7.281186408363282681e-04
2.911329269409179688e-03
2.917182882811175659e-06
8.016882464289665222e-03
-2.348606474697589874e-02
-7.407015655189752579e-03
1.569575833855196834e-04
6.648638285696506500e-03
1.908599026501178741e-02
-1.236750464886426926e-02
3.820355609059333801e-02
-4.760485142469406128e-02
8.919305168092250824e-03
5.694812629371881485e-03
3.452271968126296997e-02
-5.130965728312730789e-03
-6.958393845707178116e-03
2.903584018349647522e-02
3.071358241140842438e-02
3.750944044440984726e-03
-2.312987635377794504e-05
-1.383940689265727997e-02
4.325527232140302658e-03
-1.849710315582342446e-06
1.739141298457980156e-03
6.967514287680387497e-03
-5.050216801464557648e-03
-2.970017865300178528e-02
-1.764826104044914246e-02
-5.991730358800850809e-05
9.154343977570533752e-03
3.648971766233444214e-02
-1.917212083935737610e-02
2.174818515777587891e-02
2.370947040617465973e-03
-1.542854122817516327e-02
1.266058348119258881e-02
1.692674681544303894e-02
-6.340058753266930580e-04
-8.068467490375041962e-03
-5.007024481892585754e-02
-3.493523970246315002e-02
-1.603502407670021057e-02
-2.180301584303379059e-02
-1.720102503895759583e-02
9.166793897747993469e-03
-3.629621816799044609e-03
-1.386795309372246265e-03
1.993764936923980713e-02
1.274647470563650131e-02
1.268237177282571793e-02
-6.736080627888441086e-03
-1.964150182902812958e-02
1.191520932479761541e-04
-1.999095641076564789e-02
-3.226273506879806519e-02
3.854677779600024223e-03
1.438327133655548096e-02
1.449568517273291945e-04
-4.427247913554310799e-04
3.295465372502803802e-03
2.448981814086437225e-02
3.581729531288146973e-02
-3.336505591869354248e-02
5.370745784603059292e-04
2.375188516452908516e-03
1.291862223297357559e-02
9.384868666529655457e-03
3.296336531639099121e-02
5.091064667794853449e-05
2.014877088367938995e-02
4.395814985036849976e-02
-5.508410558104515076e-02
-3.729083575308322906e-03
1.277067139744758606e-02
-3.904620185494422913e-03
-3.207633199053816497e-06
-2.627333998680114746e-02
1.568107632920145988e-03
2.322459965944290161e-02
-2.019021194428205490e-03
2.149641700088977814e-02
-2.969996631145477295e-02
8.487236918881535530e-04
-1.658779382705688477e-02
-1.697316952049732208e-02
3.441817243583500385e-04
-6.292640464380383492e-04
-1.880793273448944092e-02
-3.980584442615509033e-02
-3.579490631818771362e-02
3.865864127874374390e-02
5.226826178841292858e-04
3.497146442532539368e-02
1.092362124472856522e-02
-3.473723307251930237e-02
4.937835782766342163e-02
-1.470593214035034180e-01
-2.622015774250030518e-02
-5.867300555109977722e-03
8.350895345211029053e-02
3.841619193553924561e-02
-1.650058082304894924e-03
-2.785849384963512421e-03
5.031378939747810364e-03
-6.404177751392126083e-03
2.649494074285030365e-02
-1.056711003184318542e-02
-1.287078484892845154e-02
5.799835175275802612e-02
1.648015156388282776e-02
-2.314100973308086395e-02
3.729412332177162170e-02
3.081775456666946411e-02
2.801135880872607231e-03
-8.271436393260955811e-02
-1.188682671636343002e-02
-1.151010207831859589e-02
-5.981700122356414795e-02
2.931839972734451294e-02
1.413870304822921753e-01
-1.202971488237380981e-02
-1.126860827207565308e-02
-1.038922462612390518e-03
2.661719918251037598e-02
-8.101628720760345459e-02
3.184270113706588745e-02
-3.988150507211685181e-02
-1.316219102591276169e-02
-9.223157539963722229e-03
-6.944993883371353149e-02
-2.710513770580291748e-02
2.316911704838275909e-02
9.540664963424205780e-03
-2.687164815142750740e-03
5.212642718106508255e-03
-2.106890454888343811e-02
-8.423989056609570980e-04
6.579770892858505249e-02
6.105702370405197144e-02
4.944822192192077637e-02
-4.878610838204622269e-03
2.229406498372554779e-02
-1.167239155620336533e-02
1.198421232402324677e-02
-7.442314643412828445e-03
4.022579640150070190e-02
-1.441450789570808411e-02
3.420248255133628845e-02
2.941196039319038391e-02
3.026641160249710083e-02
1.376812309026718140e-01
-5.530616734176874161e-03
8.752333000302314758e-03
-7.706771045923233032e-02
-6.024854257702827454e-02
5.229452159255743027e-03
-5.199144361540675163e-04
2.886690944433212280e-02
-1.454281271435320377e-03
-6.049662362784147263e-03
3.683539479970932007e-02
-1.514275074005126953e-01
3.826460614800453186e-02
8.072593063116073608e-02
-7.506985962390899658e-02
1.054032146930694580e-01
-1.054679858498275280e-03
-3.559168055653572083e-02
-3.548881039023399353e-02
2.234048023819923401e-02
5.523041635751724243e-02
7.323090103454887867e-04
6.277913227677345276e-03
1.503121666610240936e-02
-7.352163083851337433e-03
-1.361445616930723190e-02
-6.293249875307083130e-02
4.338268935680389404e-02
-4.695585742592811584e-02
-1.085671782493591309e-01
-3.858015406876802444e-03
1.717758178710937500e-02
2.796950936317443848e-02
-6.089589558541774750e-03
8.055047132074832916e-03
2.952031604945659637e-02
-1.819850504398345947e-02
7.140747271478176117e-03
1.883467302832286805e-05
3.443878144025802612e-03
-3.956095874309539795e-02
-5.947715789079666138e-02
3.562958911061286926e-02
7.838568091392517090e-02
-1.013518683612346649e-02
-1.337576936930418015e-02
-3.641640394926071167e-02
-2.110840007662773132e-02
-9.350836277008056641e-03
-6.188023835420608521e-02
-2.611713856458663940e-02
-8.720513433218002319e-02
6.853689998388290405e-02
5.161630734801292419e-02
-7.843814790248870850e-02
2.848551608622074127e-02
-1.164122391492128372e-02
4.392865672707557678e-02
-7.126133143901824951e-02
4.981865733861923218e-02
3.340405225753784180e-02
-2.849201671779155731e-02
2.444544108584523201e-03
6.417236290872097015e-03
-7.813892327249050140e-03
-7.335495203733444214e-02
1.758839469403028488e-03
4.339992534369230270e-03
5.211092066019773483e-03
1.676796562969684601e-02
-2.746299374848604202e-03
1.800044812262058258e-02
1.782935811206698418e-03
1.594841182231903076e-01
7.640080153942108154e-02
1.151464134454727173e-02
3.850236907601356506e-02
2.257008664309978485e-02
1.173681169748306274e-01
-7.130310405045747757e-03
-3.550563007593154907e-02
-1.878393813967704773e-02
1.029609888792037964e-02
3.807732462882995605e-02
6.397201865911483765e-02
-3.073283657431602478e-02
1.638747565448284149e-02
-5.776486173272132874e-02
2.079062163829803467e-02
2.063800208270549774e-02
-1.620670408010482788e-02
6.905168294906616211e-02
-3.279875963926315308e-02
-4.858983308076858521e-02
-1.443282961845397949e-01
-9.859640151262283325e-03
8.893171325325965881e-03
7.337082177400588989e-02
-1.643009111285209656e-02
-2.986912429332733154e-02
1.057405620813369751e-01
-2.124195545911788940e-02
1.551742404699325562e-01
4.114542528986930847e-02
-8.908193558454513550e-03
-3.407279727980494499e-03
-2.016811165958642960e-03
-5.661161243915557861e-02
-9.554797783493995667e-03
7.012186571955680847e-03
-3.767562285065650940e-02
-6.053471192717552185e-02
-4.332934040576219559e-03
5.263670813292264938e-03
-1.762135140597820282e-02
2.387183345854282379e-02
7.281444966793060303e-02
-1.386231649667024612e-02
1.487473770976066589e-02
-1.317161228507757187e-02
-4.386187717318534851e-02
-1.443280465900897980e-02
-2.112873271107673645e-02
-1.621057628653943539e-03
3.863950259983539581e-04
4.876144230365753174e-02
4.287565127015113831e-02
-1.317630801349878311e-02
2.706098370254039764e-03
-4.997215233743190765e-03
1.093517243862152100e-01
2.927621454000473022e-02
1.111860619857907295e-03
5.413145944476127625e-02
1.934515386819839478e-01
-4.610764794051647186e-03
1.849790103733539581e-02
4.495640750974416733e-03
-3.029409982264041901e-02
-8.450402878224849701e-03
7.439664565026760101e-03
3.007781691849231720e-02
3.837304422631859779e-03
-1.028306223452091217e-02
