-3.347173333168029785e-03
-7.168165873736143112e-03
6.574620958417654037e-03
-6.585879717022180557e-03
7.195077370852231979e-03
-5.952165462076663971e-03
-4.788873717188835144e-03
-1.295198802836239338e-03
5.702390801161527634e-03
1.242204918526113033e-03
1.665142248384654522e-03
8.021187037229537964e-03
6.861169356852769852e-03
1.096421107649803162e-02
-1.059582829475402832e-01
1.970176817849278450e-03
4.860884044319391251e-03
-1.576724499464035034e-01
4.080207087099552155e-03
2.666774205863475800e-03
1.607962399721145630e-01
8.932576514780521393e-03
-1.123198599088937044e-04
-5.634674057364463806e-02
1.305711641907691956e-02
-2.082238788716495037e-04
4.568924661725759506e-03
1.612587220733985305e-04
9.661898366175591946e-04
5.821843165904283524e-03
3.906602505594491959e-03
2.243571652797982097e-04
1.519545353949069977e-02
1.884792745113372803e-02
7.753265555948019028e-03
-1.593593657016754150e-01
2.831866033375263214e-02
5.976623855531215668e-03
-3.113228885922580957e-04
-4.034270998090505600e-03
1.312834862619638443e-02
-7.883288897573947906e-03
-1.449017226696014404e-01
-2.097024815157055855e-03
-4.567746946122497320e-04
1.544082164764404297e-01
-1.040546782314777374e-02
6.283175665885210037e-03
-6.813306361436843872e-02
1.703244633972644806e-03
-1.443481445312500000e-02
-1.055557653307914734e-02
-2.558217011392116547e-02
-4.823822819162160158e-04
-2.149844076484441757e-03
-6.949908565729856491e-03
-1.372463405132293701e-01
1.107193063944578171e-02
-2.248789882287383080e-03
-5.408713221549987793e-02
-2.336326055228710175e-03
-1.964522525668144226e-03
-1.735947281122207642e-02
-9.533927775919437408e-03
1.365711912512779236e-03
-5.616155918687582016e-03
-9.284234605729579926e-03
5.209655687212944031e-02
9.217406623065471649e-03
-9.805696085095405579e-03
-1.794248237274587154e-03
2.567974617704749107e-03
1.297604572027921677e-02
-2.445803256705403328e-03
5.165245383977890015e-04
2.803054172545671463e-03
5.304737482219934464e-03
5.976793356239795685e-03
-1.193465664982795715e-03
-5.788014270365238190e-03
-2.161591779440641403e-03
5.767168477177619934e-04
-9.320560842752456665e-03
7.210662122815847397e-03
-1.291078776121139526e-01
-1.782688777893781662e-03
3.820393467321991920e-03
-6.722940015606582165e-04
-1.631593145430088043e-02
-1.645423006266355515e-03
8.711198461242020130e-04
-4.253331571817398071e-03
5.943697877228260040e-03
3.546352498233318329e-03
-6.302790250629186630e-03
1.514980569481849670e-03
1.339752413332462311e-02
1.420703716576099396e-02
-2.109041204676032066e-03
4.751961212605237961e-03
-2.566047711297869682e-03
-8.102925494313240051e-03
7.814042270183563232e-03
1.733205397613346577e-03
2.014542743563652039e-02
3.513630945235490799e-03
8.485759608447551727e-03
8.615265600383281708e-03
-2.025212720036506653e-02
-2.588341757655143738e-02
7.466988172382116318e-03
7.967839948832988739e-03
-1.681367168202996254e-03
-1.398847089149057865e-03
4.559367522597312927e-02
3.270845627412199974e-03
-3.835125593468546867e-03
-1.032819855026900768e-03
-2.162440214306116104e-03
1.941014081239700317e-03
-6.274096667766571045e-03
1.323588937520980835e-01
-1.104149152524769306e-03
-3.505238145589828491e-02
8.230477687902748585e-04
3.872209461405873299e-03
3.909390943590551615e-04
7.414858043193817139e-02
9.197463281452655792e-03
1.558773964643478394e-01
3.358982037752866745e-03
-1.167694758623838425e-02
5.876375362277030945e-03
-6.724486127495765686e-03
-6.090732058510184288e-04
6.767237937310710549e-05
1.796823926270008087e-02
-3.897231072187423706e-03
6.411708891391754150e-04
7.106511853635311127e-03
2.841441147029399872e-02
-3.726932918652892113e-03
3.340016305446624756e-02
2.006631984841078520e-04
-6.586563540622591972e-04
5.092563573271036148e-03
2.602517977356910706e-02
-2.232160419225692749e-02
5.585913360118865967e-02
1.232923287898302078e-02
1.520579606294631958e-01
1.386644318699836731e-02
-2.211572602391242981e-03
2.326979860663414001e-02
1.568164117634296417e-02
-1.782636973075568676e-03
-4.673875402659177780e-03
-5.516715813428163528e-03
-5.698559805750846863e-03
1.059080846607685089e-02
5.861617159098386765e-03
5.698327906429767609e-03
-6.731406785547733307e-03
4.322629049420356750e-02
-3.805332351475954056e-03
1.848948933184146881e-02
9.964264929294586182e-03
2.635349705815315247e-02
8.460843004286289215e-03
6.164966616779565811e-03
-6.590931862592697144e-02
-1.305240541696548462e-01
4.542341048363596201e-04
2.381893806159496307e-03
-6.430760491639375687e-03
1.246003992855548859e-02
-2.199707925319671631e-02
3.516298253089189529e-03
8.239961229264736176e-03
-8.894275873899459839e-03
-4.132236819714307785e-03
2.963129198178648949e-03
-4.998986609280109406e-03
1.531637553125619888e-02
-3.849080996587872505e-03
-5.119585897773504257e-03
8.123322390019893646e-03
1.967974472790956497e-03
-1.314978464506566525e-03
8.992317598313093185e-04
-2.026998205110430717e-03
7.495993748307228088e-03
-1.392581127583980560e-02
-4.432313144207000732e-03
4.461689386516809464e-03
-3.742126515135169029e-03
1.110435556620359421e-02
-5.773263052105903625e-03
-3.210596507415175438e-03
3.335881745442748070e-03
-2.364915329962968826e-03
1.509178779087960720e-03
-1.770816184580326080e-02
-1.737991906702518463e-02
-1.356098651885986328e-01
-9.743222035467624664e-03
-5.749651696532964706e-03
2.941468264907598495e-03
-5.268336739391088486e-03
5.822355393320322037e-03
1.500741112977266312e-03
4.163632635027170181e-03
1.550324261188507080e-01
1.238845475018024445e-02
-8.798490744084119797e-04
-1.152748824097216129e-03
-5.417409818619489670e-03
-1.411256045103073120e-01
1.018726527690887451e-01
9.082577307708561420e-04
-1.526981890201568604e-01
6.564109120517969131e-03
3.438187763094902039e-03
3.159139771014451981e-03
9.532601688988506794e-04
9.539391612634062767e-04
8.283399045467376709e-03
-4.183126613497734070e-03
-5.732876714318990707e-03
-3.449588082730770111e-03
3.956430125981569290e-03
-1.344763953238725662e-02
-9.854978881776332855e-03
3.623374179005622864e-02
1.794698066078126431e-03
7.607619045302271843e-04
-3.553095157258212566e-04
-4.530542064458131790e-04
6.677358876913785934e-03
7.370099890977144241e-03
-1.429751701653003693e-02
1.593997888267040253e-02
-7.887810352258384228e-04
3.550841938704252243e-03
-2.808322384953498840e-02
3.525851352605968714e-04
3.139881044626235962e-02
1.194055844098329544e-02
1.456726575270295143e-03
4.705241415649652481e-03
1.287748746108263731e-04
-1.726241782307624817e-03
-1.075500185834243894e-04
-2.705418737605214119e-04
-3.599397023208439350e-04
-3.164452686905860901e-02
-1.494562178850173950e-01
-1.479326980188488960e-03
-2.510490361601114273e-03
7.745886105112731457e-04
1.481686383485794067e-01
1.125228963792324066e-02
-6.807783618569374084e-03
2.927763620391488075e-03
-1.732991309836506844e-03
1.569784581661224365e-01
-1.072237282642163336e-04
-1.911141909658908844e-02
1.450256910175085068e-02
9.363320423290133476e-04
-1.266004983335733414e-03
3.968852397520095110e-04
1.320821419358253479e-02
-3.656878834590315819e-04
-9.470141958445310593e-04
5.375637207180261612e-03
-1.302822083234786987e-01
-3.749859984964132309e-03
-1.517785489559173584e-01
6.590223056264221668e-04
3.615341149270534515e-03
-1.089314278215169907e-02
1.553009497001767159e-03
3.777739033102989197e-02
-3.270922694355249405e-03
1.713382225716486573e-04
4.190726578235626221e-02
-1.239282339811325073e-01
-6.552677368745207787e-04
-1.357769593596458435e-02
-9.101741015911102295e-03
6.670040078461170197e-03
-4.629904031753540039e-02
-1.084834989160299301e-02
2.254323335364460945e-03
5.188488401472568512e-03
1.047491375356912613e-02
-3.428751952014863491e-04
-1.635384542169049382e-04
1.530724912881851196e-01
-2.101850695908069611e-02
-1.834356342442333698e-03
-1.443160921335220337e-01
6.661294028162956238e-03
3.075973596423864365e-03
1.254109144210815430e-01
8.397751487791538239e-03
-1.535289883613586426e-01
1.054874082910828292e-04
4.240267735440284014e-04
1.593373366631567478e-03
-9.197231382131576538e-03
1.291523512918502092e-04
-3.707069554366171360e-04
2.286670729517936707e-02
8.080825791694223881e-04
9.952489199349656701e-05
4.819192923605442047e-03
-1.195739768445491791e-02
1.582819852046668530e-03
7.787748705595731735e-03
4.079838981851935387e-04
-4.354296717792749405e-03
1.931046601384878159e-03
1.999511616304516792e-03
-1.544876992702484131e-01
-6.337453960441052914e-04
-1.959592662751674652e-02
-1.520515084266662598e-01
2.160716801881790161e-03
-8.495882153511047363e-03
9.999008034355938435e-05
3.158877138048410416e-03
8.318088017404079437e-03
9.969230741262435913e-02
4.134808550588786602e-04
5.791973671875894070e-04
-3.438248764723539352e-03
-2.381943631917238235e-03
2.028393646469339728e-04
7.369237137027084827e-04
-8.928070776164531708e-03
2.807885175570845604e-03
-1.408983021974563599e-01
1.184482965618371964e-02
4.673025570809841156e-03
-5.367949139326810837e-03
-1.718309475108981133e-03
-2.697722811717540026e-04
4.680895945057272911e-04
-1.630983501672744751e-02
4.071506485342979431e-02
1.376420725136995316e-02
-6.020943401381373405e-04
2.039580978453159332e-02
1.053691189736127853e-02
-2.170816063880920410e-02
-1.257516723126173019e-02
1.481983661651611328e-01
-9.031954221427440643e-03
2.453718567267060280e-03
1.048150192946195602e-02
-5.064136814326047897e-03
-9.312829351983964443e-04
5.366927012801170349e-03
-5.686949007213115692e-04
-3.501597791910171509e-03
-7.383553111139917746e-06
7.670769700780510902e-04
-2.113742521032691002e-03
1.568665262311697006e-03
6.918519735336303711e-03
2.433374291285872459e-03
2.612601965665817261e-02
-1.571497023105621338e-01
-3.850863315165042877e-03
1.505455729784443974e-04
4.985831677913665771e-03
1.950104348361492157e-02
-6.805553566664457321e-03
-4.566500335931777954e-02
-1.524851173162460327e-01
8.480791933834552765e-03
-1.632527681067585945e-03
-9.877771371975541115e-04
-6.451012566685676575e-03
-4.676534445025026798e-06
-3.847901942208409309e-03
-1.441697683185338974e-02
3.226381028071045876e-03
7.663608528673648834e-03
-1.439508050680160522e-01
-2.185270423069596291e-03
-3.541262412909418344e-04
-3.600955940783023834e-03
2.059072256088256836e-03
-9.552721749059855938e-04
1.229572109878063202e-03
-9.046436287462711334e-03
-8.508654311299324036e-03
-2.429145155474543571e-03
-1.290070475079119205e-03
-1.101288478821516037e-03
3.812615061178803444e-03
-7.750812219455838203e-04
1.962713431566953659e-03
-4.990439396351575851e-03
6.238280329853296280e-03
1.110347267240285873e-02
-4.436215385794639587e-03
-1.269080769270658493e-02
-3.080843249335885048e-03
9.803137741982936859e-03
-3.085345495492219925e-03
1.403238326311111450e-01
-2.742367098107933998e-03
-6.912764627486467361e-03
1.802273676730692387e-03
-1.074847672134637833e-02
2.885943977162241936e-03
-1.773106050677597523e-03
-2.298372797667980194e-03
-4.178044386208057404e-03
4.760433919727802277e-03
-5.483341868966817856e-03
2.732539316639304161e-03
-2.866970840841531754e-03
-6.270358804613351822e-03
-3.732974175363779068e-03
1.239671930670738220e-02
8.221027441322803497e-03
-3.858719253912568092e-03
-7.958075031638145447e-03
2.328190486878156662e-03
4.499339032918214798e-03
-9.064679616130888462e-04
-1.908237027237191796e-04
-2.439946169033646584e-03
1.348375622183084488e-02
1.486746314913034439e-02
1.582035981118679047e-02
-1.378659158945083618e-02
2.015630016103386879e-03
1.049316604621708393e-03
-2.378212753683328629e-03
1.191432252526283264e-01
3.702591173350811005e-03
-2.432160265743732452e-02
1.052547618746757507e-02
3.605575533583760262e-03
1.880484074354171753e-02
4.732715606223791838e-04
-1.304600201547145844e-02
-1.089158188551664352e-02
-5.674603395164012909e-03
-5.010420456528663635e-03
-2.220253554696682841e-05
5.712964106351137161e-03
1.812476199120283127e-03
1.847803443670272827e-01
1.354230800643563271e-03
7.533159572631120682e-03
-3.587638959288597107e-03
-9.020540863275527954e-03
2.582206390798091888e-03
1.037297304719686508e-02
-3.909189254045486450e-03
2.441658172756433487e-03
1.426800154149532318e-03
-1.778827165253460407e-03
-4.843626171350479126e-03
-1.613632659427821636e-03
3.484615124762058258e-03
-5.476211663335561752e-03
4.970842506736516953e-03
7.206257898360490799e-03
-4.276379942893981934e-03
-7.223092485219240189e-03
-6.151871755719184875e-03
3.040454816073179245e-03
2.737891161814332008e-03
8.157757110893726349e-03
-3.018170362338423729e-03
-4.435486916918307543e-04
-2.525062067434191704e-03
-8.711447590030729771e-04
9.330948814749717712e-03
-3.259315853938460350e-03
2.274897415190935135e-03
-1.631881314096972346e-04
3.917290829122066498e-03
1.396023551933467388e-03
-2.212974987924098969e-02
-6.307891104370355606e-03
-1.742062717676162720e-02
-1.887578330934047699e-02
-1.069668447598814964e-03
-2.388337888987734914e-04
-5.429483018815517426e-03
1.456636376678943634e-02
4.422751255333423615e-03
-2.540478715673089027e-03
2.116995397955179214e-03
-1.272484427317976952e-03
3.350291633978486061e-03
1.267971564084291458e-02
2.456651302054524422e-03
4.625199828296899796e-03
1.746951718814671040e-03
-3.936337307095527649e-03
4.580447450280189514e-03
8.089665323495864868e-03
-3.545289626345038414e-03
2.769927494227886200e-03
2.334995567798614502e-01
3.687355434522032738e-03
4.608837887644767761e-03
1.165393553674221039e-02
2.691119443625211716e-03
-4.878790117800235748e-03
5.107702687382698059e-03
3.119174158200621605e-03
-8.465645834803581238e-03
-2.619640342891216278e-02
1.836131094023585320e-03
-6.081958301365375519e-03
-4.916903562843799591e-03
1.403662608936429024e-03
-3.874455392360687256e-02
-2.439343661535531282e-04
2.736616181209683418e-03
2.019875124096870422e-02
-3.258131444454193115e-03
-1.034193765372037888e-02
-7.360581774264574051e-03
-6.827923469245433807e-03
1.099940505810081959e-03
-7.055143360048532486e-03
7.409551646560430527e-03
-9.733487386256456375e-04
8.953426731750369072e-05
-4.220052622258663177e-03
-1.136533692479133606e-01
-4.107921849936246872e-03
-5.771782714873552322e-03
8.918117731809616089e-03
-3.745294176042079926e-03
-5.283381324261426926e-03
1.702114790678024292e-01
2.088604029268026352e-03
4.439227748662233353e-03
7.910288870334625244e-03
8.997572585940361023e-03
-9.946682257577776909e-04
2.794974949210882187e-03
-9.991065599024295807e-03
7.244234438985586166e-03
-3.077995206695050001e-04
7.914864458143711090e-03
-1.348961051553487778e-02
1.424074987880885601e-03
9.751453064382076263e-03
-1.487229485064744949e-02
1.682320535182952881e-01
-8.253868669271469116e-03
-6.140950601547956467e-03
1.699139393167570233e-04
-8.108963258564472198e-03
1.643966417759656906e-03
-4.652496427297592163e-03
5.513415485620498657e-02
-1.576636102981865406e-03
1.458206097595393658e-03
5.047513172030448914e-03
-1.649692095816135406e-02
-2.827251562848687172e-03
-1.709908683551475406e-04
2.302127657458186150e-03
3.119179513305425644e-03
-7.585192564874887466e-03
6.109229288995265961e-03
7.736349478363990784e-03
-1.205199118703603745e-02
9.851195849478244781e-03
-1.387387327849864960e-02
-5.621156189590692520e-03
-6.873574107885360718e-03
1.283278688788414001e-04
9.483359754085540771e-04
-3.231727518141269684e-03
7.239593658596277237e-03
1.987129077315330505e-02
8.147895336151123047e-03
1.100310962647199631e-02
-6.656315526925027370e-04
-3.684320719912648201e-03
-1.627909601666033268e-03
9.068190702237188816e-04
-2.620261802803725004e-04
1.135185454040765762e-02
