-8.913169056177139282e-02
7.194535434246063232e-02
1.092086732387542725e-01
4.967911541461944580e-02
4.982211068272590637e-02
-5.645500961691141129e-03
7.141879200935363770e-02
1.857445575296878815e-02
5.045448616147041321e-02
5.807785317301750183e-02
3.980226814746856689e-02
9.382508695125579834e-02
-2.770133083686232567e-03
9.741982817649841309e-02
4.976572468876838684e-02
7.419299334287643433e-02
-5.003936588764190674e-03
7.219646871089935303e-02
2.765163406729698181e-02
-3.446250036358833313e-02
-1.523869391530752182e-02
2.741383761167526245e-02
-1.670239865779876709e-01
2.528741210699081421e-02
9.024420380592346191e-02
8.396350778639316559e-03
1.428404357284307480e-02
-2.934702485799789429e-02
2.459002658724784851e-02
8.513734675943851471e-03
-1.646367460489273071e-01
-3.606119006872177124e-02
1.178911626338958740e-01
2.045711502432823181e-02
-8.283620327711105347e-02
-6.909882277250289917e-02
2.004253119230270386e-01
-1.173312589526176453e-01
4.715463891625404358e-02
-4.821410030126571655e-02
5.501814931631088257e-02
1.095031499862670898e-01
1.396078243851661682e-02
1.346953362226486206e-01
7.849420607089996338e-02
4.955118522047996521e-02
1.576384715735912323e-02
6.758699193596839905e-03
-6.959538161754608154e-02
3.577553853392601013e-02
-7.249382138252258301e-02
1.594904214143753052e-01
5.920570716261863708e-02
-3.554313909262418747e-03
5.568743497133255005e-02
4.824249818921089172e-02
5.796040967106819153e-02
-4.014858976006507874e-02
1.094701793044805527e-02
-1.536130066961050034e-02
-3.356279432773590088e-02
1.188211366534233093e-01
8.221133612096309662e-03
-1.316561084240674973e-02
-3.590814396739006042e-02
8.580163121223449707e-02
6.650801002979278564e-02
-7.853287458419799805e-02
6.548915407620370388e-04
2.029276452958583832e-02
-1.279312819242477417e-01
6.869859248399734497e-02
-3.116735443472862244e-02
8.933152258396148682e-02
-6.040577590465545654e-02
-3.568679094314575195e-02
6.614599376916885376e-02
-5.117226857692003250e-03
1.476929336786270142e-01
-7.637130469083786011e-02
9.917940944433212280e-02
-1.745446957647800446e-02
1.376984175294637680e-02
-6.500989943742752075e-02
3.628886863589286804e-02
-3.986596688628196716e-02
-1.113866120576858521e-01
-2.741488814353942871e-02
-4.531243443489074707e-02
4.863947257399559021e-02
3.604143485426902771e-02
-6.185501068830490112e-02
6.568475067615509033e-02
6.262888014316558838e-02
2.812151797115802765e-02
-6.242907419800758362e-02
1.134418398141860962e-01
-3.504864871501922607e-02
4.729106277227401733e-02
1.036703735589981079e-01
-6.814371049404144287e-02
-3.502473235130310059e-02
-3.095877543091773987e-02
-8.074647188186645508e-02
-1.089072003960609436e-01
-1.063468679785728455e-02
-6.252575665712356567e-02
-5.881613492965698242e-02
1.070794742554426193e-02
1.115328744053840637e-01
-1.382919996976852417e-01
-2.857916243374347687e-02
-9.451621025800704956e-02
-9.128062054514884949e-03
-9.340033680200576782e-02
-2.396467141807079315e-02
7.297627627849578857e-02
-3.248411044478416443e-02
-1.231333054602146149e-02
9.607980400323867798e-02
4.632288182619959116e-04
-4.645349830389022827e-02
5.001041293144226074e-02
8.501458168029785156e-02
-5.980404093861579895e-02
1.818016022443771362e-01
-5.273873731493949890e-02
-6.516787409782409668e-02
-2.453632769174873829e-04
2.108545750379562378e-01
2.818821743130683899e-02
-8.520267903804779053e-02
-3.331181406974792480e-02
-4.677093029022216797e-02
1.224069595336914062e-01
9.686678647994995117e-02
-4.802424460649490356e-02
-6.755023449659347534e-02
1.484693866223096848e-02
6.716976314783096313e-02
6.474623084068298340e-02
-6.250679492950439453e-02
5.747998505830764771e-02
4.660735279321670532e-02
-7.467135787010192871e-02
-5.958073213696479797e-02
-3.231719136238098145e-02
4.788041487336158752e-02
-3.930569440126419067e-02
-6.244908645749092102e-02
-1.575744450092315674e-01
1.173442811705172062e-03
-1.270982343703508377e-02
9.809036552906036377e-02
-6.930077821016311646e-02
-8.318357914686203003e-02
-2.432996965944766998e-02
-8.721231669187545776e-02
2.266892604529857635e-02
-6.893461570143699646e-03
1.960899680852890015e-02
9.664378128945827484e-03
3.420682251453399658e-02
-8.657102286815643311e-02
-2.800284326076507568e-02
1.824111491441726685e-02
1.208200957626104355e-02
6.555269937962293625e-03
1.084023714065551758e-02
1.530071943998336792e-01
-1.145990751683712006e-02
1.122614275664091110e-02
2.829715237021446228e-02
1.477371621876955032e-02
2.397408895194530487e-02
9.011467546224594116e-02
-1.523886714130640030e-02
-3.390455245971679688e-02
-7.928160578012466431e-02
-1.737092621624469757e-02
-2.658600360155105591e-02
2.897859783843159676e-03
3.443566709756851196e-02
-3.418503561988472939e-03
2.230931632220745087e-02
-5.953961983323097229e-02
3.069374524056911469e-02
8.151306957006454468e-02
-2.000908181071281433e-02
1.055401712656021118e-01
6.162866577506065369e-02
-2.677811384201049805e-01
4.001214727759361267e-02
4.398329928517341614e-02
2.184187993407249451e-02
3.376179561018943787e-02
3.824727237224578857e-02
-5.333919823169708252e-02
7.267871405929327011e-03
1.923121325671672821e-02
