5.693537592887878418e-01
1.151735708117485046e-02
1.142419695854187012e+00
2.459937036037445068e-01
7.182717323303222656e-01
1.549510240554809570e+00
5.376136302947998047e-01
1.252091228961944580e-01
1.021224975585937500e+00
4.865810573101043701e-01
1.233347415924072266e+00
1.052105307579040527e+00
-2.981611192226409912e-01
4.690985679626464844e-01
4.645306110382080078e+00
-1.015015393495559692e-01
4.470871090888977051e-01
1.984168815612792969e+01
5.432786345481872559e-01
1.094421744346618652e+00
1.291893005371093750e+01
1.327633410692214966e-01
1.916587948799133301e+00
3.193116188049316406e+00
8.105577826499938965e-01
3.234737634658813477e+00
4.124646782875061035e-01
1.167691946029663086e+00
3.940325677394866943e-01
6.869745254516601562e-01
2.077698409557342529e-01
1.005544304847717285e+00
2.215573787689208984e+00
1.464949727058410645e+00
1.302028417587280273e+00
1.180179691314697266e+01
5.343601226806640625e+00
3.190961360931396484e+00
-4.729020595550537109e-01
1.519335806369781494e-01
1.389888525009155273e+00
1.660053879022598267e-01
1.289222908020019531e+01
8.579949140548706055e-01
2.376331806182861328e+00
5.487509727478027344e+00
1.923538595438003540e-01
-6.066977605223655701e-02
4.105948925018310547e+00
7.753601670265197754e-02
5.231636166572570801e-01
1.198817253112792969e+00
1.165826201438903809e+00
1.027570366859436035e+00
1.438168436288833618e-01
1.112493038177490234e+00
9.458128929138183594e+00
9.428074955940246582e-01
1.745481729507446289e+00
2.785297632217407227e+00
2.273921728134155273e+00
-5.437916517257690430e-01
2.017840385437011719e+00
9.406411647796630859e-01
7.571302056312561035e-01
-2.317660301923751831e-01
1.210890054702758789e+00
3.809974908828735352e+00
1.348514199256896973e+00
1.312967658042907715e+00
1.062518119812011719e+00
3.419134378433227539e+00
1.291640520095825195e+00
1.011894941329956055e+00
1.725442886352539062e+00
1.316511511802673340e+00
9.393019080162048340e-01
1.067158952355384827e-01
-3.037017285823822021e-01
1.179332137107849121e+00
-1.053639426827430725e-01
7.655067443847656250e-01
2.193056821823120117e+00
2.464527845382690430e+00
7.240405082702636719e+00
6.067824840545654297e+00
2.284596115350723267e-01
3.031277358531951904e-01
2.396997451782226562e+00
6.634417176246643066e-01
-6.775327771902084351e-02
7.570763230323791504e-01
8.054311871528625488e-01
4.604675769805908203e-01
-7.292860150337219238e-01
-3.776273727416992188e-01
9.560617208480834961e-01
3.874964475631713867e+00
1.295589923858642578e+00
2.587735354900360107e-01
-1.147217452526092529e-01
1.097675800323486328e+00
6.925076246261596680e-01
9.093046188354492188e-01
3.128390073776245117e+00
1.058521643280982971e-01
1.112014174461364746e+00
1.415431499481201172e+00
2.130620241165161133e+00
2.688247919082641602e+00
1.449784040451049805e+00
7.266812920570373535e-01
3.739319443702697754e-01
1.414437651634216309e+00
3.256614685058593750e+00
9.583039879798889160e-01
4.996589422225952148e-01
1.464302420616149902e+00
1.490142941474914551e-01
1.046239256858825684e+00
1.449468851089477539e+00
8.551486015319824219e+00
5.408273339271545410e-01
4.313823580741882324e-01
5.235604047775268555e-01
4.124267995357513428e-01
6.215162202715873718e-02
4.491572380065917969e+00
-5.671621561050415039e-01
1.795102119445800781e+01
8.991925120353698730e-01
2.461260855197906494e-01
8.766577243804931641e-01
4.897763133049011230e-01
1.686445713043212891e+00
1.257639080286026001e-01
2.077471017837524414e+00
2.376701086759567261e-01
7.187582254409790039e-01
3.056354284286499023e+00
3.637930154800415039e+00
-1.374516263604164124e-02
2.275573968887329102e+00
5.222325325012207031e-01
7.873008847236633301e-01
4.871367216110229492e-01
1.123285531997680664e+00
7.418290972709655762e-01
2.280184984207153320e+00
1.917325258255004883e+00
1.200549507141113281e+01
-9.353987872600555420e-02
1.194394111633300781e+00
2.308216810226440430e+00
2.216539144515991211e+00
1.326295018196105957e+00
1.094025254249572754e+00
5.253171920776367188e-02
6.467511653900146484e-01
4.961542785167694092e-01
1.345849871635437012e+00
1.221711412072181702e-01
5.501911044120788574e-02
3.161577224731445312e+00
4.033917486667633057e-01
1.666401028633117676e+00
1.071681261062622070e+00
2.102145195007324219e+00
2.056800127029418945e+00
-4.356691241264343262e-01
-2.033400908112525940e-02
1.096456432342529297e+01
8.536120653152465820e-01
2.310040950775146484e+00
-1.930813342332839966e-01
1.721173524856567383e+00
4.047237396240234375e+00
3.020254373550415039e-01
9.674318432807922363e-01
-6.646629571914672852e-01
-4.719994589686393738e-02
1.020063161849975586e+00
6.348216533660888672e-01
-4.012264311313629150e-01
-4.057391285896301270e-01
-2.385019958019256592e-01
8.958722949028015137e-01
2.064252793788909912e-01
1.050937533378601074e+00
9.094998836517333984e-01
1.350197792053222656e+00
-3.864397406578063965e-01
2.011470198631286621e-01
3.194343149662017822e-01
1.418053269386291504e+00
1.517125606536865234e+00
3.665482759475708008e+00
8.794379830360412598e-01
-3.224661340937018394e-03
-3.750524297356605530e-02
1.956039965152740479e-01
8.138462305068969727e-01
-3.610427141189575195e+00
2.819762229919433594e-01
-7.836956024169921875e+00
3.917111158370971680e-01
1.081451296806335449e+00
8.391841500997543335e-02
5.257682204246520996e-01
1.029110193252563477e+00
1.235590815544128418e+00
8.390185832977294922e-01
-1.514933872222900391e+01
9.551590085029602051e-01
1.004453301429748535e+00
-2.261660099029541016e+00
7.607684135437011719e-01
-1.190385246276855469e+01
-3.894011974334716797e+00
9.828059673309326172e-01
-1.525031471252441406e+01
6.818103194236755371e-01
1.429624676704406738e+00
5.149410367012023926e-01
-1.110562607645988464e-01
1.485719799995422363e+00
6.453199386596679688e-01
1.422442317008972168e+00
1.073326945304870605e+00
-1.317099481821060181e-01
-9.753261804580688477e-01
1.701823920011520386e-01
-1.276192367076873779e-01
-3.926174163818359375e+00
1.016250252723693848e+00
1.400615096092224121e+00
1.165171265602111816e+00
1.251830697059631348e+00
-2.801992416381835938e+00
8.197252154350280762e-01
-5.281845927238464355e-01
-1.998023867607116699e+00
7.801327109336853027e-01
6.968076825141906738e-01
-4.780784606933593750e+00
1.245808720588684082e+00
2.380237877368927002e-01
4.297246038913726807e-01
1.187053084373474121e+00
-9.686178565025329590e-01
2.232886850833892822e-02
3.804760575294494629e-01
3.849964737892150879e-01
1.092001557350158691e+00
8.768753409385681152e-01
-3.580332279205322266e+00
-1.854791641235351562e+01
4.656012356281280518e-01
8.006780743598937988e-01
6.113032102584838867e-01
-1.018143844604492188e+01
-1.035371303558349609e+00
1.144222259521484375e+00
6.702358126640319824e-01
-3.808414638042449951e-01
-1.918744850158691406e+01
9.710775017738342285e-01
-3.360111474990844727e+00
-1.742055892944335938e+00
6.123152971267700195e-01
-1.078498363494873047e+00
4.118663370609283447e-01
8.705298304557800293e-01
1.035036802291870117e+00
-2.483976818621158600e-02
2.297104001045227051e-01
-8.052124023437500000e+00
6.207365393638610840e-01
-1.225368976593017578e+01
1.038866758346557617e+00
-2.683493196964263916e-01
1.306293845176696777e+00
7.681612372398376465e-01
-2.785762786865234375e+00
1.062148332595825195e+00
8.821436166763305664e-01
-3.472157716751098633e+00
-5.751836299896240234e+00
5.100191235542297363e-01
-4.334702789783477783e-01
-7.330086827278137207e-01
-3.519631326198577881e-01
7.003530263900756836e-01
-4.322455823421478271e-02
-7.373532652854919434e-01
-5.188983440399169922e+00
6.267697811126708984e-01
1.195433497428894043e+00
-4.021481275558471680e-01
-1.257428359985351562e+01
-2.563280344009399414e+00
9.227714538574218750e-01
-1.782092285156250000e+01
1.734270453453063965e+00
7.743788361549377441e-01
-7.297236919403076172e+00
-9.746000170707702637e-01
-1.634733390808105469e+01
7.381989955902099609e-01
9.470793604850769043e-01
8.506217002868652344e-01
-1.746044494211673737e-02
9.752853512763977051e-01
6.339669227600097656e-01
-2.730631113052368164e+00
1.384608745574951172e+00
4.347812235355377197e-01
9.849648475646972656e-01
-1.812861710786819458e-01
9.052270650863647461e-01
1.484770536422729492e+00
8.870342969894409180e-01
-1.654499322175979614e-01
9.587229490280151367e-01
8.626134395599365234e-01
-1.612633323669433594e+01
8.920739889144897461e-01
-1.057388544082641602e+00
-1.598865890502929688e+01
8.681330084800720215e-01
-3.964775204658508301e-01
8.775616884231567383e-01
8.157750964164733887e-01
2.927502393722534180e-01
-7.904633045196533203e+00
-2.216343402862548828e+00
9.538312554359436035e-01
1.129546284675598145e+00
6.958681344985961914e-02
9.241909533739089966e-02
7.089055776596069336e-01
5.230329632759094238e-01
5.614259839057922363e-01
-1.145052242279052734e+01
1.412520408630371094e+00
1.300022482872009277e+00
1.371362328529357910e+00
7.705756425857543945e-01
1.130106687545776367e+00
8.937937021255493164e-01
-1.392840623855590820e+00
4.799091219902038574e-01
-1.151381611824035645e+00
9.968814849853515625e-01
2.721972167491912842e-01
1.092345356941223145e+00
-1.458861351013183594e+00
9.969007968902587891e-01
-1.054973220825195312e+01
2.977797091007232666e-01
1.024373650550842285e+00
-3.639259040355682373e-01
6.385506987571716309e-01
8.546627759933471680e-01
4.985393583774566650e-01
1.175891041755676270e+00
-3.929143846035003662e-01
1.108337163925170898e+00
7.271607518196105957e-01
-5.630106449127197266e+00
9.698122739791870117e-01
-2.116320133209228516e-01
-1.368108153343200684e+00
-2.860590070486068726e-02
-1.115575504302978516e+01
1.384253263473510742e+00
1.326202154159545898e+00
8.763035535812377930e-01
-3.661450386047363281e+00
1.512455224990844727e+00
-3.027395248413085938e+00
-1.846456146240234375e+01
-1.451062709093093872e-01
-7.396939396858215332e-01
8.552190661430358887e-01
-7.658511161804199219e+00
3.239970505237579346e-01
1.511031627655029297e+00
1.160588502883911133e+00
9.624068737030029297e-01
-4.827926754951477051e-01
-1.269388103485107422e+01
6.963517665863037109e-01
9.864218831062316895e-01
6.777210831642150879e-01
1.130241870880126953e+00
1.272222757339477539e+00
4.770765602588653564e-01
4.247218966484069824e-01
6.399871706962585449e-01
-6.234434604644775391e+00
3.776913881301879883e+00
6.750262260437011719e+00
-8.300154685974121094e+00
-8.299180030822753906e+00
-4.030492782592773438e+00
-3.196264505386352539e+00
-9.480318069458007812e+00
1.091430187225341797e+01
6.009118080139160156e+00
-2.672284364700317383e+00
-3.791142940521240234e+00
1.247028541564941406e+01
7.458008766174316406e+00
5.835221409797668457e-01
-1.126124954223632812e+01
-7.459744930267333984e+00
-8.945771306753158569e-02
5.896339893341064453e+00
-3.420850753784179688e+00
-2.805806696414947510e-02
4.763087749481201172e+00
5.450606346130371094e+00
-2.978841364383697510e-01
-5.518055438995361328e+00
-5.275570750236511230e-01
-8.092990875244140625e+00
1.088722229003906250e+01
6.732483386993408203e+00
1.206976318359375000e+01
1.597694110870361328e+01
-6.352663993835449219e+00
-3.027035236358642578e+00
3.981792688369750977e+00
-3.034531593322753906e+00
-4.897892475128173828e-02
5.090441107749938965e-01
2.904215335845947266e+00
-1.194919776916503906e+01
-8.361791610717773438e+00
7.589114189147949219e+00
7.650151729583740234e+00
-2.178545147180557251e-01
-6.666811466217041016e+00
-1.612400650978088379e+00
1.943834125995635986e-01
6.723351478576660156e+00
-6.842003822326660156e+00
-5.355104804039001465e-01
-1.088689327239990234e+01
-5.919048309326171875e+00
2.414732933044433594e+00
5.955473899841308594e+00
4.688301086425781250e+00
-7.401367187500000000e+00
-2.702412366867065430e+00
-2.475121617317199707e-01
5.787796020507812500e+00
-2.453178405761718750e+00
-4.159955680370330811e-01
-4.296261787414550781e+00
-4.544134140014648438e+00
5.951107025146484375e+00
5.900880813598632812e+00
9.458794593811035156e+00
-1.427283954620361328e+01
2.546516895294189453e+00
2.616688251495361328e+00
4.786336421966552734e+00
1.473283886909484863e+00
-5.300672054290771484e+00
-1.388132572174072266e-01
3.532567501068115234e+00
5.608771324157714844e+00
-9.587526321411132812e+00
-8.426339149475097656e+00
-7.362485885620117188e+00
-7.881901741027832031e+00
2.245941543579101562e+01
2.183452367782592773e+00
-8.094795227050781250e+00
6.789124488830566406e+00
-1.771331429481506348e+00
1.873521089553833008e+00
2.454924769699573517e-02
-9.661042690277099609e-01
-8.577305793762207031e+00
9.935970306396484375e+00
1.236655592918395996e+00
6.680267333984375000e+00
1.139456176757812500e+01
5.472806453704833984e+00
6.885903358459472656e+00
-5.778220176696777344e+00
4.687445640563964844e+00
-1.826718521118164062e+01
1.790265798568725586e+00
-8.877174258232116699e-01
9.782144546508789062e+00
1.361496353149414062e+01
-1.125249099731445312e+01
2.257309198379516602e+00
-3.669264554977416992e+00
9.684247016906738281e+00
-3.584956228733062744e-01
1.069528007507324219e+01
-4.915622711181640625e+00
4.183045387268066406e+00
-1.429775238037109375e+00
5.224717855453491211e-01
1.898282766342163086e+00
6.214564323425292969e+00
7.660668373107910156e+00
1.746851921081542969e+00
1.380751132965087891e-01
-1.410363674163818359e+00
-6.656765460968017578e+00
-2.352385520935058594e+00
-9.745497703552246094e+00
1.782988071441650391e+00
-9.945135116577148438e+00
2.434614300727844238e-02
6.652888774871826172e+00
-4.266076564788818359e+00
-6.265210628509521484e+00
-1.565235519409179688e+01
8.675379753112792969e+00
-2.134677320718765259e-01
-2.099172973632812500e+01
3.472601994872093201e-02
5.339220523834228516e+00
-7.146675109863281250e+00
-5.580122470855712891e+00
7.816109657287597656e+00
3.609737396240234375e+00
9.404938697814941406e+00
2.508167982101440430e+00
-6.014271259307861328e+00
-9.920578002929687500e+00
-5.528181552886962891e+00
4.414750337600708008e-01
7.851765632629394531e+00
2.898666821420192719e-02
1.141248130798339844e+01
9.439222335815429688e+00
4.921522140502929688e+00
-2.685080528259277344e+00
2.593643188476562500e+00
-4.707610607147216797e-01
3.579076528549194336e+00
-7.193062454462051392e-02
2.871550559997558594e+00
-1.022127532958984375e+01
-2.175471067428588867e+00
-6.398305892944335938e+00
6.434877395629882812e+00
2.620299577713012695e+00
3.723714351654052734e+00
-1.080462265014648438e+01
-4.385227203369140625e+00
3.783072948455810547e+00
9.315334320068359375e+00
9.253685951232910156e+00
-1.582752346992492676e+00
1.157844352722167969e+01
-1.069790959358215332e+00
-2.469971418380737305e+00
-2.064731836318969727e+00
-2.507628917694091797e+00
-1.662233543395996094e+01
4.596450328826904297e+00
1.066443771123886108e-01
-7.870889663696289062e+00
7.080782413482666016e+00
1.334961700439453125e+01
-1.801327586174011230e+00
-9.333998709917068481e-02
-7.110522747039794922e+00
2.814764499664306641e+00
3.693502426147460938e+00
1.434646224975585938e+01
5.673865318298339844e+00
7.629001140594482422e+00
2.314553737640380859e+00
8.546389579772949219e+00
1.798497390747070312e+01
-3.680047035217285156e+00
-7.467493534088134766e+00
4.144184589385986328e+00
-9.932452440261840820e-01
-2.580453872680664062e+00
1.813851356506347656e+01
-4.443062305450439453e+00
-8.469338417053222656e+00
-1.691366314888000488e+00
1.963670969009399414e+00
3.254669010639190674e-01
3.032764196395874023e+00
-7.993320941925048828e+00
8.559953689575195312e+00
