-2.065650373697280884e-02
-9.582482278347015381e-03
-1.206288784742355347e-01
3.662528097629547119e-02
4.254860058426856995e-02
6.867830455303192139e-02
5.767655000090599060e-02
1.592163294553756714e-01
-9.700422734022140503e-02
-3.164725378155708313e-02
2.738719061017036438e-02
4.063894972205162048e-02
-1.489649862051010132e-01
-5.332189053297042847e-02
-6.722663529217243195e-03
9.575910121202468872e-02
9.473976492881774902e-02
6.305398792028427124e-02
-5.181111395359039307e-02
2.519153244793415070e-02
-1.580230295658111572e-01
-7.136623607948422432e-04
-8.855266124010086060e-02
-4.482448101043701172e-02
5.499088019132614136e-02
6.757318228483200073e-02
6.935508549213409424e-02
-1.294993311166763306e-01
-4.513589292764663696e-02
-9.684325009584426880e-02
-1.541911363601684570e-01
5.187498871237039566e-03
1.555068138986825943e-02
-4.822685196995735168e-02
3.338577598333358765e-02
4.192122258245944977e-03
4.877304658293724060e-03
-5.837988480925559998e-02
8.634328842163085938e-02
8.415629714727401733e-02
-6.662645936012268066e-02
1.330905873328447342e-02
2.094758674502372742e-02
7.147514820098876953e-02
-1.925085857510566711e-02
-1.071166829206049442e-03
-3.786091506481170654e-02
1.216546222567558289e-01
3.028760105371475220e-02
1.135038733482360840e-01
-6.320289522409439087e-02
-3.924193233251571655e-02
6.836573779582977295e-02
-4.555006325244903564e-02
6.309582293033599854e-02
3.528093546628952026e-02
1.095067188143730164e-01
-1.013072282075881958e-01
4.694465547800064087e-02
1.075416244566440582e-02
6.763049215078353882e-02
1.955689676105976105e-02
-8.523218333721160889e-02
5.134560912847518921e-02
-1.319314837455749512e-01
6.876181066036224365e-02
-6.339727900922298431e-03
-2.350693382322788239e-02
1.952444389462471008e-02
-3.500690311193466187e-02
5.642231553792953491e-02
4.131130874156951904e-02
3.543416783213615417e-02
-5.793119966983795166e-02
2.673190273344516754e-02
-2.061483636498451233e-02
-1.644906960427761078e-02
1.066423505544662476e-01
1.939587667584419250e-02
-2.129319310188293457e-02
8.692677319049835205e-02
-8.552050590515136719e-02
8.243838697671890259e-02
5.073359608650207520e-02
-5.353055894374847412e-02
-9.435994178056716919e-02
7.206123787909746170e-03
5.787283298559486866e-04
1.022746786475181580e-02
-1.303228586912155151e-01
-2.929137833416461945e-02
2.686387486755847931e-02
-6.918732821941375732e-02
2.285606227815151215e-02
-3.749360144138336182e-02
5.837484495714306831e-04
3.445470333099365234e-02
2.290948666632175446e-02
-1.297538727521896362e-01
-5.899970605969429016e-02
-5.538647249341011047e-02
-1.005685552954673767e-01
-3.634180501103401184e-02
-1.254330426454544067e-01
6.918241828680038452e-02
-7.464323937892913818e-02
3.692628443241119385e-02
2.133361622691154480e-02
6.150573119521141052e-02
7.548516988754272461e-02
3.337394073605537415e-02
-3.954919055104255676e-02
-9.497965872287750244e-02
3.560116514563560486e-02
9.406841360032558441e-03
-4.124252498149871826e-02
1.766650751233100891e-02
3.459132462739944458e-02
1.484023630619049072e-01
-3.611126169562339783e-02
-9.691466577351093292e-03
-2.345858141779899597e-02
-1.015669703483581543e-01
4.733791574835777283e-03
6.198250129818916321e-02
1.525173783302307129e-01
-5.638359487056732178e-02
1.552100479602813721e-01
4.031122475862503052e-02
-9.611772373318672180e-03
1.747403666377067566e-02
8.944113552570343018e-02
7.650943100452423096e-02
-1.089810580015182495e-01
8.422343991696834564e-03
6.434205919504165649e-02
-2.249712683260440826e-02
4.149619489908218384e-02
1.366418600082397461e-01
9.595122933387756348e-02
-2.528937160968780518e-02
-8.966506272554397583e-02
3.179911291226744652e-03
-4.558443278074264526e-02
-5.023016035556793213e-02
-8.055586367845535278e-02
1.543816924095153809e-02
5.419640615582466125e-02
-5.041006579995155334e-02
-8.760760724544525146e-02
-3.506851941347122192e-02
-3.390580043196678162e-02
9.231178462505340576e-02
1.788047701120376587e-02
2.177305333316326141e-02
-1.144494041800498962e-01
1.086102426052093506e-01
-7.007801532745361328e-02
2.444912306964397430e-02
1.490466110408306122e-02
-3.645035624504089355e-02
-1.121381297707557678e-01
-9.564825147390365601e-02
5.591530352830886841e-02
-7.499501109123229980e-03
-2.913072891533374786e-02
-7.267628610134124756e-02
4.106231033802032471e-02
8.409322798252105713e-02
1.314114779233932495e-01
-5.215819925069808960e-02
2.452737838029861450e-02
7.015056908130645752e-02
-2.713064290583133698e-02
-2.970391185954213142e-03
4.467982426285743713e-02
8.794676512479782104e-02
6.067077443003654480e-02
-9.726771968416869640e-04
-5.254015326499938965e-02
-3.071107901632785797e-02
-3.952430933713912964e-02
-1.186896637082099915e-01
5.178711563348770142e-02
-7.591335475444793701e-02
8.098807185888290405e-02
-4.056724905967712402e-02
5.821972712874412537e-02
-2.524424344301223755e-02
1.034841537475585938e-01
1.365319341421127319e-01
-1.920161098241806030e-01
7.318098843097686768e-02
5.738591402769088745e-02
3.971702605485916138e-02
-1.918933913111686707e-02
5.339391995221376419e-03
-6.441072374582290649e-02
-1.104098558425903320e-01
-1.653334796428680420e-01
