           0            0            0   0.00272959     0.124529    0.0364189    0.0218005  3.53357e-05  1.35617e-05     0.053666  1.81352e-05  2.41921e-06    0.0214604  3.49695e-05  1.70291e-05  1.70291e-05  2.98674e-05   6.5522e-06  -0.00374621  8.35133e-05 -3.93126e-06   -0.0046813  -0.00285468            0  0.000301804  5.65927e-05 -1.04726e-05 -2.03473e-05 -2.04905e-06   -9.585e-11            0 -0.000453139  0.000431184            0  1.94108e-05  0.000566193  8.34138e-06            0  -1.0466e-05
           0            0            0    -0.108724 -0.000234818    0.0392374     0.174693   -0.0172548  -0.00156876  0.000953624  8.66376e-05            0     0.116709   -0.0151226  0.000162857   0.00177819  4.50717e-05            0   -0.0374637  4.54844e-06 -0.000499463  -0.00952024  -0.00155702            0   0.00120722  0.000150902  3.52305e-05 -9.49064e-06  2.73207e-06 -4.39582e-07  7.14071e-11  -0.00997008 -0.000130373            0  0.000527372  0.000130373 -1.11752e-05 -1.11752e-05 -6.97736e-06
           0            0            0    -0.045127   -0.0252604  0.000103842   1.6547e-05   -0.0102994    -0.057994    0.0591656   0.00367845  0.000614796  4.34088e-05   -0.0101821   0.00639636    0.0578638   0.00190603  0.000578989 -4.83312e-07    0.0353507  -0.00511113  0.000141593   0.00485255 -0.000301804 -7.54511e-05  0.000602672  4.42995e-06  7.52421e-05 -6.40328e-07  4.81544e-11  2.19363e-07  4.67479e-06  -0.00442598 -1.94108e-05 -4.02398e-05  -0.00113413  1.28588e-05  -8.7217e-07  -8.7217e-07
  0.00256591     0.108724  -0.00743249            0   -0.0092753     0.148583     0.148763      0.26105  -0.00473104   0.00433484  0.000577584            0    0.0695405     0.145428  -0.00177991  -0.00723297   -0.0024201            0   0.00714194  0.000198805    0.0228321   0.00110394  0.000795855            0 -0.000301804  0.000154298 -1.42002e-05 -1.36603e-06 -6.83017e-07  7.73253e-06 -3.65604e-08  0.000331155    0.0012573            0 -0.000303302  0.000173055 -1.74434e-06  3.77234e-05            0
  -0.0431199   -0.0100213     0.268129   -0.0092753            0  -0.00390606   -0.0184265   0.00305605 -2.71234e-05   -0.0536846 -1.13014e-05  -5.6507e-05   -0.0180697  0.000899828      0.14608 -2.07542e-05 -3.91137e-05 -5.40141e-05 -0.000807009 -0.000101711 -0.000796207  0.000749209  -0.00114663            0 -1.88628e-05  0.000603596  -4.4678e-05  -1.9835e-05 -7.68394e-07  3.88335e-09            0   0.00085847  0.000741044   4.8527e-06  -2.8516e-05  0.000329077  4.40158e-05  4.56819e-05  1.19923e-06
  0.00479073    -0.327777  -0.00747484     0.148583  -0.00390606            0    0.0403265     0.023082  -0.00115726  -0.00786212            0            0   -0.0146412   -0.0751199  -0.00163479   0.00054493  -0.00108986            0  -0.00052528   0.00172769  -0.00181805  -0.00102191  -0.00228515            0            0  6.83017e-07 -2.71274e-06  2.10303e-05  6.83017e-07 -7.31209e-08            0 -0.000435843  0.000412315  0.000111638  0.000527372 -4.02914e-05 -1.11752e-05 -1.81525e-05  -8.7217e-06
  0.00010019   0.00235566   0.00135595   0.00639239  -0.00170049    0.0129151    0.0246017    0.0164361 -0.000578632  -0.00144658   7.2329e-05            0            0            0            0            0            0            0            0            0            0            0            0            0            0            0            0            0            0            0            0            0            0            0            0            0            0            0            0
  0.00135354    0.0172548 -0.000709891     0.253385   0.00132899     0.130764     0.126489      0.26105 -3.13327e-05   0.00011387  4.95952e-06            0            0            0            0            0            0            0            0            0            0            0            0            0            0            0            0            0            0            0            0            0            0            0            0            0            0            0            0
-1.35617e-05 -0.000256871    0.0933934  -0.00438663  -0.00013916   -0.0149531   -0.0151509  -0.00708749            0 -6.78084e-06 -1.13014e-05  1.13014e-05            0            0            0            0            0            0            0            0            0            0            0            0            0            0            0            0            0            0            0            0            0            0            0            0            0            0            0
-2.71763e-05   0.00341083     0.127333    0.0186014 -1.00931e-05  -0.00237724  -0.00410815   0.00716076  6.78084e-06            0 -6.78084e-06  7.45893e-05            0            0            0            0            0            0            0            0            0            0            0            0            0            0            0            0            0            0            0            0            0            0            0            0            0            0            0
-1.81352e-05  4.48065e-05  -0.00231367 -0.000196999  1.13014e-05  -0.00113131  -0.00126702 -6.51701e-06  1.13014e-05  6.78084e-06            0 -3.10789e-06            0            0            0            0            0            0            0            0            0            0            0            0            0            0            0            0            0            0            0            0            0            0            0            0            0            0            0
 0.000140731            0  -0.00063285  -0.00167621 -0.000122689  -0.00379433   0.00222061 -0.000280636 -0.000111484 -4.33188e-05            0            0            0            0            0            0            0            0            0            0            0            0            0            0            0            0            0            0            0            0            0            0            0            0            0            0            0            0            0
 9.57539e-05   -0.0520363   0.00147984   -0.0733239  -0.00152559   -0.0428944            0            0            0            0            0            0   -0.0261378   -0.0603282  -0.00108986 -0.000272465  -0.00102174            0            0            0            0            0            0            0            0            0            0            0            0            0            0            0            0            0            0            0            0            0            0
  0.00152237    0.0151226   0.00187979      0.13659 -0.000788862     0.066776            0            0            0            0            0            0    0.0603618     0.146119  -0.00221157   0.00010478  -0.00216789            0            0            0            0            0            0            0            0            0            0            0            0            0            0            0            0            0            0            0            0            0            0
-1.70291e-05  0.000455312     0.135637   -0.0306518 -0.000124465   -0.0158552            0            0            0            0            0            0   -0.0145871  -0.00472268            0  -6.3859e-06 -1.27718e-05  1.06432e-05            0            0            0            0            0            0            0            0            0            0            0            0            0            0            0            0            0            0            0            0            0
  -0.0408971   0.00458733     0.178048   -0.0160059 -0.000142559  -0.00954827            0            0            0            0            0            0   -0.0106534  0.000120562   6.3859e-06            0 -2.12863e-06  7.02449e-05            0            0            0            0            0            0            0            0            0            0            0            0            0            0            0            0            0            0            0            0            0
-2.98674e-05   0.00133752     0.171964   -0.0074475 -6.97616e-05  -0.00327296            0            0            0            0            0            0  -0.00312705   0.00219882  1.27718e-05  2.12863e-06            0 -2.92687e-06            0            0            0            0            0            0            0            0            0            0            0            0            0            0            0            0            0            0            0            0            0
 0.000137943            0 -0.000512858   0.00345117 -5.49311e-05  -0.00271623            0            0            0            0            0            0   0.00573273   0.00265236 -0.000124199 -1.50239e-05            0            0            0            0            0            0            0            0            0            0            0            0            0            0            0            0            0            0            0            0            0            0            0
  0.00180991  -0.00702692   0.00181507    0.0185197   0.00385273   0.00052528            0            0            0            0            0            0            0            0            0            0            0            0            0   0.00150397  -0.00124554 -0.000578414  -0.00228515            0            0  6.83017e-07 -2.71274e-06  2.10303e-05  6.83017e-07 -7.31209e-08            0 -0.000185969  0.000322007  5.58189e-05  0.000546783 -4.02914e-05 -1.11752e-05 -1.81525e-05 -6.97736e-06
  -0.0818437   0.00204194    0.0721049  0.000692075  0.000101667   0.00169288            0            0            0            0            0            0            0            0            0            0            0            0    0.0019588            0  -0.00119314   0.00198401 -8.64854e-05            0 -8.25246e-05  0.000584572 -4.24113e-05 -6.83017e-07 -5.12262e-07  3.88335e-09            0   0.00143186   2.8886e-05            0 -3.26105e-05  4.57622e-05  4.38714e-05  4.55729e-05  3.05259e-06
 9.43081e-07  0.000499463   0.00349839    0.0229916  0.000773049    0.0017446            0            0            0            0            0            0            0            0            0            0            0            0   0.00117209  0.000558816   -0.0255453  0.000744124 -0.000401854            0            0   -0.0003052  1.62492e-05  1.36603e-06            0 -7.11101e-06  3.65604e-08   0.00123754  -0.00127965            0  0.000171459 -0.000173055  1.74434e-06 -3.77234e-05  1.74434e-06
   0.0046813 -8.11464e-05     0.154487   0.00668687  -0.00204108  -0.00183648            0            0            0            0            0            0            0            0            0            0            0            0  -0.00227998  -0.00252483  -0.00144957   -0.0014284  -0.00235111            0            0 -4.74532e-06 -7.45806e-06  5.42834e-06            0            0            0            0            0            0            0            0            0            0            0
-0.000179394   0.00199795     0.147465   -0.0017189  0.000353881   0.00423441            0            0            0            0            0            0            0            0            0            0            0            0   0.00423441 -0.000140486 -0.000613676   0.00336207            0            0 -0.000150902 -1.98693e-05 -2.67905e-05  1.89813e-05            0            0            0            0            0            0            0            0            0            0            0
  0.00397828 -0.000177272   0.00633175    0.0014284 -0.000825763  0.000843057            0            0            0            0            0            0            0            0            0            0            0            0  0.000542976  -0.00151643   -0.0014284    0.0014284            0            0            0 -0.000148366  -1.3578e-06 -5.24863e-06            0            0            0            0            0            0            0            0            0            0            0
  0.00163821   0.00196573  0.000547883 -0.000363989 -2.47576e-05            0            0            0            0            0            0            0            0            0            0            0            0            0            0 -0.000307895            0            0 -0.000150902            0            0  2.51657e-07  1.18633e-05  6.78542e-07            0            0            0            0            0            0            0            0            0            0            0
 1.72103e-05  0.000950075     0.162704   0.00375003   0.00176088  -0.00033748            0            0            0            0            0            0            0            0            0            0            0            0 -7.75704e-05   0.00174226   0.00117089 -8.45297e-05 -1.70322e-05 -2.53589e-06 -9.34673e-07            0 -1.90293e-05            0  2.56131e-07            0            0            0            0            0            0            0            0            0            0
 6.67416e-05 -0.000100095  6.20075e-05  1.58632e-05  5.17335e-05  6.83017e-07            0            0            0            0            0            0            0            0            0            0            0            0  6.83017e-07   4.7348e-05  7.98279e-05  5.42834e-06  4.79288e-05  3.98612e-05 -1.18633e-05  2.06799e-05            0  1.01558e-06            0            0            0            0            0            0            0            0            0            0            0
 5.91216e-05 -5.68747e-05  0.000639435 -5.72938e-05 -0.000121955  6.09605e-05            0            0            0            0            0            0            0            0            0            0            0            0  3.07531e-05 -5.72684e-05 -3.51172e-07  3.08134e-05  3.69644e-05 -1.19354e-05 -4.59257e-07 -1.07829e-06  1.19528e-06            0 -1.28066e-07            0            0            0            0            0            0            0            0            0            0
-5.53001e-05  6.01402e-05   -1.913e-05   3.3523e-05  1.63813e-05 -1.10734e-05            0            0            0            0            0            0            0            0            0            0            0            0 -1.10734e-05  2.28298e-05  -5.1687e-05 -2.68103e-05  2.53715e-07 -3.30987e-05  5.30886e-06  1.90287e-07  8.30431e-06            0            0            0            0            0            0            0            0            0            0            0            0
-5.91742e-10  8.56885e-10  1.94813e-08 -1.05865e-05  2.06867e-06 -7.19971e-06            0            0            0            0            0            0            0            0            0            0            0            0 -7.19971e-06  1.96047e-06  4.77114e-06            0            0            0            0            0            0            0            0            0            0            0            0            0            0            0            0            0            0
 5.56999e-13 -8.85845e-09  7.82629e-06  1.72059e-06            0 -2.88802e-06            0            0            0            0            0            0            0            0            0            0            0            0 -2.88802e-06            0 -5.06777e-08            0            0            0            0            0            0            0            0            0            0            0            0            0            0            0            0            0            0
  0.00019843    0.0011449   0.00793251 -0.000210183  0.000761479  0.000280897            0            0            0            0            0            0            0            0            0            0            0            0  3.10231e-05   0.00124946  -0.00055959            0            0            0            0            0            0            0            0            0            0            0 -0.000192605  5.58189e-05  0.000566193  4.57758e-05 -5.58759e-06 -1.08206e-05 -5.23302e-06
-0.000431184  -0.00104365    0.0161957    0.0047337  -0.00149509 -0.000732457            0            0            0            0            0            0            0            0            0            0            0            0 -0.000642149   -0.0019063  3.13353e-05            0            0            0            0            0            0            0            0            0            0 -0.000287407            0            0  9.70541e-06 -7.61107e-06  4.13298e-06 -9.43084e-06 -3.48868e-06
 -0.00525101 -0.000111728  -0.00227399            0  2.87277e-05  0.000325141            0            0            0            0            0            0            0            0            0            0            0            0  0.000968518   0.00131853            0            0            0            0            0            0            0            0            0            0            0   0.00182058            0            0 -5.58189e-05 -2.76092e-06  1.01457e-05  1.04233e-06  3.48868e-06
 -0.00141898  -0.00140529   0.00021395 -0.000739685  8.66015e-05  0.000973606            0            0            0            0            0            0            0            0            0            0            0            0   0.00109472  0.000440117   0.00105384            0            0            0            0            0            0            0            0            0            0   0.00188976  9.70541e-06 -5.58189e-05 -0.000566193  1.35451e-05  1.60643e-05  4.84125e-06            0
 -0.00422763  0.000451707   0.00261151   0.00517977  0.000490023 -0.000543358            0            0            0            0            0            0            0            0            0            0            0            0 -0.000220898  2.72386e-05   0.00021505            0            0            0            0            0            0            0            0            0            0 -0.000285327  7.61107e-06 -1.66499e-05  8.02519e-05            0  3.83308e-06            0 -1.30825e-06
  0.00523215  -0.00112673  -0.00557967   0.00478749    0.0027356   0.00331376            0            0            0            0            0            0            0            0            0            0            0            0   0.00322345  0.000626629  0.000414917            0            0            0            0            0            0            0            0            0            0  0.000557075  -1.9486e-05   0.00019975  0.000125484   -1.294e-07            0  8.86428e-08            0
-0.000639954   0.00012653   8.7217e-07 -0.000178026   -0.0002532  7.83225e-05            0            0            0            0            0            0            0            0            0            0            0            0  7.60413e-05 -0.000241315  0.000228613            0            0            0            0            0            0            0            0            0            0  3.19622e-05  1.59492e-05 -8.97469e-07 -7.89603e-06  1.51647e-07 -1.30825e-06            0  3.27064e-07
 8.19628e-05  8.51777e-05 -4.31534e-05 -0.000486333 -4.24093e-05  2.45173e-05            0            0            0            0            0            0            0            0            0            0            0            0   -1.305e-05 -5.44589e-05  0.000462094            0            0            0            0            0            0            0            0            0            0 -3.92395e-05 -3.56248e-06 -0.000102414  1.79266e-05 -5.30765e-07  4.19069e-06            0            0