1.557561289519071579e-02
-3.380423411726951599e-02
7.319660484790802002e-02
-3.136470317840576172e-01
1.539186090230941772e-01
8.627323806285858154e-02
1.375707238912582397e-01
-2.590127289295196533e-01
-2.365496158599853516e-01
1.838555186986923218e-01
-2.125847637653350830e-01
-4.687047600746154785e-01
3.196213543415069580e-01
1.288467552512884140e-02
-5.275039747357368469e-02
4.249874949455261230e-01
2.373307049274444580e-01
-2.006458044052124023e-01
-1.346286572515964508e-02
8.169856853783130646e-03
-1.290269643068313599e-01
-8.189562708139419556e-03
-1.345053967088460922e-02
5.446267779916524887e-03
-5.939036235213279724e-02
-4.510768875479698181e-02
-6.311982870101928711e-02
1.452422142028808594e-02
-8.799915760755538940e-02
7.823285460472106934e-02
