8.505584716796875000e+00
8.487465858459472656e+00
8.446701049804687500e+00
8.493987083435058594e+00
8.516245841979980469e+00
8.487868309020996094e+00
8.509709358215332031e+00
8.529541015625000000e+00
8.517162322998046875e+00
8.472238540649414062e+00
8.517326354980468750e+00
8.482310295104980469e+00
8.498789787292480469e+00
8.490565299987792969e+00
8.506815910339355469e+00
8.521739006042480469e+00
8.495382308959960938e+00
8.503217697143554688e+00
8.444248199462890625e+00
8.528345108032226562e+00
8.481140136718750000e+00
8.454304695129394531e+00
8.529243469238281250e+00
8.475783348083496094e+00
8.512672424316406250e+00
8.589651107788085938e+00
8.543877601623535156e+00
8.521086692810058594e+00
8.537068367004394531e+00
8.471576690673828125e+00
8.471735954284667969e+00
8.548459053039550781e+00
8.547188758850097656e+00
8.499162673950195312e+00
8.537299156188964844e+00
8.596196174621582031e+00
8.335959434509277344e+00
8.512681007385253906e+00
8.490201950073242188e+00
8.402299880981445312e+00
8.501676559448242188e+00
8.537476539611816406e+00
8.504799842834472656e+00
8.568304061889648438e+00
8.520020484924316406e+00
8.554984092712402344e+00
8.341493606567382812e+00
8.450423240661621094e+00
8.482112884521484375e+00
8.572627067565917969e+00
8.566721916198730469e+00
8.525576591491699219e+00
8.535799026489257812e+00
8.592491149902343750e+00
8.545530319213867188e+00
8.452795982360839844e+00
8.448821067810058594e+00
8.440902709960937500e+00
8.570536613464355469e+00
8.610816001892089844e+00
8.518662452697753906e+00
8.544869422912597656e+00
8.488928794860839844e+00
8.467287063598632812e+00
8.501137733459472656e+00
8.488997459411621094e+00
8.476251602172851562e+00
8.517347335815429688e+00
8.529339790344238281e+00
8.530193328857421875e+00
8.466330528259277344e+00
8.447402954101562500e+00
8.570328712463378906e+00
8.498929977416992188e+00
8.466212272644042969e+00
8.421855926513671875e+00
8.511371612548828125e+00
8.472007751464843750e+00
8.508449554443359375e+00
8.533783912658691406e+00
8.528680801391601562e+00
8.441591262817382812e+00
8.566042900085449219e+00
8.511662483215332031e+00
8.468731880187988281e+00
8.532709121704101562e+00
8.438311576843261719e+00
8.446358680725097656e+00
8.543663978576660156e+00
8.515248298645019531e+00
8.473430633544921875e+00
8.495554924011230469e+00
8.514549255371093750e+00
8.490726470947265625e+00
8.563336372375488281e+00
8.483082771301269531e+00
8.573607444763183594e+00
8.565743446350097656e+00
8.557751655578613281e+00
8.476779937744140625e+00
8.512700080871582031e+00
8.458548545837402344e+00
8.480705261230468750e+00
8.559526443481445312e+00
8.512499809265136719e+00
8.506551742553710938e+00
8.574033737182617188e+00
8.429086685180664062e+00
8.484193801879882812e+00
8.526250839233398438e+00
8.511820793151855469e+00
8.553073883056640625e+00
8.490336418151855469e+00
8.573163032531738281e+00
8.576696395874023438e+00
8.495231628417968750e+00
8.511569023132324219e+00
8.526372909545898438e+00
8.452376365661621094e+00
8.583950042724609375e+00
8.545925140380859375e+00
8.529967308044433594e+00
8.520765304565429688e+00
8.586621284484863281e+00
8.521409034729003906e+00
8.521628379821777344e+00
8.508102416992187500e+00
8.529439926147460938e+00
8.474528312683105469e+00
8.430313110351562500e+00
8.446979522705078125e+00
8.459359169006347656e+00
8.519805908203125000e+00
8.423235893249511719e+00
8.515039443969726562e+00
8.450455665588378906e+00
8.490628242492675781e+00
8.493720054626464844e+00
8.478646278381347656e+00
8.585082054138183594e+00
8.518545150756835938e+00
8.452637672424316406e+00
8.541600227355957031e+00
8.481831550598144531e+00
8.560585021972656250e+00
8.553565025329589844e+00
8.475153923034667969e+00
8.512345314025878906e+00
8.424003601074218750e+00
8.535787582397460938e+00
1.526950120925903320e+00
9.758418798446655273e-01
1.210189342498779297e+00
-9.818296432495117188e+00
1.170315623283386230e+00
5.831171274185180664e-01
-1.054305934906005859e+01
6.975083947181701660e-01
1.099661588668823242e+00
1.272680997848510742e+00
-1.060623645782470703e+01
1.245030641555786133e+00
1.261877894401550293e+00
1.170495629310607910e+00
9.577347636222839355e-01
-1.009865188598632812e+01
-9.650500297546386719e+00
1.099728941917419434e+00
9.198052883148193359e-01
1.265610098838806152e+00
-1.076868820190429688e+01
1.293278098106384277e+00
-1.021251296997070312e+01
1.140548706054687500e+00
1.054664731025695801e+00
-1.031404209136962891e+01
1.060687661170959473e+00
-1.026046943664550781e+01
-1.045432090759277344e+01
1.130882740020751953e+00
1.256598472595214844e+00
-9.960893630981445312e+00
-1.039062118530273438e+01
9.963625073432922363e-01
1.327152729034423828e+00
-1.064841556549072266e+01
1.252291440963745117e+00
-1.023910713195800781e+01
-9.555490493774414062e+00
-9.613803863525390625e+00
9.977796673774719238e-01
-9.992103576660156250e+00
1.190838932991027832e+00
-1.053138732910156250e+01
-1.034642887115478516e+01
-1.027921199798583984e+01
-1.032448196411132812e+01
1.303700685501098633e+00
6.680443286895751953e-01
-5.796699523925781250e-01
1.261752605438232422e+00
1.043442726135253906e+00
-1.024337863922119141e+01
-9.816348075866699219e+00
-1.056828022003173828e+01
-2.049484476447105408e-02
-9.833392143249511719e+00
-9.462352752685546875e+00
-1.013738250732421875e+01
-1.069091033935546875e+01
1.086329340934753418e+00
1.067987799644470215e+00
1.052411079406738281e+00
-1.006466293334960938e+01
1.209164977073669434e+00
1.156108379364013672e+00
1.135995864868164062e+00
1.005323290824890137e+00
-9.436944007873535156e+00
1.252879381179809570e+00
1.152798414230346680e+00
1.176399946212768555e+00
-1.063707733154296875e+01
-9.970513343811035156e+00
1.150916337966918945e+00
-1.031302738189697266e+01
-9.967800140380859375e+00
-1.045923233032226562e+01
-1.022594070434570312e+01
1.176856994628906250e+00
-9.853324890136718750e+00
1.115472555160522461e+00
-1.055666828155517578e+01
1.327115654945373535e+00
1.123958110809326172e+00
1.118933320045471191e+00
1.135237574577331543e+00
-9.510568618774414062e+00
-9.906264305114746094e+00
-9.192074775695800781e+00
1.100606083869934082e+00
1.302158594131469727e+00
-9.717222213745117188e+00
-1.042171573638916016e+01
1.069272875785827637e+00
1.002804398536682129e+00
-1.050022220611572266e+01
-1.060610485076904297e+01
-9.844172477722167969e+00
1.277308583259582520e+00
2.246093899011611938e-01
-1.040157890319824219e+01
-9.875878334045410156e+00
-1.009666824340820312e+01
1.310225605964660645e+00
1.278537511825561523e+00
1.225957989692687988e+00
9.851100444793701172e-01
1.045724987983703613e+00
7.837405204772949219e-01
-1.032795906066894531e+01
-1.002143383026123047e+01
1.098798036575317383e+00
-1.058124351501464844e+01
8.026970028877258301e-01
1.303705096244812012e+00
-9.898697853088378906e+00
-9.828095436096191406e+00
9.994889497756958008e-01
1.126983046531677246e+00
-1.038528537750244141e+01
1.041556239128112793e+00
-1.014663505554199219e+01
-1.020483303070068359e+01
-9.785636901855468750e+00
1.089469075202941895e+00
9.766800403594970703e-01
1.043195366859436035e+00
1.296560764312744141e+00
7.852549552917480469e-01
1.011303544044494629e+00
-1.061537647247314453e+01
-1.013123321533203125e+01
1.037421226501464844e+00
-1.030310440063476562e+01
-9.710229873657226562e+00
1.262117743492126465e+00
-1.054911041259765625e+01
-1.033388996124267578e+01
-1.031757926940917969e+01
1.102567076683044434e+00
-9.857592582702636719e+00
-9.067259788513183594e+00
-9.724704742431640625e+00
1.146364688873291016e+00
1.333377599716186523e+00
1.061221718788146973e+00
9.444645643234252930e-01
9.038577675819396973e-01
-1.030283737182617188e+01
-7.389535754919052124e-02
-1.325870119035243988e-02
1.011434644460678101e-01
9.503637999296188354e-02
-1.433991640806198120e-02
9.213511645793914795e-02
6.807439029216766357e-03
-7.686547935009002686e-02
-1.217876151204109192e-01
-1.473365128040313721e-01
-7.160417735576629639e-02
3.669710159301757812e-01
7.185743190348148346e-03
-7.087249308824539185e-02
2.124285697937011719e-02
1.588239222764968872e-01
3.770145401358604431e-02
-3.357598483562469482e-01
-1.253677159547805786e-01
-6.941165775060653687e-02
1.298498734831809998e-02
3.118806481361389160e-01
-7.150967419147491455e-02
-1.288385987281799316e-01
-4.744354262948036194e-02
4.576288908720016479e-02
3.049178980290889740e-02
-1.061160489916801453e-02
4.394756257534027100e-02
-5.261557549238204956e-02
-2.872094810009002686e-01
-2.890399843454360962e-02
-4.009073078632354736e-01
1.014357134699821472e-01
-1.886656731367111206e-01
5.206841602921485901e-02
3.637859523296356201e-01
6.645306199789047241e-02
3.877849578857421875e-01
-4.757742583751678467e-01
4.046894609928131104e-02
-7.596214115619659424e-02
2.020961642265319824e-01
-6.170764565467834473e-02
-3.150852322578430176e-01
-1.128550339490175247e-02
-1.885702461004257202e-02
4.301270842552185059e-01
1.471281349658966064e-01
1.502980142831802368e-01
-1.100327372550964355e-01
-1.196890473365783691e-01
1.496603339910507202e-01
-7.906627841293811798e-03
4.289928078651428223e-02
-1.824686117470264435e-02
2.408832311630249023e-01
2.489563375711441040e-01
-3.271481255069375038e-04
6.232276558876037598e-02
3.262403905391693115e-01
-1.118622720241546631e-01
-1.382765453308820724e-02
9.094508737325668335e-02
-2.430215626955032349e-01
1.132971122860908508e-01
-1.127820927649736404e-02
-9.178188443183898926e-02
-1.459362804889678955e-01
-3.455999074503779411e-03
-1.066556423902511597e-01
1.164740398526191711e-01
3.010807558894157410e-02
-2.510570734739303589e-02
-2.152582444250583649e-02
-1.897090487182140350e-02
-9.086806327104568481e-02
1.685759723186492920e-01
-1.513403654098510742e-01
1.855148375034332275e-01
8.693703450262546539e-03
8.976621180772781372e-02
4.019146785140037537e-02
-2.840586304664611816e-01
-7.283689826726913452e-02
8.525170385837554932e-02
-5.109936371445655823e-02
2.479574233293533325e-01
8.718203008174896240e-02
1.086690276861190796e-01
1.272089630365371704e-01
2.792669236660003662e-01
-6.570148468017578125e-02
-2.702730335295200348e-02
1.969755589962005615e-01
-2.957152202725410461e-02
2.954299375414848328e-02
-1.142115294933319092e-01
1.042517572641372681e-01
-1.182512789964675903e-01
-1.044389009475708008e-01
-2.996287494897842407e-02
2.542550489306449890e-02
-1.042009294033050537e-01
-1.067150756716728210e-01
-1.395956128835678101e-01
-3.853284567594528198e-02
-2.283038198947906494e-01
4.831137880682945251e-02
4.574138205498456955e-03
1.359864324331283569e-01
4.577971622347831726e-02
1.028063669800758362e-01
-2.350684553384780884e-01
1.351779997348785400e-01
3.334633409976959229e-01
2.506765127182006836e-01
-1.946028470993041992e-01
-1.454390287399291992e-01
8.198656141757965088e-02
1.666914522647857666e-01
8.049450814723968506e-02
3.050521314144134521e-01
-1.450720280408859253e-01
-2.154704630374908447e-01
-6.932774931192398071e-02
-3.308242559432983398e-02
1.195811107754707336e-02
6.395592540502548218e-02
1.171472668647766113e-01
2.609027922153472900e-02
9.011066518723964691e-03
-3.262271732091903687e-02
5.446902476251125336e-03
9.028396010398864746e-02
-2.614954710006713867e-01
-3.128187656402587891e-01
1.405170708894729614e-01
-1.435676068067550659e-01
1.590325124561786652e-02
1.402671486139297485e-01
-3.394147753715515137e-01
5.699429512023925781e-01
-2.671708762645721436e-01
-3.916109725832939148e-02
1.804978698492050171e-01
-1.072067022323608398e-01
7.168075442314147949e-02
-1.671391278505325317e-01
4.844686761498451233e-02
