-1.635824446566402912e-04
-3.370846752659417689e-05
-6.181398504168100771e-08
2.379455690970644355e-05
7.256750450324034318e-06
-2.092195791192352772e-05
1.372623410134110600e-05
1.566149876452982426e-05
-1.827055257308529690e-06
3.609051782405003905e-05
3.385788659215904772e-05
6.265120191528694704e-06
1.901644645840860903e-05
-1.540805169497616589e-05
6.116571512393420562e-06
-2.285787275013717590e-07
1.195412460219813511e-05
2.777226109174080193e-05
-8.656672889628680423e-07
6.027289782650768757e-05
-9.576634511176962405e-06
-3.662689096017857082e-06
8.926406735554337502e-06
-6.145998668216634542e-06
-4.309659288992406800e-06
-1.310836614720756188e-05
-4.191515017737401649e-06
-4.226263172313338146e-06
-1.060236081684706733e-05
-1.038996197166852653e-05
2.547507210692856461e-05
-7.291064321179874241e-06
8.720739970158319920e-06
-1.550513115944340825e-05
6.835427029727725312e-06
-1.636705201235599816e-05
-1.763346517691388726e-05
1.537015464236901607e-06
6.336788828775752336e-06
9.530375791655387729e-06
8.304520633828360587e-06
5.014045655116206035e-06
-8.696199074620380998e-06
-1.815599262044997886e-07
7.367727903329068795e-07
7.579258181067416444e-06
-1.078761306416708976e-05
1.887615144369192421e-05
-7.473058758478146046e-07
-7.743248715996742249e-05
7.377283509413246065e-06
-5.982790298730833456e-06
3.257654057620129606e-08
6.509444574476219714e-06
1.825122490117792040e-05
9.225676876667421311e-06
5.235223943600431085e-05
-1.547564897919073701e-05
-2.143123856512829661e-05
4.252432972862152383e-06
-2.392855549260275438e-06
-1.101787529478315264e-05
3.037740680156275630e-05
9.053862595465034246e-05
3.005348844453692436e-05
-1.767353387549519539e-05
1.071789938578149304e-05
1.161896605594847642e-07
-5.444473936222493649e-05
8.937048733059782535e-06
-5.227665951679227874e-06
8.256633009295910597e-06
1.369213714497163892e-05
8.041671389946714044e-05
-5.369816426536999643e-05
-1.559981910759233870e-06
-3.227900833735475317e-06
-2.306853502886951901e-06
-2.126639992638956755e-05
-1.970229277503676713e-06
1.338027118436002638e-06
-1.317721125815296546e-05
1.824981336540076882e-05
4.270458703103940934e-06
1.136921241595700849e-06
-5.362641786632593721e-06
8.800715477264020592e-06
1.596106631041038781e-05
-2.854790750461688731e-07
-1.217059616465121508e-05
6.780264243388955947e-07
-1.379507921228650957e-05
-8.137619715853361413e-07
-2.803102688631042838e-06
-3.917654976248741150e-05
-6.502277756226249039e-07
8.227313628594856709e-06
1.397403320879675448e-05
5.144139868207275867e-05
6.455367383750854060e-06
2.680821307876612991e-05
-1.723766035865992308e-05
1.426374728907831013e-05
-2.755812602117657661e-06
-2.023274646489880979e-05
-2.787683115457184613e-06
-2.026499714702367783e-05
5.062068794359220192e-06
-5.008968855690909550e-06
-2.267718264192808419e-05
1.402311499987263232e-05
2.323923581570852548e-05
-4.027872273582033813e-05
5.220173534326022491e-06
-1.577106377226300538e-05
6.024379672453505918e-06
1.964452349056955427e-05
9.008499546325765550e-06
2.159651012334506959e-05
-4.685375188273610547e-06
-7.289543759725347627e-07
-2.254839500892558135e-06
-9.751787729328498244e-06
-7.232860752992564812e-06
1.575097485329024494e-05
-1.898995151350391097e-06
2.984011189255397767e-07
1.615796492160370690e-07
-1.687160693109035492e-05
1.263318267774593551e-06
-2.944615334854461253e-05
-4.623632048605941236e-05
2.914579636126291007e-05
-3.444643425609683618e-06
-2.924016143879271112e-06
-6.362849944707704708e-06
-9.521471838525030762e-06
1.462154614273458719e-05
-2.404973929515108466e-05
1.158769282483262941e-05
1.821571657956155832e-07
1.874236943422147306e-07
2.225846401415765285e-05
-3.318235758342780173e-05
9.709546247904654592e-06
8.717134915059432387e-05
-7.346661732299253345e-06
8.351865290023852140e-06
-2.651078830240294337e-06
2.726395905483514071e-05
-3.397088730707764626e-03
-1.674578711390495300e-02
8.177899755537509918e-03
-2.177774331357795745e-05
-1.869050413370132446e-02
-2.545180357992649078e-02
-4.586885552271269262e-06
-7.782109081745147705e-03
-5.726691801100969315e-03
6.886382121592760086e-03
-1.152851200458826497e-05
-1.224368531256914139e-02
-1.181484945118427277e-02
7.761381566524505615e-03
9.441708214581012726e-03
-1.133930782089009881e-04
1.907247906274278648e-06
-1.600417308509349823e-02
8.765920065343379974e-03
1.740877144038677216e-02
5.962267096037976444e-06
-1.913142390549182892e-02
2.496622619219124317e-05
2.331404946744441986e-03
2.674806118011474609e-02
1.696477738732937723e-05
5.627985578030347824e-03
1.001446344162104651e-05
-3.982482212450122461e-06
9.927877224981784821e-03
-5.718725733458995819e-03
-1.784542837413027883e-05
4.176855327386874706e-06
2.438901551067829132e-02
-9.182785637676715851e-03
9.920207958202809095e-06
7.109528873115777969e-03
2.857614163076505065e-06
2.307830754944006912e-06
-1.354315372736891732e-06
5.532007664442062378e-03
1.526753862890473101e-06
-6.852488499134778976e-03
-3.809022746281698346e-05
5.317794602888170630e-06
1.961976522579789162e-06
-2.889756387958186679e-06
-1.006285008043050766e-02
-7.549526635557413101e-03
1.299220696091651917e-02
3.734466852620244026e-03
-2.435265807434916496e-03
-4.065660959895467386e-06
-4.854338840232230723e-06
-1.114769247578806244e-06
1.175963133573532104e-02
6.605110684176906943e-06
-1.327504924120148644e-05
-3.602520155254751444e-05
3.761504672183946241e-07
1.340554002672433853e-02
-1.450466737151145935e-02
1.849225535988807678e-02
-6.374143140419619158e-06
2.156889252364635468e-02
-5.282686557620763779e-03
-9.905989281833171844e-03
3.035693056881427765e-02
-6.099631718825548887e-06
-3.749221563339233398e-02
2.595952711999416351e-02
2.377314376644790173e-04
-1.509640333097195253e-05
2.168457513107568957e-06
1.183815672993659973e-02
6.274676252360222861e-06
-2.090002226395881735e-06
-1.607283047633245587e-05
2.223889168817549944e-05
-1.069129444658756256e-02
-1.129591601056745276e-05
-4.449958913028240204e-03
-4.757043825520668179e-06
-1.091804727911949158e-02
-4.843801725655794144e-03
-6.309389718808233738e-04
1.659818924963474274e-02
2.262028101540636271e-05
8.786979037722630892e-07
-4.207151505397632718e-06
-2.091152966022491455e-02
-2.310499176383018494e-02
1.437059836462140083e-06
-3.216173354303464293e-06
1.622723415493965149e-02
4.559107124805450439e-03
4.042531600134680048e-06
9.835726814344525337e-06
1.264262937183957547e-05
-2.061943151056766510e-02
1.569243893027305603e-02
3.218562369511346333e-06
9.967661753762513399e-06
2.608229988254606724e-05
-2.087764069437980652e-02
1.843223720788955688e-02
-1.097905170172452927e-02
-4.650809569284319878e-04
2.870919415727257729e-03
4.427146539092063904e-02
-3.363625728525221348e-05
1.365261141472728923e-05
1.006294228136539459e-02
7.877007419665460475e-07
1.946493517607450485e-03
2.134053781628608704e-02
1.921473085531033576e-06
-1.272830650123069063e-05
1.391504774801433086e-04
9.909193031489849091e-03
4.389145942695904523e-06
2.280563302338123322e-02
7.342969638557406142e-06
-6.318980467767687514e-06
-1.340850417363981251e-06
1.279815752059221268e-02
-1.818033284507691860e-03
-1.583890430629253387e-02
8.160658180713653564e-03
4.264388978481292725e-02
5.477188620716333389e-03
-9.381772088090656325e-07
-8.044885362323839217e-06
1.502892095595598221e-02
-1.061213424691231921e-05
-9.581194717611651868e-06
-5.071869585663080215e-03
1.117853116738842800e-05
3.600533091230317950e-05
1.185770452138967812e-05
-1.775739155709743500e-02
-3.010723958141170442e-06
-1.276110015169251710e-05
1.634799446037504822e-06
1.556866429746150970e-02
-4.581796005368232727e-03
6.814925465732812881e-03
-2.619485370814800262e-02
3.022571280598640442e-02
-3.729036689037457108e-05
2.686859481036663055e-02
-4.835538566112518311e-02
1.509866584092378616e-02
2.819241723045706749e-03
2.741693053394556046e-03
6.167503446340560913e-02
5.665733665227890015e-02
-2.187316492199897766e-02
4.451921582221984863e-02
5.921285992371849716e-05
1.140233129262924194e-01
-1.093912944197654724e-01
-9.289056062698364258e-02
1.888904534280300140e-02
-8.121015876531600952e-02
2.894132398068904877e-02
3.320104628801345825e-02
1.142646148800849915e-01
4.708504769951105118e-03
-1.931781880557537079e-03
4.367439448833465576e-02
-5.492401123046875000e-02
-9.728687256574630737e-02
7.279537618160247803e-02
-3.334474563598632812e-02
-9.490308910608291626e-02
-3.484291955828666687e-02
-9.243399836122989655e-03
3.256780654191970825e-02
-1.597578637301921844e-02
-2.908329479396343231e-04
2.253572493791580200e-01
1.328370422124862671e-01
-9.297266602516174316e-02
1.412711888551712036e-01
7.443254441022872925e-02
-4.291374608874320984e-02
5.968371033668518066e-02
2.480951882898807526e-02
3.443403914570808411e-02
-3.939067199826240540e-02
2.121842801570892334e-01
-6.510272622108459473e-02
-3.239024057984352112e-02
6.028952822089195251e-02
1.655285954475402832e-01
-2.168863862752914429e-01
-9.377842396497726440e-02
-4.131692275404930115e-02
6.899929046630859375e-02
3.650738298892974854e-02
5.586357414722442627e-02
-6.893141567707061768e-02
4.006861150264739990e-02
-9.277997538447380066e-03
-1.719067841768264771e-01
-3.611294552683830261e-03
-7.918855547904968262e-02
-1.032583937048912048e-01
1.610055752098560333e-02
-8.954219520092010498e-02
5.663684010505676270e-02
3.694503009319305420e-02
3.211659938097000122e-02
-8.569248020648956299e-03
-1.874483376741409302e-02
7.958376780152320862e-03
-1.687671840190887451e-01
1.931942813098430634e-02
-2.533894591033458710e-02
9.843898564577102661e-02
-7.369472086429595947e-02
-1.472938954830169678e-01
2.522229775786399841e-02
6.560496985912322998e-02
3.779611736536026001e-02
-9.816701710224151611e-02
2.083011530339717865e-02
-4.418279603123664856e-02
1.351421978324651718e-02
5.672660097479820251e-02
1.623375527560710907e-02
1.832183897495269775e-01
6.628662347793579102e-03
4.063984006643295288e-02
3.695958852767944336e-02
2.127221785485744476e-02
-5.135027319192886353e-02
-1.496846824884414673e-01
5.051030591130256653e-02
-7.137648761272430420e-02
-4.021030291914939880e-02
3.821336477994918823e-02
-3.873348236083984375e-02
-8.816463500261306763e-02
6.462650746107101440e-02
2.262425981462001801e-02
1.399845629930496216e-01
-2.806429378688335419e-02
3.694713860750198364e-02
-1.515850424766540527e-01
1.355119347572326660e-01
1.357931643724441528e-01
-1.141236815601587296e-02
-3.111855685710906982e-02
3.897174447774887085e-02
7.611727807670831680e-03
8.359161205589771271e-03
-3.024489432573318481e-02
2.702661789953708649e-02
-4.682003334164619446e-02
1.533679813146591187e-01
1.673818379640579224e-02
-8.910422027111053467e-02
-2.281823568046092987e-02
-1.535951439291238785e-02
-1.085917577147483826e-01
5.623643472790718079e-02
3.820012509822845459e-02
-4.972288012504577637e-02
1.583788245916366577e-01
-5.684842541813850403e-02
-1.112728472799062729e-02
1.446290463209152222e-01
-1.816854625940322876e-02
2.548353280872106552e-03
5.167989060282707214e-02
-9.580712765455245972e-02
2.001759828999638557e-03
-8.999040722846984863e-02
6.365148723125457764e-02
-1.643138974905014038e-01
1.068320125341415405e-01
-4.135342314839363098e-02
-1.938722431659698486e-01
-2.309883944690227509e-02
5.221812054514884949e-02
-8.656486868858337402e-02
2.329368889331817627e-02
2.290991693735122681e-01
-3.065021708607673645e-02
-8.495784364640712738e-03
-8.595876395702362061e-03
1.705661229789257050e-02
-4.808153025805950165e-03
-1.302521117031574249e-02
-8.965139277279376984e-03
-1.702305488288402557e-02
6.241561099886894226e-02
1.260089576244354248e-01
