3.584710136055946350e-02
-8.877107501029968262e-02
1.839442178606987000e-02
4.044879600405693054e-02
-3.955532237887382507e-02
6.478358805179595947e-02
7.550932466983795166e-02
-1.144894026219844818e-02
-3.392422199249267578e-02
1.368223689496517181e-02
5.263032391667366028e-02
-1.385563910007476807e-01
-7.881635427474975586e-02
-7.893419824540615082e-03
-7.043385505676269531e-02
3.310767561197280884e-02
1.626164186745882034e-03
1.236875876784324646e-01
-2.040620148181915283e-02
-3.609903156757354736e-02
-6.912217941135168076e-03
-5.726654455065727234e-02
-5.165775865316390991e-02
1.000206470489501953e-01
-3.953972365707159042e-03
-7.179157435894012451e-02
1.170523744076490402e-02
2.534101717174053192e-02
4.263319820165634155e-02
-3.310776129364967346e-02
5.651328247040510178e-03
2.025893926620483398e-01
1.359395682811737061e-01
-9.947678446769714355e-02
1.585911214351654053e-01
5.564856901764869690e-02
-6.743858754634857178e-02
3.557503223419189453e-02
8.111622929573059082e-02
-2.698383852839469910e-02
-3.560172161087393761e-03
2.078167200088500977e-01
-1.028270572423934937e-01
-5.390406772494316101e-02
6.959511339664459229e-02
1.361969411373138428e-01
-1.971275061368942261e-01
-1.671077460050582886e-01
-3.326331079006195068e-02
3.770763985812664032e-03
2.123003266751766205e-02
4.639452695846557617e-02
-7.254459708929061890e-02
6.024459842592477798e-03
-1.724628917872905731e-02
-1.963285207748413086e-01
-6.684971973299980164e-03
-4.705838114023208618e-02
-1.007619053125381470e-01
5.354663357138633728e-02
-1.139938905835151672e-01
4.039356857538223267e-02
5.405637249350547791e-02
-3.494619391858577728e-03
-1.762528158724308014e-02
-7.307726889848709106e-02
1.092094276100397110e-02
-2.154756337404251099e-01
2.657891809940338135e-02
-1.946866698563098907e-02
2.743339911103248596e-02
-9.584642946720123291e-02
-9.159661829471588135e-02
-2.591445855796337128e-02
-1.037380471825599670e-02
1.200331375002861023e-02
-8.571378141641616821e-02
2.260614000260829926e-02
-4.685701057314872742e-02
2.003717422485351562e-02
5.094834789633750916e-02
-3.109502792358398438e-02
1.902713179588317871e-01
-1.212667953222990036e-02
7.775312662124633789e-02
3.799282014369964600e-02
1.412836252711713314e-03
-4.757430031895637512e-02
-1.592536419630050659e-01
5.203701928257942200e-02
-2.922287583351135254e-02
-8.857532404363155365e-03
6.165234744548797607e-02
-2.625766955316066742e-02
-1.313680559396743774e-01
5.628969892859458923e-02
3.605738654732704163e-02
1.154515445232391357e-01
-2.002215478569269180e-03
4.347814619541168213e-02
-1.679468899965286255e-01
1.280303150415420532e-01
1.005381122231483459e-01
-3.773820772767066956e-02
-2.462386339902877808e-02
8.836079388856887817e-02
5.822384729981422424e-02
6.687980890274047852e-02
-3.158894926309585571e-02
3.905065730214118958e-02
-3.514191508293151855e-02
1.166282892227172852e-01
1.996811106801033020e-02
-9.915719181299209595e-02
-1.680762390606105328e-03
-6.260236352682113647e-02
-1.147581860423088074e-01
8.089978247880935669e-02
5.225285515189170837e-02
-3.216559812426567078e-02
1.373823136091232300e-01
-1.051525026559829712e-02
-2.437343634665012360e-02
1.629511117935180664e-01
-3.366959095001220703e-02
1.085311826318502426e-02
3.228664398193359375e-02
-7.510246336460113525e-02
1.167242601513862610e-02
-1.125443652272224426e-01
7.798857986927032471e-02
-1.775895208120346069e-01
9.759031236171722412e-02
-7.214310020208358765e-02
-1.886226236820220947e-01
-3.421481698751449585e-02
7.093100249767303467e-02
-5.286446213722229004e-02
-6.170962005853652954e-03
2.036939561367034912e-01
-4.452077299356460571e-02
-7.221953570842742920e-02
7.011861354112625122e-02
3.494847193360328674e-02
6.654869019985198975e-02
2.763553895056247711e-02
-2.585128095233812928e-05
-2.570985525380820036e-04
1.126436889171600342e-02
8.298935741186141968e-02
