3.857077217617188580e-07
-3.889542483648256166e-07
-1.013752566336734162e-07
6.434396482291049324e-07
-3.039163232188002439e-07
6.187241865518444683e-07
-3.677994868667155970e-07
4.795426775672240183e-07
-1.026319722541302326e-07
3.120849711990558717e-08
-8.764561130192305427e-07
3.598402713578252587e-07
5.720161766475939658e-07
-3.100951744272606447e-07
6.347866019495995715e-07
3.970181694512575632e-07
-6.623951094297808595e-07
-5.770430107077118009e-07
-1.708089314433891559e-07
3.288412386837080703e-08
-6.164202090985781979e-07
1.287088764456711942e-07
1.807186720270692604e-07
-6.245888926059706137e-07
1.062973993271043582e-07
2.522861564102640841e-07
1.057737719634133100e-07
-8.598046008501114557e-08
2.166791404079049244e-07
-4.098995418644335587e-07
2.218107368889832287e-07
-5.335815558282774873e-07
6.948603470391390147e-08
2.961665472867025528e-07
2.978945303766522557e-07
6.715063705087231938e-07
-1.072399413715174887e-07
5.353618917069979943e-07
-5.244703515927540138e-07
2.105002749885898083e-07
-4.419458434767875588e-07
3.881164332142361673e-07
8.114209322229726240e-07
-4.527326780134899309e-07
2.345873717501945066e-08
9.425384916994516971e-09
2.362629913932323689e-07
3.585835486319410847e-07
-4.555602970413019648e-07
5.202812758398067672e-07
-2.199780197997824871e-07
3.692656491693924181e-07
3.618300681296204857e-08
6.033293971086095553e-07
7.576962275379628409e-07
-1.436847583136113826e-07
5.902385851186409127e-07
-2.717129063967149705e-07
2.176216753468906973e-07
-5.093897357255627867e-07
2.371008065438218182e-07
-3.870691500651446404e-07
-5.158827320883574430e-07
2.751165197878435720e-07
4.142980571941734524e-07
-1.968858214240754023e-07
5.079235165794671047e-07
2.245336219175442238e-07
-6.710874345117190387e-07
7.946646860546024982e-07
-6.036435706846532412e-07
-4.448781965038506314e-07
1.386055288321585977e-07
5.820699016112484969e-07
-3.678518396554864012e-07
2.788866879654960940e-07
5.801848033115675207e-07
4.218383651277690660e-07
-7.772800927341450006e-07
5.454156166706525255e-07
-5.604962325378437527e-07
-3.886924275775527349e-07
5.299160932281665737e-08
-6.306892146312748082e-07
8.059751621658506338e-07
-2.612402738577657146e-07
-2.841230184458254371e-07
6.597769584004709031e-07
-2.098719136256477213e-07
-3.495770783956686500e-07
-5.443683903649798594e-07
-1.034697874047196819e-07
-4.566075517686840612e-08
2.346397280916789896e-07
-2.593028227693139343e-07
6.124143965280381963e-07
5.487668772730103228e-07
-8.431530886809923686e-07
-6.677361739093612414e-07
-5.542126473301323131e-07
-6.937083867342153098e-07
-6.237510774553811643e-07
5.387131523093557917e-07
5.728539917981834151e-07
-6.660605578190370579e-08
-4.339866279678972205e-07
3.776437722535774810e-07
-4.938901838613674045e-07
2.697754837299726205e-07
-1.475596462796602282e-07
6.136973240700172028e-08
7.028195909697387833e-07
-1.993534510802419391e-07
6.052668481970613357e-07
9.006479118056631705e-09
2.563704697422508616e-07
-3.883258727910288144e-07
5.972028702672105283e-07
-1.330026577761600493e-08
-4.773434056914993562e-07
-6.729725328114000149e-07
5.713878294955065940e-07
-5.286593705022823997e-07
-5.000690705969645933e-08
-5.770430533402759465e-08
3.850793461879220558e-07
-1.727987353206117405e-07
-2.567893773175455863e-07
4.413174963247001870e-07
5.338957294043211732e-07
7.142347868693832424e-08
4.916909119856427424e-07
-6.570017490048485342e-07
-3.528105025907279924e-07
5.257270458969287574e-07
1.177125881213214598e-07
3.952378335725370562e-07
-1.602315506943341461e-07
-5.988261477796186227e-07
-9.595041774446144700e-07
-4.691747506058163708e-07
6.477334295595937874e-07
3.809950328559352783e-07
6.160012731015740428e-07
-2.722889114181725745e-08
6.162107411000761203e-07
5.089708210448407044e-08
-1.591319289673265303e-07
-2.960618132874515140e-07
5.341051974028232507e-07
3.217174857854843140e-02
-2.548592537641525269e-02
-1.007862240076065063e-01
9.802401024217033410e-08
9.788368828594684601e-03
1.838436117395758629e-03
-7.856582442400394939e-07
-1.283873221836984158e-03
1.835718937218189240e-02
-2.075401134788990021e-02
4.097424550764117157e-07
-3.793106973171234131e-02
5.699330940842628479e-03
7.463564543286338449e-05
1.686197333037853241e-02
-4.573406329200224718e-07
-2.997796286763332319e-07
-2.873219363391399384e-02
1.603120192885398865e-02
-9.680460207164287567e-03
7.538213822044781409e-07
1.288367994129657745e-02
-2.000276282387858373e-07
-2.283879742026329041e-02
-3.497942350804805756e-03
2.236958067669547745e-07
1.107586175203323364e-02
-4.214194575524743414e-07
-5.473007149703335017e-07
2.192241698503494263e-02
1.071153394877910614e-02
2.169933139839486103e-07
-1.713325588070802041e-07
1.209653099067509174e-03
-4.299799725413322449e-02
-4.258179728822142351e-07
-2.643206715583801270e-02
-8.341465900230105035e-07
-1.843186510086525232e-07
4.042443180196642061e-08
2.687022276222705841e-02
1.204354838080234913e-08
-5.269472487270832062e-03
1.757310741368200979e-07
-6.195620017024339177e-07
6.319197041193547193e-07
-5.908407274546334520e-07
1.331328153610229492e-01
2.512530237436294556e-02
6.286601535975933075e-03
-3.697947366163134575e-03
-1.192793156951665878e-02
3.732452569238375872e-07
-9.182419944409048185e-07
4.448781965038506314e-07
2.466456219553947449e-02
3.233954544157313649e-07
5.524323114514118060e-07
-4.367095129964582156e-07
5.563072136283153668e-07
6.364766508340835571e-02
1.051684003323316574e-02
-6.893926300108432770e-03
-3.650766018381546019e-07
1.044083293527364731e-02
-1.414760388433933258e-02
1.814811117947101593e-02
-1.771257370710372925e-01
-6.686263418487214949e-07
-2.304327860474586487e-02
1.181514374911785126e-02
1.473554642871022224e-03
4.302164882119541289e-07
3.088384517013764707e-07
-1.576009765267372131e-02
-5.325342726791859604e-07
4.859309683524770662e-07
8.935265327636443544e-07
3.443407479153393069e-07
3.867154242470860481e-03
-4.105278961219482881e-08
-1.818736456334590912e-02
3.158551464821357513e-07
-1.188910193741321564e-02
8.720681071281433105e-03
1.011489517986774445e-02
5.700239446014165878e-03
-2.232768991916600498e-07
2.569988453160476638e-07
-4.589115292219503317e-07
-4.432462528347969055e-02
1.428457442671060562e-02
3.391829750398756005e-07
2.241147178949631780e-08
1.271759159862995148e-02
1.401902525685727596e-03
-2.733361803564093861e-08
-2.729172763338283403e-07
4.817419352320939652e-08
5.114391911774873734e-03
1.290006842464208603e-02
3.909440522420482012e-07
-3.072413790050632088e-07
-6.460577992584148888e-07
-1.669687032699584961e-02
6.162673700600862503e-03
-1.244390849024057388e-02
6.901493668556213379e-02
2.322082221508026123e-02
5.169759318232536316e-02
-2.381480754820586299e-07
4.459254512312327279e-07
-7.114160340279340744e-03
-5.338957294043211732e-07
2.691273344680666924e-03
4.667953401803970337e-02
-2.672620382782042725e-07
3.964945562984212302e-07
3.857790958136320114e-03
-1.703997328877449036e-02
-2.670525987014116254e-07
-3.137562423944473267e-03
-7.418825589411426336e-07
-1.969905554233264411e-07
-5.106464300297375303e-07
-8.225698024034500122e-03
-1.599170453846454620e-02
-6.187824066728353500e-03
7.138317916542291641e-03
7.690664380788803101e-02
-9.240820072591304779e-03
1.357255428047210444e-07
4.947279990119568538e-07
1.414456963539123535e-02
-1.989803521951216680e-08
3.984843601756438147e-07
-2.060133218765258789e-02
5.663609385919698980e-07
-5.814415544591611251e-07
-3.794241365540074185e-07
-4.454693291336297989e-03
5.121125923324143514e-07
-5.236325364421645645e-07
-4.264463200343016069e-07
-1.047787815332412720e-02
-7.229238748550415039e-03
8.037814870476722717e-03
4.979402758181095123e-03
-4.777494817972183228e-03
3.782197666168940486e-07
-7.378029823303222656e-02
-8.282081037759780884e-02
-1.777140945196151733e-01
4.303371242713183165e-04
5.299551039934158325e-02
1.073770690709352493e-02
-8.111532032489776611e-02
3.253657743334770203e-02
4.330273717641830444e-02
4.947607219219207764e-02
-8.521052449941635132e-02
-3.955175727605819702e-02
2.444757381454110146e-03
1.468950882554054260e-02
-9.767111390829086304e-02
-4.186500981450080872e-02
-2.438564449548721313e-01
6.917096674442291260e-02
-6.229428108781576157e-03
-2.254298888146877289e-02
-1.342859268188476562e-01
2.980190888047218323e-02
3.313133120536804199e-02
4.434695467352867126e-02
5.374688189476728439e-03
9.585397318005561829e-03
1.156834512948989868e-01
-2.124280482530593872e-02
4.184400197118520737e-03
-8.971568197011947632e-02
-2.974974736571311951e-02
-6.264603137969970703e-02
8.532417565584182739e-02
-9.578134119510650635e-02
7.533507794141769409e-02
-8.946052193641662598e-02
-1.171513795852661133e-01
-1.379963010549545288e-02
1.068019419908523560e-01
5.841911956667900085e-02
-3.035196848213672638e-02
9.518994390964508057e-02
-3.960169851779937744e-03
-4.359380900859832764e-02
-9.765221923589706421e-02
-1.549666374921798706e-02
-1.005082502961158752e-01
1.821006387472152710e-01
-5.565126985311508179e-02
-3.736900910735130310e-02
8.641130477190017700e-02
1.074454635381698608e-01
-7.094307988882064819e-02
7.239563763141632080e-02
8.499710261821746826e-02
-7.181964814662933350e-02
5.576480180025100708e-03
2.703499794006347656e-02
-4.018510505557060242e-02
6.630132347345352173e-02
7.168226689100265503e-02
9.364568442106246948e-02
7.864699512720108032e-02
-1.826180964708328247e-01
-1.099394261837005615e-01
-8.860907703638076782e-02
6.897920370101928711e-02
1.547580063343048096e-01
5.707253143191337585e-02
-5.821620579808950424e-03
-4.211430251598358154e-02
-2.144675329327583313e-02
1.876000128686428070e-02
7.053817063570022583e-02
-1.045445427298545837e-01
-7.449637353420257568e-02
-6.242162734270095825e-02
7.337445393204689026e-03
-3.336100489832460880e-04
-6.255508214235305786e-02
3.812230378389358521e-02
-6.763322278857231140e-03
6.363927572965621948e-02
5.335898697376251221e-02
6.616571545600891113e-02
2.444920595735311508e-03
-1.644100546836853027e-01
-1.428959816694259644e-01
-8.354412019252777100e-02
-7.420569658279418945e-02
6.568259000778198242e-02
4.111919179558753967e-02
-1.314815878868103027e-01
2.942694723606109619e-02
-6.594588607549667358e-02
-8.070667088031768799e-02
8.842702209949493408e-02
5.613477155566215515e-02
-2.272111363708972931e-02
-8.660229295492172241e-02
-1.652054116129875183e-02
2.016972303390502930e-01
-4.082034900784492493e-02
-2.067411690950393677e-02
-4.484534263610839844e-02
9.681413322687149048e-02
-5.541076883673667908e-02
3.082736022770404816e-02
-1.275847703218460083e-01
-6.270203739404678345e-02
8.640068024396896362e-02
-2.465554699301719666e-02
-7.891378365457057953e-03
-4.762320592999458313e-02
9.498480707406997681e-02
8.559800684452056885e-02
-1.417738348245620728e-01
-1.861750707030296326e-02
-2.598581137135624886e-03
-4.294698312878608704e-02
6.374139338731765747e-02
-4.733146354556083679e-02
4.020116105675697327e-02
8.682982996106147766e-03
3.307743743062019348e-02
1.622532755136489868e-01
8.857937157154083252e-02
-7.300844788551330566e-02
7.810413837432861328e-02
9.342017024755477905e-02
-3.190745413303375244e-02
9.680348634719848633e-02
6.615854799747467041e-02
-3.317520394921302795e-02
-1.295532435178756714e-01
6.984418630599975586e-02
3.155435994267463684e-02
-8.979781530797481537e-03
-4.322406649589538574e-02
-5.364825949072837830e-02
-3.627938032150268555e-02
5.984653532505035400e-02
4.295129328966140747e-02
-5.660130083560943604e-02
9.040135145187377930e-02
-3.777948394417762756e-02
-6.186277419328689575e-02
6.924751400947570801e-02
-5.686691403388977051e-02
-4.930876195430755615e-02
