5.777476727962493896e-02
-1.277989894151687622e-01
-4.916107282042503357e-02
-6.091946363449096680e-02
6.538408994674682617e-02
2.346680313348770142e-02
-7.345495373010635376e-02
8.814759552478790283e-02
7.980714738368988037e-02
-7.974687963724136353e-03
4.587937146425247192e-02
-1.005171015858650208e-01
-7.945398241281509399e-02
-2.595154754817485809e-02
-1.142968609929084778e-02
5.797255411744117737e-02
-6.710597872734069824e-02
1.027303338050842285e-01
3.779287263751029968e-02
-1.839466951787471771e-02
9.371020644903182983e-02
-1.664112694561481476e-02
-2.124276161193847656e-01
8.882316201925277710e-02
-5.336352158337831497e-03
-5.870070308446884155e-03
-7.417921721935272217e-02
5.294778943061828613e-02
-8.312944322824478149e-03
-2.449562959372997284e-02
6.995481904596090317e-03
4.952429980039596558e-02
-1.947120204567909241e-02
-1.224052980542182922e-01
1.473609060049057007e-01
1.440834552049636841e-01
-4.433041810989379883e-02
1.683843284845352173e-01
2.540535852313041687e-02
-7.763079833239316940e-03
-1.016480997204780579e-01
7.487218827009201050e-02
-5.767453461885452271e-02
-3.374511003494262695e-02
9.827957302331924438e-02
-1.365296989679336548e-01
1.951443403959274292e-02
-2.664003148674964905e-02
-1.577032655477523804e-01
3.286133706569671631e-02
7.235893607139587402e-02
5.993517860770225525e-02
2.053572610020637512e-02
2.063735853880643845e-03
-6.317524821497499943e-05
-9.552112221717834473e-02
-6.977505236864089966e-02
-8.373239636421203613e-02
-4.853602871298789978e-02
-2.220030128955841064e-01
-1.366932690143585205e-01
7.981946319341659546e-02
2.456436865031719208e-02
1.666336669586598873e-03
-2.097280696034431458e-02
3.233503550291061401e-03
-1.782968267798423767e-02
-9.691060334444046021e-02
1.367038488388061523e-01
2.399941906332969666e-02
7.214297540485858917e-03
-9.820727631449699402e-03
-8.710639923810958862e-02
3.088534064590930939e-02
-1.192140858620405197e-03
4.306866601109504700e-02
-1.630294620990753174e-01
-8.948425203561782837e-02
-2.948156557977199554e-03
-5.008507147431373596e-02
1.520128399133682251e-01
-5.663027614355087280e-02
1.288562268018722534e-01
4.498933255672454834e-02
1.486227940768003464e-02
3.465204313397407532e-02
-2.671006694436073303e-02
-1.565855592489242554e-01
-1.426373571157455444e-01
-3.332041949033737183e-02
2.319901809096336365e-02
-1.131564304232597351e-01
1.620354354381561279e-01
9.976236522197723389e-02
-1.496483385562896729e-01
1.874868571758270264e-02
-1.794586181640625000e-01
2.122366055846214294e-02
-1.391783356666564941e-01
-3.400794416666030884e-02
-8.478348702192306519e-02
-7.303500175476074219e-02
7.272335141897201538e-02
5.085014179348945618e-02
-3.005537949502468109e-02
1.839502900838851929e-02
2.405234985053539276e-02
3.646610304713249207e-02
-8.142412640154361725e-03
-4.058085009455680847e-02
5.968362558633089066e-03
2.016943395137786865e-01
5.533251911401748657e-03
-5.392195284366607666e-02
7.379534095525741577e-02
-3.231153264641761780e-02
-3.574476018548011780e-02
1.976280845701694489e-02
8.989933133125305176e-02
-1.963859051465988159e-02
6.166490539908409119e-02
3.213982097804546356e-03
-5.928831547498703003e-02
6.176712736487388611e-02
7.533842325210571289e-02
-9.664704091846942902e-03
5.383777618408203125e-02
-1.517621148377656937e-02
-1.342468522489070892e-02
-7.667456567287445068e-02
-1.369021926075220108e-02
1.015468779951334000e-02
7.921778410673141479e-02
2.820601314306259155e-02
-1.320181190967559814e-01
-1.960067823529243469e-02
1.890452019870281219e-02
-1.865469478070735931e-02
1.842328011989593506e-01
1.692155897617340088e-01
-1.250049471855163574e-01
-5.062788724899291992e-03
1.084322556853294373e-01
2.904650568962097168e-02
3.947366029024124146e-03
-1.088919416069984436e-01
-4.545637965202331543e-02
-9.925192221999168396e-03
1.279009971767663956e-02
1.622704565525054932e-01
