-1.090392172336578369e-01
1.172505021095275879e-01
-1.337392181158065796e-01
1.294995546340942383e-01
-1.240691319108009338e-01
-1.162085682153701782e-01
1.404069960117340088e-01
-1.269448101520538330e-01
1.145536899566650391e-01
-1.253429055213928223e-01
1.161357089877128601e-01
-1.105774864554405212e-01
-1.009210720658302307e-01
-1.123052909970283508e-01
-1.145012751221656799e-01
1.329177170991897583e-01
1.153076291084289551e-01
-1.023681908845901489e-01
-1.111083775758743286e-01
1.176768839359283447e-01
1.254544705152511597e-01
-1.235496550798416138e-01
1.154939532279968262e-01
-1.134445816278457642e-01
1.120782867074012756e-01
-1.288312226533889771e-01
1.142242625355720520e-01
-1.107623726129531860e-01
1.100698933005332947e-01
-1.061305701732635498e-01
-1.094796881079673767e-01
-1.181177347898483276e-01
1.211171373724937439e-01
-1.259540170431137085e-01
-1.069243922829627991e-01
1.063639447093009949e-01
-1.076664999127388000e-01
-9.450753778219223022e-02
-1.137672960758209229e-01
-9.952878952026367188e-02
-1.006224304437637329e-01
-9.329298138618469238e-02
-1.110044568777084351e-01
-1.045007854700088501e-01
1.056785359978675842e-01
1.056387647986412048e-01
-1.018811091780662537e-01
1.039650738239288330e-01
-9.711452573537826538e-02
-9.737280011177062988e-02
9.306889772415161133e-02
-1.055163890123367310e-01
-9.667059034109115601e-02
9.829778969287872314e-02
-1.086353212594985962e-01
8.996246755123138428e-02
-8.574154227972030640e-02
8.522057533264160156e-02
-1.146632283926010132e-01
-1.021613180637359619e-01
1.171891018748283386e-01
1.150030046701431274e-01
-1.023123264312744141e-01
1.074484288692474365e-01
-1.015837565064430237e-01
-9.581705927848815918e-02
9.225063025951385498e-02
-9.618201106786727905e-02
9.947649389505386353e-02
8.773757517337799072e-02
-1.011096984148025513e-01
-8.616168051958084106e-02
8.815896511077880859e-02
1.094750463962554932e-01
9.032727032899856567e-02
9.065953642129898071e-02
9.354677051305770874e-02
-8.698838949203491211e-02
8.953044563531875610e-02
-1.047701165080070496e-01
-1.004059612751007080e-01
1.025765314698219299e-01
9.919223189353942871e-02
-1.155735030770301819e-01
9.718254953622817993e-02
-1.080418899655342102e-01
