2.139897584915161133e+00
1.117220878601074219e+00
2.156855314970016479e-01
5.040884613990783691e-01
9.572017192840576172e-01
2.755703330039978027e-01
1.621315717697143555e+00
1.351722002029418945e+00
-2.419847100973129272e-01
2.546517372131347656e+00
9.219475388526916504e-01
8.118952512741088867e-01
9.629088640213012695e-01
2.303502559661865234e+00
1.574566841125488281e+00
1.093784570693969727e+00
1.146197676658630371e+00
6.812464594841003418e-01
1.086362600326538086e+00
6.772663593292236328e-01
-9.077715128660202026e-02
1.001986980438232422e+00
6.033045649528503418e-01
2.011321783065795898e+00
2.160202153027057648e-02
1.640804171562194824e+00
1.919331192970275879e+00
8.223336219787597656e+00
1.211375951766967773e+00
1.299531698226928711e+00
8.338080644607543945e-01
8.832643181085586548e-02
8.866506576538085938e+00
3.244397342205047607e-01
7.221581786870956421e-02
1.193348646163940430e+00
1.127093315124511719e+00
2.700650930404663086e+00
1.740988922119140625e+01
8.677297830581665039e-01
1.319885849952697754e+00
1.054070070385932922e-01
4.982962906360626221e-01
1.129834875464439392e-01
9.051402091979980469e+00
1.045393586158752441e+00
4.415980279445648193e-01
-1.196778118610382080e-01
4.365523338317871094e+00
1.691822409629821777e+00
1.408676505088806152e+00
-2.725737988948822021e-01
-9.337770193815231323e-02
2.636921107769012451e-01
1.894359230995178223e+00
5.880613327026367188e-01
1.147974252700805664e+00
1.116406440734863281e+00
1.020496964454650879e+00
1.126738452911376953e+01
1.792656898498535156e+01
2.777276039123535156e+00
-8.174749463796615601e-02
2.317770868539810181e-01
2.640571355819702148e+00
8.852101564407348633e-01
1.104277610778808594e+00
9.582545757293701172e-01
1.425427556037902832e+00
1.093447923660278320e+00
1.489246964454650879e+00
1.232761859893798828e+00
1.236139893531799316e+00
1.006796836853027344e+00
3.107209682464599609e+00
1.896954417228698730e+00
8.328358530998229980e-01
2.992464900016784668e-01
2.295731902122497559e-01
1.480173945426940918e+00
-3.943549990653991699e-01
2.121041297912597656e+00
3.395999670028686523e+00
3.103635609149932861e-01
4.621777534484863281e-01
1.509433627128601074e+00
1.245197772979736328e+00
1.220074772834777832e+00
-1.086808666586875916e-01
7.923529744148254395e-01
6.248902082443237305e-01
1.475506901741027832e+00
7.726233452558517456e-02
9.558550715446472168e-01
8.012634515762329102e-01
3.071439862251281738e-01
-1.382774263620376587e-01
2.605561637878417969e+01
1.952331423759460449e+00
1.034336566925048828e+00
3.312535285949707031e-01
1.744259476661682129e+00
1.612032413482666016e+00
1.041449069976806641e+00
1.085385560989379883e+00
7.902682781219482422e+00
8.780530691146850586e-01
1.808540076017379761e-01
8.244400620460510254e-01
1.462529897689819336e+00
1.101285338401794434e+00
1.053126215934753418e+00
9.038386344909667969e-01
1.766199684143066406e+01
7.609257102012634277e-01
2.468657195568084717e-01
7.570715546607971191e-01
4.754243195056915283e-01
-3.510354831814765930e-02
8.634688854217529297e-01
8.279600739479064941e-01
1.643770408630371094e+01
8.245574831962585449e-01
6.438900828361511230e-01
3.605706930160522461e+00
9.878918528556823730e-01
6.510934829711914062e-01
6.813231110572814941e-01
2.719316482543945312e-01
1.499011874198913574e+00
6.917227506637573242e-01
1.003458976745605469e+00
4.648044109344482422e-01
1.437166690826416016e+00
9.331138730049133301e-01
1.520651698112487793e+00
1.117200732231140137e+00
1.289489865303039551e+00
2.388361692428588867e-01
7.250816822052001953e-01
9.635898470878601074e-01
9.661591798067092896e-02
8.672755956649780273e-01
1.037084817886352539e+00
9.301856756210327148e-01
3.196572363376617432e-01
2.501967735588550568e-02
-6.739263422787189484e-03
1.888687729835510254e+00
6.880000978708267212e-02
5.305238366127014160e-01
5.212475657463073730e-01
1.478882908821105957e+00
8.970031738281250000e-01
1.120376348495483398e+00
9.456353187561035156e-01
2.489190816879272461e+00
8.948369622230529785e-01
7.315478324890136719e-01
-3.244920447468757629e-02
7.316306233406066895e-01
7.748674750328063965e-01
2.436580276489257812e+01
1.331416988372802734e+01
9.205028414726257324e-01
2.548180818557739258e+00
7.787012457847595215e-01
6.969306468963623047e-01
4.721580445766448975e-01
-1.469845026731491089e-01
1.449323892593383789e+00
5.543890595436096191e-02
-8.797393739223480225e-02
2.109502315521240234e+00
2.372392654418945312e+00
5.522434711456298828e-01
3.130462169647216797e-01
2.141514718532562256e-01
1.591786575317382812e+01
2.808005332946777344e+00
8.880093097686767578e-01
2.318014055490493774e-01
1.653129005432128906e+01
9.738826751708984375e-01
1.224215030670166016e+00
3.760038912296295166e-01
2.125701665878295898e+00
1.722186326980590820e+00
2.358665227890014648e+00
3.656350374221801758e-01
1.327887773513793945e+00
1.701456755399703979e-01
1.098252654075622559e+00
1.088512301445007324e+00
8.987485170364379883e-01
1.311043262481689453e+00
1.874766826629638672e+00
6.448612213134765625e-01
5.465953350067138672e-01
2.552000045776367188e+00
1.416229486465454102e+00
8.063965439796447754e-01
1.341379761695861816e+00
-6.075168251991271973e-01
1.315061330795288086e+00
1.658886790275573730e+00
1.330174446105957031e+00
4.788925051689147949e-01
-1.075840663909912109e+01
-4.394220709800720215e-01
1.229674339294433594e+00
-2.787403166294097900e-01
1.410040259361267090e+00
-1.715089201927185059e+00
-1.013553714752197266e+01
1.171261906623840332e+00
-4.768580436706542969e+00
1.324992418289184570e+00
-1.878694057464599609e+00
1.164937257766723633e+00
-1.107338333129882812e+01
-2.263692474365234375e+01
-1.940444374084472656e+01
-3.303655385971069336e+00
-1.846683502197265625e+01
-1.641332435607910156e+01
-1.630226612091064453e+00
-2.050361633300781250e+00
1.276274919509887695e+00
-1.942486763000488281e+01
1.136930465698242188e+00
-2.864881515502929688e+00
-9.920977592468261719e+00
1.424036860466003418e+00
1.162115573883056641e+00
1.326617836952209473e+00
1.165066003799438477e+00
1.338238596916198730e+00
-1.037406158447265625e+01
1.280336499214172363e+00
1.409985899925231934e+00
-4.335412502288818359e+00
-7.698226720094680786e-02
1.387582540512084961e+00
-2.499743270874023438e+01
1.091559052467346191e+00
-3.534905195236206055e+00
-3.996338605880737305e+00
-2.405732870101928711e+00
1.157886743545532227e+00
9.250974059104919434e-01
-2.728615951538085938e+01
-2.293948173522949219e+00
-2.389279556274414062e+01
1.025240063667297363e+00
1.133103609085083008e+00
1.318261146545410156e+00
1.250264286994934082e+00
7.838203310966491699e-01
1.544898867607116699e+00
-1.459287929534912109e+01
1.520987629890441895e+00
-2.142721748352050781e+01
-1.057477664947509766e+01
1.072320938110351562e+00
1.123878002166748047e+00
1.327220559120178223e+00
1.298449873924255371e+00
1.282198548316955566e+00
-1.010266113281250000e+01
-4.604669570922851562e+00
1.417879343032836914e+00
-1.077839088439941406e+01
1.130388736724853516e+00
9.664523601531982422e-01
1.582975745201110840e+00
1.235272526741027832e+00
1.229604482650756836e+00
4.430026710033416748e-01
1.179012656211853027e+00
-1.824022674560546875e+01
-3.868817687034606934e-01
1.426220059394836426e+00
9.174893498420715332e-01
-2.349698066711425781e+00
7.240540981292724609e-01
1.366006135940551758e+00
1.349817872047424316e+00
-8.570075988769531250e+00
-5.682667493820190430e-01
-4.435157477855682373e-01
1.537428498268127441e+00
-2.096911430358886719e+01
-2.189071178436279297e+00
1.377706050872802734e+00
-7.310934066772460938e+00
-5.616697788238525391e+00
1.466030478477478027e+00
-2.600522637367248535e-01
1.257059097290039062e+00
1.465573668479919434e+00
1.241939544677734375e+00
7.066683173179626465e-01
1.323453187942504883e+00
3.078367710113525391e-01
-5.395651459693908691e-01
1.282495617866516113e+00
-2.698164463043212891e+00
1.292038202285766602e+00
1.116925001144409180e+00
1.111818909645080566e+00
1.377483963966369629e+00
9.958509206771850586e-01
-1.829058647155761719e+01
-7.470209598541259766e-01
-1.789286613464355469e+00
4.602769613265991211e-01
9.141672253608703613e-01
-4.798581123352050781e+00
6.228146553039550781e-01
-1.011784648895263672e+01
-3.154805898666381836e+00
1.312050223350524902e+00
1.031498908996582031e+00
-2.256930541992187500e+01
1.239678382873535156e+00
-5.722573757171630859e+00
-2.471974563598632812e+01
7.491434216499328613e-01
-1.797710180282592773e+00
-2.455775833129882812e+01
1.711874365806579590e+00
-2.236254882812500000e+01
1.223571419715881348e+00
1.216751694679260254e+00
8.556259274482727051e-01
1.063759922981262207e+00
8.922135829925537109e-01
-1.305588364601135254e+00
1.420166134834289551e+00
4.361963570117950439e-01
1.470212101936340332e+00
1.259546279907226562e+00
-2.263103866577148438e+01
1.084136724472045898e+00
8.461703062057495117e-01
-1.118094921112060547e+00
-4.184716701507568359e+00
8.396532535552978516e-01
1.311569809913635254e+00
1.192347884178161621e+00
1.210138440132141113e+00
-1.776608657836914062e+01
1.428602814674377441e+00
4.542096555233001709e-01
1.142295718193054199e+00
1.215047597885131836e+00
-4.286442995071411133e-01
1.150801658630371094e+00
-1.807927489280700684e+00
9.723896980285644531e-01
-3.016818284988403320e+00
-2.629617691040039062e+00
1.516752004623413086e+00
1.223524451255798340e+00
1.486550331115722656e+00
1.580244302749633789e+00
-2.896271944046020508e+00
5.668070316314697266e-01
8.564119935035705566e-01
8.137583732604980469e-01
-1.866846084594726562e+00
-2.689756631851196289e+00
-1.792907238006591797e+00
1.493120312690734863e+00
1.714200139045715332e+00
1.396743178367614746e+00
-1.161350369453430176e+00
1.434737086296081543e+00
-3.214204311370849609e+00
1.104834556579589844e+00
1.684806197881698608e-01
-9.908495903015136719e+00
-7.710075378417968750e-01
-6.567633152008056641e-01
-7.773882389068603516e+00
1.487988591194152832e+00
1.272517681121826172e+00
1.497508049011230469e+00
1.000051572918891907e-01
1.285262703895568848e+00
-2.104728937149047852e+00
1.365262150764465332e+00
1.295974016189575195e+00
8.248631358146667480e-01
1.096233010292053223e+00
-1.868293404579162598e+00
-2.741972541809082031e+01
9.025509953498840332e-01
1.411141991615295410e+00
8.343569636344909668e-01
-3.058465957641601562e+00
-1.641304492950439453e-01
-1.524665594100952148e+00
-3.863031864166259766e-01
-2.036520957946777344e+00
2.008691072463989258e+00
-2.899682998657226562e+00
-1.205254077911376953e+01
-2.982150554656982422e+00
-2.901371955871582031e+00
5.297424793243408203e+00
-2.923464536666870117e+00
5.328601360321044922e+00
6.419672012329101562e+00
1.699870705604553223e+00
5.021989345550537109e+00
-3.934728801250457764e-01
5.173350334167480469e+00
-2.158186197280883789e+00
-1.730038642883300781e+01
-5.015925884246826172e+00
7.594930529594421387e-01
2.870677232742309570e+00
1.462675285339355469e+01
6.469890117645263672e+00
4.273524284362792969e+00
1.559777259826660156e+00
-1.228608846664428711e+00
-6.169932484626770020e-01
-3.229052305221557617e+00
7.736467838287353516e+00
8.200784921646118164e-01
-4.408584117889404297e+00
-2.074520587921142578e-01
-2.899188518524169922e+00
2.190512418746948242e+00
7.481331825256347656e-01
1.668711565434932709e-02
-2.605921030044555664e+00
-1.333869695663452148e+00
1.033182716369628906e+01
5.016715049743652344e+00
-2.471868038177490234e+00
-7.257868349552154541e-02
-3.470223426818847656e+00
7.759253978729248047e+00
-1.380391788482666016e+01
-3.222823619842529297e+00
2.124335050582885742e+00
-1.792832493782043457e+00
1.962110519409179688e+01
9.495179176330566406e+00
-1.403881549835205078e+01
-1.493650197982788086e+00
2.160507440567016602e+00
-1.501554399728775024e-01
-2.494498252868652344e+00
3.960661888122558594e+00
1.880289614200592041e-01
-6.072286143898963928e-02
3.259308934211730957e-01
1.745632743835449219e+01
-1.808203697204589844e+01
-4.890948295593261719e+00
-4.417080402374267578e+00
3.215274572372436523e+00
-9.008861184120178223e-01
-2.309407472610473633e+00
-9.588726043701171875e+00
-3.970387935638427734e+00
9.740485548973083496e-01
4.858400344848632812e+00
-1.574884414672851562e+00
-2.471694231033325195e+00
1.189186930656433105e+00
4.047728061676025391e+00
-2.239581584930419922e+00
-3.804761409759521484e+00
-1.746348619461059570e+00
2.252035140991210938e+01
2.987710237503051758e+00
-2.060236692428588867e+00
-4.419234752655029297e+00
1.045838451385498047e+01
-1.153350949287414551e+00
-6.725535988807678223e-01
-1.647080302238464355e+00
-1.792850875854492188e+01
8.796213150024414062e+00
7.585953712463378906e+00
-4.550694942474365234e+00
2.045767784118652344e+01
-6.622598171234130859e+00
-1.064154624938964844e+00
1.735527420043945312e+01
-1.752113723754882812e+01
7.663698494434356689e-02
-7.384294033050537109e+00
3.310782909393310547e+00
2.631846427917480469e+00
-1.062849164009094238e+00
2.904753208160400391e+00
-4.440858066082000732e-01
-7.117206573486328125e+00
1.340887099504470825e-01
-2.135457515716552734e+00
7.254683017730712891e+00
2.407547086477279663e-03
2.781054973602294922e+00
1.100240945816040039e+00
7.462800502777099609e+00
1.472704887390136719e+00
1.742024719715118408e-02
-3.393914699554443359e+00
-8.515495300292968750e+00
3.429152965545654297e+00
-3.104696273803710938e-01
1.409343051910400391e+01
7.285576820373535156e+00
-8.761729240417480469e+00
1.738274842500686646e-01
2.917626142501831055e+00
4.599496364593505859e+00
3.558527708053588867e+00
-2.222461462020874023e+00
7.275424003601074219e+00
-9.939815521240234375e+00
8.567791938781738281e+00
4.074641227722167969e+00
-1.428248500823974609e+01
-2.246248960494995117e+00
-6.566095829010009766e+00
-1.147293686866760254e+00
1.524242758750915527e+00
2.531752347946166992e+00
3.498663604259490967e-01
-1.205392837524414062e+00
-4.259007930755615234e+00
3.436012566089630127e-02
3.944202423095703125e+00
3.544620275497436523e-01
-4.083986580371856689e-01
1.051069068908691406e+01
3.859373569488525391e+00
5.408646583557128906e+00
1.333718872070312500e+01
1.017470836639404297e+01
5.233376979827880859e+00
1.289682745933532715e+00
-4.822692871093750000e+00
-2.121938705444335938e+00
2.365178585052490234e+00
1.737118363380432129e+00
-1.497888684272766113e+00
3.118744134902954102e+00
8.587585389614105225e-02
-4.422914981842041016e+00
2.130252838134765625e+00
1.195997238159179688e+01
3.942183494567871094e+00
-6.452903270721435547e+00
-7.737241685390472412e-02
-8.561134338378906250e-02
-2.673230171203613281e+00
-8.810759186744689941e-01
2.555577278137207031e+00
-2.050392866134643555e+00
8.940036773681640625e+00
3.003775358200073242e+00
-3.451074123382568359e+00
-9.825399398803710938e+00
-1.205947780609130859e+01
-2.951171398162841797e+00
5.646806955337524414e-01
-4.695902347564697266e+00
4.795902371406555176e-01
-1.138005542755126953e+01
-7.033355534076690674e-02
-1.682353496551513672e+00
7.290904521942138672e+00
6.659661293029785156e+00
-2.282092534005641937e-02
-4.735456466674804688e+00
8.123386383056640625e+00
1.350181579589843750e+01
5.186780691146850586e-01
7.661999464035034180e-01
-7.569900155067443848e-01
7.743279457092285156e+00
1.638727545738220215e+00
7.204341411590576172e+00
6.149290561676025391e+00
1.694738864898681641e+00
1.801005125045776367e+00
3.713763236999511719e+00
-2.372538089752197266e+00
-7.120484828948974609e+00
3.243674278259277344e+00
-4.496888220310211182e-01
