1.656056009232997894e-02
-1.362852752208709717e-02
-1.494658063165843487e-03
4.187850281596183777e-03
1.418069284409284592e-02
4.566564410924911499e-02
2.705369330942630768e-02
-2.187312766909599304e-02
2.557769184932112694e-03
2.053435146808624268e-02
3.327587619423866272e-02
1.299953833222389221e-02
3.899234533309936523e-02
-1.784089952707290649e-02
-4.331520199775695801e-02
2.750348486006259918e-02
5.750570446252822876e-02
-2.016459219157695770e-02
8.116816170513629913e-03
2.272065915167331696e-02
-2.635526955127716064e-01
5.013621225953102112e-02
-1.054444536566734314e-02
2.797682210803031921e-02
3.141191601753234863e-02
-2.191179199144244194e-03
-2.382041700184345245e-02
-1.507533248513936996e-03
-9.589478373527526855e-03
9.264693595468997955e-03
4.911900684237480164e-02
-1.028942614793777466e-01
7.318492280319333076e-04
1.107612159103155136e-02
-1.956036314368247986e-02
1.123222429305315018e-02
1.469195540994405746e-02
1.384242903441190720e-02
-4.360783350421115756e-05
-3.414706885814666748e-02
-1.060525979846715927e-02
1.551614999771118164e-01
1.750847091898322105e-03
-9.774710237979888916e-02
1.574688667460577562e-06
3.579752892255783081e-02
2.408971078693866730e-03
-8.421115577220916748e-02
2.975207194685935974e-02
-1.301601901650428772e-02
-1.190628856420516968e-02
4.453658591955900192e-03
-6.302817165851593018e-02
5.148797854781150818e-02
-7.685159333050251007e-03
-2.535895258188247681e-02
-2.842604368925094604e-02
2.748393267393112183e-02
4.034958034753799438e-02
2.107369247823953629e-03
-1.930774888023734093e-04
-6.870517507195472717e-03
2.277657017111778259e-02
8.422137051820755005e-02
-7.235697656869888306e-02
-3.726071212440729141e-03
-1.039340533316135406e-02
-1.837324723601341248e-02
1.749081909656524658e-02
-7.845178246498107910e-02
-6.469882279634475708e-02
7.433246821165084839e-03
2.420790959149599075e-03
3.287054970860481262e-02
4.895864985883235931e-03
-1.210125908255577087e-02
6.107850372791290283e-02
-1.970244385302066803e-02
7.311487197875976562e-02
-1.171138486824929714e-03
2.185298949480056763e-01
-9.988272562623023987e-03
-3.329978138208389282e-02
-3.627256676554679871e-02
1.088848244398832321e-02
-2.142870333045721054e-03
-2.298976294696331024e-03
4.703918821178376675e-04
-1.149622201919555664e-01
-2.231877297163009644e-02
5.954662803560495377e-03
1.987517811357975006e-03
4.774707555770874023e-02
1.705865934491157532e-02
-1.946348510682582855e-02
-1.031382754445075989e-01
8.104652911424636841e-02
1.096494361263466999e-05
1.295844442211091518e-03
4.115682095289230347e-02
3.139182925224304199e-02
2.948984969407320023e-03
1.924513466656208038e-02
-3.922452218830585480e-03
4.597500897943973541e-03
-8.472262998111546040e-04
-5.664860829710960388e-03
6.477788090705871582e-02
7.357092574238777161e-03
2.445946075022220612e-02
3.727966547012329102e-02
1.252822764217853546e-02
2.070216462016105652e-02
-2.436849626974435523e-06
5.831542238593101501e-02
4.881735891103744507e-03
-9.218595921993255615e-03
-1.408113352954387665e-02
1.900366321206092834e-02
-4.045891761779785156e-02
7.565015554428100586e-02
-1.122603192925453186e-03
1.074723992496728897e-02
1.200297614559531212e-03
5.152632948011159897e-03
1.590336486697196960e-02
-1.622154191136360168e-02
-5.707953125238418579e-02
6.953582633286714554e-03
-3.199933096766471863e-02
-4.417197406291961670e-02
-3.692854952532798052e-04
9.128659218549728394e-02
1.166474074125289917e-02
1.947569102048873901e-02
2.256552688777446747e-02
2.296554623171687126e-03
-7.277253316715359688e-04
-4.033274576067924500e-02
-1.405626884661614895e-03
3.206124901771545410e-02
-9.571667760610580444e-03
5.373375024646520615e-03
2.306303940713405609e-02
7.267663627862930298e-02
6.955339573323726654e-03
3.735957294702529907e-02
6.006599590182304382e-02
6.541632860898971558e-02
-3.907058387994766235e-02
-1.868881285190582275e-02
1.524181850254535675e-02
1.709698699414730072e-02
2.298755943775177002e-02
-1.170732267200946808e-02
-1.308115758001804352e-02
1.413416303694248199e-02
9.287082403898239136e-02
-3.998175729066133499e-03
-3.644949570298194885e-02
-1.203377451747655869e-02
2.557110600173473358e-02
6.610835953324567527e-06
-1.056018445524387062e-04
-4.124369099736213684e-02
-9.788958355784416199e-03
-6.488846987485885620e-02
9.001561440527439117e-03
-4.294706508517265320e-02
1.183451432734727859e-02
-3.055827878415584564e-02
2.539909444749355316e-02
-6.911284476518630981e-02
-2.295602858066558838e-02
-5.618789698928594589e-03
-5.526205990463495255e-03
3.000713139772415161e-02
2.383828349411487579e-02
-4.607269074767827988e-04
4.033979494124650955e-03
-1.817684387788176537e-03
-1.177157368510961533e-02
-3.287504077889025211e-04
-1.032941509038209915e-02
1.754137687385082245e-03
5.417350307106971741e-02
4.708981607109308243e-03
9.419481270015239716e-03
-1.283808052539825439e-02
4.828486219048500061e-02
1.093694381415843964e-02
-3.098877519369125366e-02
-1.608009077608585358e-02
-3.156265988945960999e-02
1.712773373583331704e-04
-2.662003971636295319e-03
-8.861503563821315765e-03
3.028732910752296448e-02
5.073290783911943436e-03
2.494271378964185715e-03
2.461886033415794373e-02
2.358480356633663177e-03
-2.700667455792427063e-02
3.180145984515547752e-03
3.976488485932350159e-02
3.614600980654358864e-03
1.939509622752666473e-02
-2.879728795960545540e-03
4.693787332143983804e-07
9.712019003927707672e-03
1.032678969204425812e-02
8.984980173408985138e-03
-1.100389985367655754e-03
9.001519531011581421e-03
6.458606094383867458e-06
-1.397533807903528214e-03
6.189922802150249481e-03
4.556098580360412598e-02
1.242855913005769253e-03
-2.696685306727886200e-02
2.781429202514118515e-06
-3.619761173467850313e-06
-9.399971531820483506e-06
2.613484859466552734e-03
1.410079403285635635e-05
3.402062866371124983e-04
-1.485099666751921177e-03
8.685703389346599579e-03
-4.063526540994644165e-02
1.677392538113053888e-05
-3.101035021245479584e-02
-3.272156172897666693e-04
2.808566705425619148e-06
-6.706105545163154602e-03
-1.341453474014997482e-02
-5.773960147053003311e-03
-3.133706748485565186e-02
2.528727799654006958e-02
1.806856926123145968e-05
6.111023249104619026e-04
3.697350621223449707e-02
8.102514781057834625e-03
1.101598795503377914e-02
-2.118330262601375580e-02
7.508971066272351891e-06
2.405266836285591125e-02
-3.774493932723999023e-03
5.552461836487054825e-03
-1.820555655285716057e-03
-1.073279511183500290e-02
1.273709814995527267e-02
-1.059402256942121312e-05
1.677203178405761719e-02
2.420349346721195616e-06
-1.561129186302423477e-02
-1.970398984849452972e-02
9.700777940452098846e-03
1.446246076375246048e-02
-1.778390817344188690e-02
4.021722078323364258e-02
5.495027871802449226e-04
-2.512691356241703033e-02
-5.239051006356021389e-06
6.150021818029927090e-06
-6.508772261440753937e-03
1.367830671370029449e-03
4.063723608851432800e-02
-1.270850654691457748e-02
2.192243561148643494e-02
-2.165306796086952090e-05
-2.659348538145422935e-03
9.732261300086975098e-03
-7.457372848875820637e-04
-2.856145985424518585e-02
-2.952877804636955261e-02
1.930105499923229218e-02
7.310893386602401733e-03
1.132748462259769440e-02
-1.065948512405157089e-02
-3.987085947301238775e-04
-2.083131948893424124e-05
6.682609207928180695e-03
-2.005403675138950348e-02
7.962188683450222015e-03
-1.475598081015050411e-03
-7.580754347145557404e-03
8.268766105175018311e-03
8.728247135877609253e-03
1.084392206394113600e-04
2.598997962195426226e-04
1.871901378035545349e-02
4.127054661512374878e-02
3.020306576217990369e-05
6.659812293946743011e-03
1.555252447724342346e-02
-1.932155922986567020e-03
8.736632880754768848e-04
4.843226168304681778e-03
-1.951618585735559464e-03
1.222954317927360535e-02
2.598489634692668915e-02
4.960393067449331284e-03
-2.982067875564098358e-02
-6.805414799600839615e-03
7.136956322938203812e-03
2.540575340390205383e-03
2.546068094670772552e-02
1.283642370253801346e-02
1.203542854636907578e-02
8.903937414288520813e-03
-3.101225383579730988e-02
-1.941389404237270355e-02
-8.735291659832000732e-03
1.955074731085915118e-05
1.497735921293497086e-02
3.603740595281124115e-03
1.724548824131488800e-02
1.792403310537338257e-02
1.103137899190187454e-02
-1.997398445382714272e-03
2.885288949983078055e-06
-1.664764829911291599e-03
2.179256454110145569e-02
-2.370893210172653198e-02
-5.721495881516602822e-07
-5.069811828434467316e-03
1.597328373463824391e-04
-1.358886606794840191e-06
-3.145099035464227200e-04
-1.284543517976999283e-02
2.258864242321578786e-06
2.585559152066707611e-03
-4.119711320527130738e-06
-1.486085169017314911e-02
-8.873421698808670044e-03
-4.105344042181968689e-02
-2.233075909316539764e-02
5.782231688499450684e-03
5.878784693777561188e-03
3.661775216460227966e-02
5.623022560030221939e-03
1.542171370238065720e-02
-2.006827853620052338e-02
2.029945790127385408e-05
1.305056270211935043e-02
1.822645030915737152e-02
-3.329620813019573689e-04
-1.140339067205786705e-03
-3.193604573607444763e-02
-1.195160392671823502e-02
9.425004944205284119e-03
-1.342472434043884277e-02
-2.812754701153608039e-06
5.794294178485870361e-03
3.769693896174430847e-02
2.824652194976806641e-02
1.352180913090705872e-02
1.609882898628711700e-02
3.245391184464097023e-03
-1.442562136799097061e-02
1.310001593083143234e-03
2.870140830054879189e-03
-4.484905861318111420e-03
-5.290567874908447266e-03
-2.356882020831108093e-02
1.507035084068775177e-02
-2.102419920265674591e-02
-1.402155263349413872e-03
4.455180838704109192e-03
9.229904972016811371e-03
-1.094389986246824265e-02
-8.994006784632802010e-04
1.047816313803195953e-02
3.015719354152679443e-03
-1.012220419943332672e-02
9.975729510188102722e-03
-2.664650231599807739e-02
-5.276583600789308548e-03
7.387497462332248688e-03
7.523388601839542389e-03
6.352104828692972660e-04
-1.246592774987220764e-02
5.801526185678085312e-06
2.449655346572399139e-02
-1.803509704768657684e-02
-1.279214164242148399e-03
-1.416604779660701752e-02
1.238815300166606903e-02
4.651718214154243469e-02
8.355066180229187012e-03
-4.508506506681442261e-02
-1.980277337133884430e-02
7.305690087378025055e-03
-7.757528685033321381e-03
1.498252153396606445e-02
-7.124058436602354050e-03
1.135895214974880219e-02
5.964728643448324874e-06
-3.967943415045738220e-02
3.478522598743438721e-02
1.114145014435052872e-02
-9.110924787819385529e-03
-1.150760799646377563e-02
4.228813573718070984e-02
1.617591641843318939e-02
5.440515652298927307e-02
-2.722702734172344208e-02
1.619657315313816071e-02
-8.409134112298488617e-03
4.706722497940063477e-02
2.545416168868541718e-02
-3.139711916446685791e-02
-5.524244159460067749e-03
-1.167325451970100403e-01
1.250192821025848389e-01
5.216007307171821594e-02
7.752849161624908447e-02
-2.634357195347547531e-03
-1.420111861079931259e-02
5.009199306368827820e-02
-1.044540852308273315e-02
-4.833717830479145050e-03
-3.454273194074630737e-02
1.423383802175521851e-01
2.071371302008628845e-02
8.426076918840408325e-02
5.640580505132675171e-02
1.156827881932258606e-01
1.554372021928429604e-03
2.854560874402523041e-02
5.212844815105199814e-03
4.499378148466348648e-03
-2.151736915111541748e-01
2.839853800833225250e-02
3.585158288478851318e-02
4.289726540446281433e-02
-4.075260832905769348e-03
8.811606466770172119e-02
1.429456174373626709e-01
-2.133142016828060150e-02
-1.866418123245239258e-02
-1.853851042687892914e-02
-4.136586189270019531e-02
6.102100480347871780e-03
1.318875253200531006e-01
4.605611041188240051e-02
1.144114509224891663e-02
4.907306749373674393e-03
7.382885366678237915e-02
-2.264617756009101868e-02
-2.186499349772930145e-02
1.118183601647615433e-02
7.079833652824163437e-03
-1.614191941916942596e-02
-1.967756822705268860e-02
1.504147704690694809e-02
-2.204302884638309479e-02
1.326684746891260147e-02
-5.944787524640560150e-03
-3.586321603506803513e-03
4.050979763269424438e-02
-4.715543612837791443e-02
-1.801306940615177155e-02
1.347135379910469055e-02
-1.833235472440719604e-02
4.369048029184341431e-02
-2.918077632784843445e-03
-7.232787902466952801e-05
5.673904344439506531e-02
1.005350574851036072e-01
-1.983949691057205200e-01
-4.616353660821914673e-03
2.459369786083698273e-02
1.705992472125217319e-04
8.995746262371540070e-03
-2.518549188971519470e-02
-7.083891332149505615e-02
-1.048099342733621597e-02
5.475047603249549866e-02
5.032750219106674194e-02
-1.326107158092781901e-04
1.191189140081405640e-02
-8.343322202563285828e-03
-1.658650115132331848e-02
-9.295172989368438721e-03
6.512870546430349350e-03
-3.253393108025193214e-03
-2.037003822624683380e-02
-8.385595865547657013e-03
-2.330530248582363129e-02
3.179477155208587646e-02
6.255584303289651871e-03
1.738228835165500641e-02
-1.359458640217781067e-02
2.216662466526031494e-02
-4.811370163224637508e-04
-2.588384319096803665e-03
-1.111849769949913025e-01
3.114386461675167084e-02
-3.417960554361343384e-02
-4.680257663130760193e-02
-1.500433310866355896e-03
-1.166429296135902405e-01
7.155220210552215576e-02
2.328626811504364014e-02
-5.021593347191810608e-02
2.603715402074158192e-04
2.109338156878948212e-02
5.073155835270881653e-02
-3.509217128157615662e-02
1.150333322584629059e-02
-3.184519335627555847e-02
-5.560748651623725891e-02
1.113658174872398376e-01
7.628152519464492798e-02
8.602083660662174225e-03
-2.205104380846023560e-02
2.812761813402175903e-02
7.359010633081197739e-03
-3.209143877029418945e-02
8.142266422510147095e-02
1.762863695621490479e-01
-4.106574133038520813e-02
-1.755080744624137878e-02
-1.548459231853485107e-01
4.962050542235374451e-02
6.610032916069030762e-02
-1.912371441721916199e-02
9.034451795741915703e-05
1.220407802611589432e-02
-6.675904244184494019e-02
1.437294855713844299e-02
2.494177781045436859e-02
8.764038980007171631e-02
-5.946436524391174316e-02
1.515813320875167847e-01
7.369011640548706055e-03
-1.527125947177410126e-03
8.939279243350028992e-03
-6.291457684710621834e-04
-6.013420224189758301e-02
-5.263339355587959290e-02
-1.122439000755548477e-02
-2.491812780499458313e-02
-1.463987305760383606e-02
2.554242732003331184e-03
-9.146724827587604523e-03
1.946008065715432167e-03
5.862218327820301056e-03
1.796173863112926483e-02
2.370120212435722351e-02
2.104746643453836441e-03
1.896376162767410278e-02
-7.117801159620285034e-02
5.499939434230327606e-04
-3.140797466039657593e-02
1.154293417930603027e-01
1.775975339114665985e-02
-1.222609728574752808e-02
7.974648848176002502e-03
2.643079496920108795e-02
4.236654564738273621e-02
8.570570498704910278e-03
1.861520670354366302e-02
-5.835148319602012634e-02
1.964461058378219604e-03
1.285179145634174347e-02
4.206898063421249390e-02
-1.162045728415250778e-02
-3.368739783763885498e-02
-1.333199143409729004e-01
1.343052834272384644e-02
-1.210572104901075363e-02
-6.134127452969551086e-02
-4.284352809190750122e-02
-1.453988347202539444e-02
1.327070873230695724e-02
1.791514083743095398e-02
8.121422491967678070e-03
-2.614075317978858948e-02
-2.445128187537193298e-02
4.972064634785056114e-04
2.480398304760456085e-02
8.092674612998962402e-02
-3.257652372121810913e-02
-2.091914974153041840e-02
-6.826651841402053833e-02
-3.353758947923779488e-03
9.167766571044921875e-02
-7.216408848762512207e-02
-2.505151182413101196e-02
1.247936114668846130e-02
-1.251373533159494400e-02
4.562916234135627747e-03
-4.430605098605155945e-02
4.053619224578142166e-03
-1.380052715539932251e-01
-1.087435614317655563e-02
1.280920812860131264e-03
-2.467182092368602753e-02
