-8.950510993599891663e-03
7.040807045996189117e-03
1.216252520680427551e-02
4.337963089346885681e-02
1.277959346771240234e-02
-1.868489570915699005e-02
-6.327736657112836838e-03
1.618656562641263008e-03
-5.431127501651644707e-04
2.453042194247245789e-02
-2.341598505154252052e-03
-6.438339594751596451e-03
-3.687232965603470802e-03
-4.045068752020597458e-03
-1.101001538336277008e-02
-7.712960243225097656e-03
6.104035768657922745e-03
-1.763324998319149017e-02
-6.109134759753942490e-03
3.035024739801883698e-03
-1.695654820650815964e-03
5.552421789616346359e-03
3.850911930203437805e-02
5.209959112107753754e-03
1.654325751587748528e-03
-3.419243963435292244e-03
-1.285872049629688263e-02
1.606633514165878296e-01
-1.223974209278821945e-02
-3.665504604578018188e-02
5.414963699877262115e-03
-2.261868212372064590e-03
8.263847976922988892e-02
-3.196948766708374023e-02
2.020377665758132935e-02
-4.936308250762522221e-04
-6.480363197624683380e-03
2.263339236378669739e-03
1.378393024206161499e-01
2.756586764007806778e-03
-1.483713276684284210e-03
-5.022662226110696793e-04
-2.933042356744408607e-03
-9.835204109549522400e-03
-4.633921435015508905e-06
-5.745207425206899643e-03
-6.140938960015773773e-03
2.739198098424822092e-04
-8.423689869232475758e-04
-1.016327587421983480e-04
-4.667724482715129852e-03
1.565881684655323625e-04
-1.635630032978951931e-03
-1.176595396827906370e-04
7.018377538770437241e-03
7.394127896986901760e-04
-1.947562769055366516e-02
2.242807066068053246e-03
-1.132076233625411987e-02
1.205229386687278748e-01
-1.819043904542922974e-01
1.629583910107612610e-02
-2.565243048593401909e-03
-1.758589991368353367e-03
1.603319658897817135e-03
-1.298640202730894089e-02
1.156182680279016495e-02
4.541378002613782883e-03
9.374714456498622894e-03
1.598166301846504211e-03
2.260320587083697319e-03
-5.224771797657012939e-03
-1.046987622976303101e-02
-2.295284159481525421e-02
3.840782865881919861e-02
-1.651141792535781860e-02
-4.267743788659572601e-04
-1.300779730081558228e-02
8.340776897966861725e-03
4.731049120891839266e-04
2.625034423545002937e-03
2.428807085379958153e-03
-1.523236092180013657e-02
7.889723405241966248e-03
-1.348784659057855606e-03
-5.068702157586812973e-03
3.482087515294551849e-03
-2.181554445996880531e-03
-1.551049994304776192e-03
1.052942825481295586e-03
1.887333055492490530e-04
3.582999855279922485e-02
1.475568977184593678e-03
3.882179968059062958e-03
3.800605190917849541e-03
5.245860302238725126e-05
1.530057867057621479e-03
-1.899584829807281494e-01
-6.229214835911989212e-03
-1.839063712395727634e-03
-1.485925819724798203e-02
-4.539662506431341171e-03
4.321959335356950760e-03
-3.158633783459663391e-02
-4.487045109272003174e-03
1.849882751703262329e-01
-3.600133815780282021e-03
1.226822729222476482e-03
-5.042547360062599182e-03
7.027794141322374344e-03
6.043856497853994370e-03
-9.973938576877117157e-03
1.623509265482425690e-02
1.482998877763748169e-01
9.382764808833599091e-03
1.455994090065360069e-03
9.647609549574553967e-04
1.366426143795251846e-02
-2.454481436870992184e-04
3.570032073184847832e-03
2.916976343840360641e-03
1.722173690795898438e-01
1.287900609895586967e-03
1.159557979553937912e-02
-5.961817223578691483e-03
-2.403804566711187363e-03
3.285061800852417946e-03
-5.695793312042951584e-03
5.683207884430885315e-03
-3.300377866253256798e-03
4.660446138586848974e-04
1.169589813798666000e-02
5.384247750043869019e-03
-1.329355989582836628e-03
-2.086751908063888550e-02
9.724247269332408905e-03
2.587980218231678009e-02
6.729784887284040451e-03
-5.111887119710445404e-03
7.739029824733734131e-03
4.258656874299049377e-03
8.456762880086898804e-02
-5.772091448307037354e-02
-8.656642748974263668e-04
-9.698497888166457415e-05
-7.218287792056798935e-03
9.281070670112967491e-04
3.000043565407395363e-03
1.364611089229583740e-02
1.405711192637681961e-02
-8.098146878182888031e-03
-9.593958966434001923e-03
-8.336403407156467438e-03
1.051968336105346680e-02
7.325009908527135849e-03
-6.581230554729700089e-03
-3.722650557756423950e-02
6.617424078285694122e-03
-8.496876806020736694e-03
-2.019313687924295664e-04
-8.615070953965187073e-03
1.231767091667279601e-04
1.544349640607833862e-01
1.550289541482925415e-01
1.353549864143133163e-02
-3.640338080003857613e-03
-3.866004291921854019e-03
1.432187948375940323e-02
3.266266314312815666e-03
-1.589014381170272827e-02
2.486825687810778618e-03
1.558358664624392986e-03
-2.398636192083358765e-03
4.253588849678635597e-04
-8.511101477779448032e-04
-2.665728516876697540e-02
1.073498465120792389e-02
2.157490525860339403e-04
1.641996800899505615e-01
1.411568094044923782e-02
-6.165060680359601974e-03
-1.272655325010418892e-03
-1.688338518142700195e-01
-1.748580113053321838e-02
-7.787256618030369282e-04
-7.537852507084608078e-04
-9.448531083762645721e-03
5.030801985412836075e-04
-1.725822500884532928e-02
-3.436927450820803642e-03
-1.112458109855651855e-02
-2.757436363026499748e-03
2.294259890913963318e-02
-1.725234836339950562e-02
5.765935406088829041e-03
-2.940055448561906815e-03
-1.890096114948391914e-03
-1.490086317062377930e-03
6.243857089430093765e-03
-1.135193184018135071e-02
-4.424241487868130207e-04
-2.191044623032212257e-03
-1.679321401752531528e-03
3.406964987516403198e-02
-1.338276313617825508e-03
-1.573983463458716869e-03
1.551836030557751656e-03
3.096154425293207169e-03
4.415395596879534423e-05
1.664221659302711487e-02
4.438745323568582535e-03
1.386472024023532867e-02
2.810061909258365631e-03
3.817022964358329773e-02
-7.651427040400449187e-06
-3.084909985773265362e-04
1.442898437380790710e-02
-1.988552045077085495e-03
-2.447468414902687073e-02
-2.121687633916735649e-03
-3.230735455872491002e-05
1.813386976718902588e-01
-1.538140326738357544e-01
-8.126029744744300842e-03
1.770597845315933228e-01
1.726626008749008179e-01
-1.235857605934143066e-02
-4.229646921157836914e-02
-7.007206790149211884e-03
1.834738701581954956e-01
1.706511247903108597e-03
-1.687531732022762299e-02
-3.440951331867836416e-06
2.915277378633618355e-03
8.266615332104265690e-04
7.454857695847749710e-04
7.100038346834480762e-04
3.301322867628186941e-04
1.677160071267280728e-05
-2.486082958057522774e-04
9.323355043306946754e-04
8.260359056293964386e-03
4.347592126578092575e-03
1.424029236659407616e-03
1.840198338031768799e-01
-6.458999705500900745e-04
1.102066505700349808e-02
-9.011315414682030678e-04
-8.507786318659782410e-03
1.125336973927915096e-03
-2.040524850599467754e-04
-1.805300265550613403e-01
4.297647252678871155e-02
1.680545508861541748e-01
6.488241720944643021e-03
-1.568490639328956604e-03
-6.578776519745588303e-04
-1.023449003696441650e-03
1.992725534364581108e-03
-3.770122420974075794e-04
1.584946513175964355e-01
-7.407405064441263676e-05
-1.642906069755554199e-01
-2.006430622714105994e-05
1.353143015876412392e-03
5.135852377861738205e-03
-4.704472608864307404e-03
9.677147609181702137e-04
-5.027804872952401638e-04
-1.614523898751940578e-05
-1.024718116968870163e-02
1.395269879139959812e-03
1.282039582729339600e-01
-2.798851579427719116e-03
-2.328162227058783174e-04
3.895420377375558019e-05
-1.642960123717784882e-03
1.257155463099479675e-02
-7.020373363047838211e-03
4.685928579419851303e-04
1.831108927726745605e-01
-1.741076074540615082e-02
-6.729442975483834743e-04
-1.931514590978622437e-02
2.159382682293653488e-03
-5.446655675768852234e-03
4.292382218409329653e-04
1.674351282417774200e-03
6.319787353277206421e-02
-4.009902768302708864e-04
2.261925721541047096e-03
6.706402637064456940e-03
1.797575056552886963e-01
-1.366188400425016880e-03
-1.370058860629796982e-03
-2.337260171771049500e-02
2.748827077448368073e-02
2.376724878558889031e-04
-1.874163746833801270e-02
3.093518316745758057e-03
7.230014540255069733e-03
5.135812680236995220e-04
-3.461467102169990540e-03
1.379558001644909382e-03
2.117735892534255981e-02
-2.849063463509082794e-02
4.283155314624309540e-03
1.990284537896513939e-03
1.061300979927182198e-03
-5.599318537861108780e-04
3.731111355591565371e-04
-3.909544553607702255e-03
-2.919200807809829712e-03
1.819444894790649414e-01
1.718728430569171906e-02
-2.632701583206653595e-02
3.262760583311319351e-03
5.502899643033742905e-03
3.258741647005081177e-02
6.453699897974729538e-03
1.476111265219515190e-06
-8.332326076924800873e-03
1.021057646721601486e-02
-4.884547553956508636e-03
-1.486770063638687134e-01
1.991466619074344635e-03
1.916885003447532654e-02
1.779082119464874268e-01
-6.779089570045471191e-03
3.493906185030937195e-02
-1.405153423547744751e-01
-7.318980991840362549e-03
1.750451326370239258e-01
-5.859918383066542447e-05
-8.794349269010126591e-04
-1.277307164855301380e-03
9.737627697177231312e-04
3.336688503623008728e-03
-2.059358917176723480e-02
1.594370696693658829e-03
-2.160684205591678619e-03
2.208483347203582525e-04
7.875723531469702721e-04
1.884746849536895752e-01
1.025957870297133923e-03
-1.126540591940283775e-03
-3.271956462413072586e-03
-9.026251733303070068e-03
-4.893850069493055344e-03
3.999087959527969360e-03
5.029676947742700577e-03
-2.276943996548652649e-03
-1.319645941257476807e-01
3.062992123886942863e-03
-3.415290033444762230e-03
1.277551986277103424e-03
-9.236439946107566357e-04
-1.270775031298398972e-02
-1.066042459569871426e-03
2.559218228270765394e-05
3.642802359536290169e-03
-1.563002355396747589e-02
1.174753298982977867e-03
-2.784795360639691353e-04
-2.780881244689226151e-03
9.899128926917910576e-04
-3.750510746613144875e-03
-1.235166471451520920e-02
8.788403123617172241e-03
-5.718681961297988892e-03
6.123904022388160229e-04
-4.559218138456344604e-02
4.343274608254432678e-02
1.689768047071993351e-03
8.684451458975672722e-04
1.456090435385704041e-02
-3.292141715064644814e-03
-2.188235521316528320e-03
4.322885069996118546e-04
-6.211408763192594051e-04
-2.660327823832631111e-03
1.987373107112944126e-04
-2.891697658924385905e-05
4.694634675979614258e-02
-1.528109982609748840e-02
1.008603069931268692e-02
2.740373474807711318e-07
-1.273574656806886196e-03
3.003824967890977859e-04
9.074677713215351105e-03
-1.428570016287267208e-03
-2.737854421138763428e-02
-2.123759593814611435e-03
-1.790941227227449417e-03
1.374989049509167671e-03
-4.166279453784227371e-03
1.587879844009876251e-02
-1.769973188638687134e-01
-1.265281252562999725e-02
6.033759200363419950e-05
7.547806599177420139e-04
2.919308899436146021e-04
2.471622778102755547e-03
-2.319835312664508820e-02
8.967734174802899361e-04
1.709252409636974335e-02
-1.257665921002626419e-03
-1.262874109670519829e-03
-1.557293930090963840e-03
7.355370558798313141e-03
2.061286941170692444e-03
-9.522828273475170135e-03
-7.353463675826787949e-03
9.275077027268707752e-04
-6.683421786874532700e-03
-9.629626292735338211e-04
9.024881292134523392e-04
3.554336028173565865e-03
9.002181468531489372e-04
-5.816070828586816788e-03
-3.890046849846839905e-03
-3.790092188864946365e-03
-6.406335625797510147e-03
2.894229954108595848e-03
9.419134818017482758e-03
3.526420914568006992e-04
1.508114044554531574e-03
-5.149644333869218826e-03
1.441283267922699451e-03
-6.381060928106307983e-03
-2.987610176205635071e-03
-2.952686336357146502e-04
-1.218479592353105545e-03
2.822805382311344147e-02
2.171041676774621010e-03
2.344664389966055751e-04
5.385849508456885815e-04
1.364033436402678490e-03
-2.031772746704518795e-04
-1.484466367401182652e-03
1.553039648570120335e-03
-9.377391077578067780e-03
-1.812093891203403473e-03
6.290523335337638855e-03
9.789599425857886672e-05
5.951403174549341202e-03
-1.610095798969268799e-02
-4.199155140668153763e-03
1.290407148189842701e-03
9.688799036666750908e-04
1.572705572471022606e-03
4.422312602400779724e-03
-6.495240610092878342e-03
-5.371321458369493484e-03
-2.525063045322895050e-02
6.592246354557573795e-04
-6.831973441876471043e-04
-4.029928240925073624e-03
-5.100912414491176605e-03
-1.100284862332046032e-03
4.301582521293312311e-04
2.750386192928999662e-04
-2.331237774342298508e-03
-4.028744064271450043e-03
9.500361629761755466e-04
-1.157742226496338844e-03
-3.461451735347509384e-03
-4.874506033957004547e-03
1.270691980607807636e-03
-5.467046983540058136e-03
-9.384017321281135082e-04
3.519662190228700638e-03
1.373046194203197956e-03
3.642630530521273613e-03
-3.278034273535013199e-03
-1.057441812008619308e-03
-3.454780962783843279e-04
9.104942902922630310e-03
-1.029647514224052429e-02
2.534389961510896683e-03
-1.760600018315017223e-03
-1.603296841494739056e-03
-2.099669509334489703e-04
-1.761757954955101013e-02
-3.609894309192895889e-03
2.986256964504718781e-03
-2.661939710378646851e-03
-4.011394339613616467e-04
-3.348372643813490868e-03
1.195764867588877678e-03
2.202939474955201149e-03
-2.303392998874187469e-02
3.583021461963653564e-03
-4.011395387351512909e-03
-1.188426162116229534e-03
1.575672067701816559e-02
3.427039831876754761e-03
9.970583487302064896e-04
1.050777640193700790e-02
-2.108950633555650711e-03
-7.505958434194326401e-03
1.090883626602590084e-03
3.004600992426276207e-03
3.179633931722491980e-04
-4.385136999189853668e-03
4.637710750102996826e-03
4.042279906570911407e-03
7.510672789067029953e-03
3.353726351633667946e-03
4.376367200165987015e-03
9.551431867294013500e-04
-3.975890576839447021e-03
1.969552366062998772e-03
-2.413780195638537407e-03
3.226736793294548988e-03
2.477077068760991096e-03
-1.459767809137701988e-04
2.523462462704628706e-04
-4.030749667435884476e-03
4.585361573845148087e-03
-3.483239095658063889e-03
1.687064068391919136e-03
2.426572842523455620e-03
1.653650030493736267e-02
-1.738064456731081009e-03
5.408746190369129181e-03
5.883937701582908630e-03
7.742891088128089905e-03
1.771581545472145081e-02
1.852785208029672503e-04
2.842190442606806755e-04
7.980396039783954620e-04
-4.139884840697050095e-03
1.383900875225663185e-03
-4.352248739451169968e-03
1.001448603346943855e-03
1.275439863093197346e-03
-1.150361075997352600e-02
-9.179873741231858730e-04
-1.887473976239562035e-03
3.733742516487836838e-03
1.298200339078903198e-03
6.934604607522487640e-03
1.928819110617041588e-03
1.369773381156846881e-04
-8.019439876079559326e-03
3.923957701772451401e-03
9.448066353797912598e-03
-5.967474076896905899e-03
2.219457179307937622e-03
-1.109569799154996872e-03
1.290785893797874451e-02
-4.449185915291309357e-03
3.108958480879664421e-03
-1.374994288198649883e-03
-2.759661525487899780e-03
3.482541651464998722e-04
-4.359092563390731812e-03
-1.283721358049660921e-04
-5.421231035143136978e-04
-4.468279425054788589e-03
-4.005105700343847275e-03
-1.897176611237227917e-03
-5.920408293604850769e-04
1.621059607714414597e-03
1.157884718850255013e-03
6.416476797312498093e-03
-1.293765660375356674e-02
3.029342740774154663e-03
-1.587028056383132935e-02
1.633055799175053835e-04
-2.331131603568792343e-03
-1.952229766175150871e-03
-4.528395365923643112e-03
1.398905646055936813e-03
1.138547249138355255e-02
7.664367556571960449e-03
-2.569413045421242714e-03
-7.078091584844514728e-05
2.870835131034255028e-03
6.739820353686809540e-03
-4.439539276063442230e-03
2.037158235907554626e-03
-7.122287526726722717e-03
-9.915259433910250664e-04
2.748497761785984039e-03
-4.003525828011333942e-04
3.153272438794374466e-03
4.109882283955812454e-03
-1.379712950438261032e-02
3.969721496105194092e-03
-1.750281266868114471e-02
4.509961232542991638e-03
-3.451463999226689339e-03
-1.468690228648483753e-03
2.984751947224140167e-03
-3.641769988462328911e-03
3.398443732294254005e-05
1.531576178967952728e-02
3.723893678397871554e-05
