2.075062513351440430e+00
1.118380546569824219e+00
2.536873221397399902e-01
5.668780207633972168e-01
9.840384125709533691e-01
2.644221484661102295e-01
1.584669589996337891e+00
1.392696619033813477e+00
-2.135491520166397095e-01
2.619258165359497070e+00
9.666090011596679688e-01
8.277286291122436523e-01
9.308899641036987305e-01
2.324883937835693359e+00
1.497111558914184570e+00
1.157619357109069824e+00
1.105424404144287109e+00
6.724897623062133789e-01
1.153120279312133789e+00
7.015148401260375977e-01
-1.196282356977462769e-01
1.027593016624450684e+00
6.723179221153259277e-01
1.963026642799377441e+00
1.247522532939910889e-01
1.631839990615844727e+00
1.941307902336120605e+00
8.192110061645507812e+00
1.166742086410522461e+00
1.251713871955871582e+00
9.222583174705505371e-01
1.155020147562026978e-01
8.864750862121582031e+00
4.308556020259857178e-01
7.266616076231002808e-02
1.277846455574035645e+00
1.213010072708129883e+00
2.679728507995605469e+00
1.746632766723632812e+01
8.985303640365600586e-01
1.293959856033325195e+00
1.043171063065528870e-01
4.905269742012023926e-01
1.386336833238601685e-01
9.073708534240722656e+00
1.098445415496826172e+00
4.830223321914672852e-01
-1.679602712392807007e-01
4.488132476806640625e+00
1.643499135971069336e+00
1.473175287246704102e+00
-2.751086056232452393e-01
-1.360113359987735748e-02
2.230849713087081909e-01
1.813182830810546875e+00
6.147161722183227539e-01
1.196387767791748047e+00
1.141931772232055664e+00
1.044874191284179688e+00
1.133748149871826172e+01
1.788135337829589844e+01
2.765044212341308594e+00
-1.120961979031562805e-01
1.930842399597167969e-01
2.575170516967773438e+00
8.340240716934204102e-01
1.019039392471313477e+00
1.013155102729797363e+00
1.409711480140686035e+00
1.076906800270080566e+00
1.442318320274353027e+00
1.271067142486572266e+00
1.282152056694030762e+00
9.771794676780700684e-01
3.178267002105712891e+00
1.895758509635925293e+00
7.377661466598510742e-01
2.597634196281433105e-01
3.208752274513244629e-01
1.501555681228637695e+00
-3.256241679191589355e-01
2.075460672378540039e+00
3.407243013381958008e+00
1.745385229587554932e-01
5.082794427871704102e-01
1.469393491744995117e+00
1.240602374076843262e+00
1.208820343017578125e+00
-1.976965963840484619e-01
8.146827816963195801e-01
7.266099452972412109e-01
1.454641699790954590e+00
5.672005563974380493e-02
9.544301629066467285e-01
9.041709303855895996e-01
3.376975059509277344e-01
-1.901001036167144775e-01
2.613842582702636719e+01
2.015554428100585938e+00
1.079369068145751953e+00
3.480674624443054199e-01
1.722257375717163086e+00
1.730145573616027832e+00
1.117943167686462402e+00
9.661931991577148438e-01
7.991860389709472656e+00
9.476885199546813965e-01
2.315047681331634521e-01
7.717877030372619629e-01
1.347375035285949707e+00
1.165579319000244141e+00
1.083048343658447266e+00
9.294846653938293457e-01
1.762267112731933594e+01
7.937988042831420898e-01
2.604592442512512207e-01
7.213901281356811523e-01
5.122080445289611816e-01
7.942639291286468506e-03
8.917652964591979980e-01
7.788089513778686523e-01
1.650190925598144531e+01
8.221780061721801758e-01
6.409769654273986816e-01
3.483944177627563477e+00
1.055450916290283203e+00
6.032803654670715332e-01
7.791336774826049805e-01
2.775442600250244141e-01
1.479539394378662109e+00
7.154451608657836914e-01
1.057542443275451660e+00
4.201524853706359863e-01
1.344173669815063477e+00
8.383263349533081055e-01
1.473739027976989746e+00
1.046129822731018066e+00
1.274273157119750977e+00
3.143876791000366211e-01
7.509668469429016113e-01
9.827519655227661133e-01
8.780583739280700684e-02
8.402925729751586914e-01
9.424946904182434082e-01
1.005396008491516113e+00
2.895179390907287598e-01
-5.445259157568216324e-03
1.069609150290489197e-01
1.988776087760925293e+00
1.268745064735412598e-01
5.154855847358703613e-01
5.948072671890258789e-01
1.427473783493041992e+00
8.429201841354370117e-01
1.098120927810668945e+00
9.955956935882568359e-01
2.582993745803833008e+00
9.961150288581848145e-01
6.709618568420410156e-01
6.262902915477752686e-02
7.355832457542419434e-01
7.419974207878112793e-01
2.438852500915527344e+01
1.335722351074218750e+01
9.341711401939392090e-01
2.455848217010498047e+00
8.103907704353332520e-01
6.433830857276916504e-01
4.558307528495788574e-01
-1.621153801679611206e-01
1.454868435859680176e+00
1.444038301706314087e-01
-1.204268187284469604e-01
2.137244224548339844e+00
2.311435937881469727e+00
4.698859155178070068e-01
3.116100430488586426e-01
1.486120522022247314e-01
1.593010234832763672e+01
2.787312507629394531e+00
9.808694124221801758e-01
3.627138733863830566e-01
1.656027412414550781e+01
1.021642208099365234e+00
1.273072719573974609e+00
3.679471015930175781e-01
2.146431446075439453e+00
1.608583569526672363e+00
2.369826078414916992e+00
3.733114898204803467e-01
1.420990347862243652e+00
2.177605032920837402e-01
1.065635681152343750e+00
1.121357083320617676e+00
9.159520864486694336e-01
1.374168515205383301e+00
1.878332614898681641e+00
6.006459593772888184e-01
5.426151752471923828e-01
2.540350198745727539e+00
1.395720720291137695e+00
8.182133436203002930e-01
1.404834151268005371e+00
-5.704774856567382812e-01
1.403495430946350098e+00
1.660030245780944824e+00
1.240996241569519043e+00
3.888177275657653809e-01
-1.078649806976318359e+01
-4.704378545284271240e-01
1.236697316169738770e+00
-3.493865430355072021e-01
1.372954487800598145e+00
-1.741066694259643555e+00
-1.016056060791015625e+01
1.236238479614257812e+00
-4.852057456970214844e+00
1.264360785484313965e+00
-1.781364679336547852e+00
1.259006619453430176e+00
-1.111732578277587891e+01
-2.258640289306640625e+01
-1.936853599548339844e+01
-3.351080179214477539e+00
-1.849107742309570312e+01
-1.641614341735839844e+01
-1.591811537742614746e+00
-2.009114980697631836e+00
1.217952132225036621e+00
-1.947373771667480469e+01
1.116621375083923340e+00
-2.831248521804809570e+00
-9.819188117980957031e+00
1.423358082771301270e+00
1.161670923233032227e+00
1.408457994461059570e+00
1.156648278236389160e+00
1.348864674568176270e+00
-1.042194747924804688e+01
1.249426841735839844e+00
1.467488765716552734e+00
-4.337180137634277344e+00
-3.422944620251655579e-02
1.314536929130554199e+00
-2.509240913391113281e+01
1.022767066955566406e+00
-3.498938083648681641e+00
-4.028981208801269531e+00
-2.454185724258422852e+00
1.219977498054504395e+00
9.522696137428283691e-01
-2.731535720825195312e+01
-2.328601837158203125e+00
-2.386545753479003906e+01
1.097027897834777832e+00
1.112274289131164551e+00
1.409381031990051270e+00
1.263742327690124512e+00
8.080754280090332031e-01
1.498002409934997559e+00
-1.463317394256591797e+01
1.511138916015625000e+00
-2.150023651123046875e+01
-1.067404937744140625e+01
1.054604649543762207e+00
1.116903781890869141e+00
1.449884891510009766e+00
1.327357292175292969e+00
1.291576266288757324e+00
-1.019757366180419922e+01
-4.508594989776611328e+00
1.415572047233581543e+00
-1.079860401153564453e+01
1.215176939964294434e+00
8.769434690475463867e-01
1.585344433784484863e+00
1.252718806266784668e+00
1.286999344825744629e+00
4.806962609291076660e-01
1.273517608642578125e+00
-1.819321632385253906e+01
-4.511265158653259277e-01
1.506829142570495605e+00
9.405858516693115234e-01
-2.234706878662109375e+00
6.584075093269348145e-01
1.368584513664245605e+00
1.404966354370117188e+00
-8.568578720092773438e+00
-4.710419476032257080e-01
-3.955010771751403809e-01
1.550253868103027344e+00
-2.093927955627441406e+01
-2.252004146575927734e+00
1.439379453659057617e+00
-7.312251567840576172e+00
-5.606153011322021484e+00
1.441836476325988770e+00
-3.053092658519744873e-01
1.171090841293334961e+00
1.442678213119506836e+00
1.229437470436096191e+00
7.042490839958190918e-01
1.262336850166320801e+00
2.176421582698822021e-01
-5.525020360946655273e-01
1.172430753707885742e+00
-2.665058135986328125e+00
1.354526400566101074e+00
1.195438504219055176e+00
1.209389209747314453e+00
1.333535075187683105e+00
9.693346023559570312e-01
-1.830523490905761719e+01
-6.404868364334106445e-01
-1.745177745819091797e+00
5.383222699165344238e-01
8.584789633750915527e-01
-4.744110584259033203e+00
7.035699486732482910e-01
-1.018743705749511719e+01
-3.180103302001953125e+00
1.243323206901550293e+00
1.072387814521789551e+00
-2.267723846435546875e+01
1.194156050682067871e+00
-5.759568691253662109e+00
-2.461824607849121094e+01
7.119361162185668945e-01
-1.743432283401489258e+00
-2.462703895568847656e+01
1.666290879249572754e+00
-2.241041374206542969e+01
1.312690377235412598e+00
1.329764008522033691e+00
8.853082656860351562e-01
1.079777836799621582e+00
9.766011238098144531e-01
-1.261929631233215332e+00
1.316493034362792969e+00
4.237596094608306885e-01
1.402252793312072754e+00
1.298562169075012207e+00
-2.264112091064453125e+01
1.169143795967102051e+00
8.603338003158569336e-01
-1.079128026962280273e+00
-4.136623859405517578e+00
9.071190953254699707e-01
1.367373585700988770e+00
1.206794857978820801e+00
1.197110176086425781e+00
-1.772286796569824219e+01
1.343740820884704590e+00
5.062825083732604980e-01
1.096181154251098633e+00
1.180942773818969727e+00
-4.807894825935363770e-01
1.148586392402648926e+00
-1.862769126892089844e+00
1.086489319801330566e+00
-3.039184808731079102e+00
-2.524048089981079102e+00
1.503154039382934570e+00
1.196820735931396484e+00
1.407145977020263672e+00
1.569229722023010254e+00
-2.852388143539428711e+00
5.882164835929870605e-01
8.804180622100830078e-01
8.179285526275634766e-01
-1.867621898651123047e+00
-2.722874879837036133e+00
-1.859573245048522949e+00
1.507668018341064453e+00
1.783385276794433594e+00
1.390222787857055664e+00
-1.120528697967529297e+00
1.404165983200073242e+00
-3.255089998245239258e+00
1.112789869308471680e+00
1.997054964303970337e-01
-1.000381755828857422e+01
-7.619194984436035156e-01
-6.131021976470947266e-01
-7.716429710388183594e+00
1.448677897453308105e+00
1.245075583457946777e+00
1.454595565795898438e+00
1.435011178255081177e-01
1.367047309875488281e+00
-2.244485616683959961e+00
1.288349747657775879e+00
1.254816889762878418e+00
8.049918413162231445e-01
1.158375740051269531e+00
-1.869296431541442871e+00
-2.749920272827148438e+01
8.024670481681823730e-01
1.443625092506408691e+00
-7.925172448158264160e-01
3.229346990585327148e+00
-7.027101516723632812e-01
2.005976200103759766e+00
1.376941561698913574e+00
3.575721740722656250e+00
-2.544895648956298828e+00
3.201740026473999023e+00
3.019758415222167969e+01
3.535431385040283203e+00
3.817814826965332031e+00
-7.173241615295410156e+00
2.879048824310302734e+00
-5.806495666503906250e+00
-7.103296279907226562e+00
-2.805865049362182617e+00
-5.727854251861572266e+00
5.859193801879882812e-01
-6.404755115509033203e+00
3.010924100875854492e+00
4.315890121459960938e+01
6.220974922180175781e+00
-6.967449784278869629e-01
-3.364618539810180664e+00
-2.490930938720703125e+01
-7.147450923919677734e+00
-4.289538383483886719e+00
-1.405001997947692871e+00
2.021932601928710938e+00
4.548013210296630859e-01
4.583780765533447266e+00
-1.464776706695556641e+01
-8.064171075820922852e-01
7.050374984741210938e+00
-3.600812982767820358e-03
3.693244218826293945e+00
-2.726089715957641602e+00
-7.331168651580810547e-01
-6.688833981752395630e-02
3.422904968261718750e+00
2.411724328994750977e+00
-1.977855300903320312e+01
-7.515938282012939453e+00
4.191139221191406250e+00
1.724402904510498047e-01
4.491868019104003906e+00
-1.132190704345703125e+01
2.973414802551269531e+01
3.230549812316894531e+00
-2.347033739089965820e+00
1.983481526374816895e+00
-5.067876815795898438e+01
-2.324593544006347656e+01
2.254052925109863281e+01
1.508898377418518066e+00
-3.478704690933227539e+00
-3.181210160255432129e-01
3.463504314422607422e+00
-4.616211414337158203e+00
-3.225180134177207947e-02
-6.849306821823120117e-02
-3.637934923171997070e-01
-3.749129867553710938e+01
2.995547485351562500e+01
5.191254615783691406e+00
5.617889404296875000e+00
-2.927201747894287109e+00
1.799401998519897461e+00
3.371550321578979492e+00
1.119761085510253906e+01
4.146499156951904297e+00
5.098836421966552734e-01
-5.759609699249267578e+00
2.760836601257324219e+00
2.728496313095092773e+00
-1.487897396087646484e+00
-5.470464706420898438e+00
4.083386898040771484e+00
6.810827732086181641e+00
1.992723584175109863e+00
-6.551977539062500000e+01
-2.714655637741088867e+00
2.531919002532958984e+00
9.458178520202636719e+00
-1.497618484497070312e+01
1.429237961769104004e+00
1.197055339813232422e+00
3.118257761001586914e+00
4.351622772216796875e+01
-1.145909118652343750e+01
-9.610427856445312500e+00
5.376009464263916016e+00
-4.037892532348632812e+01
9.196171760559082031e+00
2.225328445434570312e+00
-2.766979408264160156e+01
4.261610412597656250e+01
3.773314878344535828e-02
7.848354816436767578e+00
-3.941539525985717773e+00
-4.712175846099853516e+00
1.144425392150878906e+00
-3.359544038772583008e+00
4.919940829277038574e-01
9.038085937500000000e+00
-2.163115143775939941e-01
3.510164022445678711e+00
-1.375795269012451172e+01
5.686889290809631348e-01
-3.382876157760620117e+00
-1.345988273620605469e+00
-1.008342933654785156e+01
-1.872883200645446777e+00
-6.104996055364608765e-02
4.569601058959960938e+00
1.320967864990234375e+01
-4.371093273162841797e+00
6.107555031776428223e-01
-2.705494308471679688e+01
-9.275131225585937500e+00
1.149069595336914062e+01
-1.854396909475326538e-01
-3.641192913055419922e+00
-7.470691680908203125e+00
-3.773543357849121094e+00
3.790020465850830078e+00
-9.256897926330566406e+00
1.272765636444091797e+01
-1.479030609130859375e+01
-4.720061302185058594e+00
1.841579818725585938e+01
3.427173852920532227e+00
9.729498863220214844e+00
1.616876244544982910e+00
-2.156846284866333008e+00
-2.771487474441528320e+00
-2.755967676639556885e-01
1.338263630867004395e+00
6.930578708648681641e+00
8.258478045463562012e-01
-4.679526805877685547e+00
-6.600085496902465820e-01
4.544453620910644531e-01
-1.223819732666015625e+01
-4.567816257476806641e+00
-8.982872009277343750e+00
-2.341222953796386719e+01
-1.826230239868164062e+01
-6.085142612457275391e+00
-3.496218681335449219e+00
7.072375774383544922e+00
3.364243745803833008e+00
-3.088875770568847656e+00
-2.517526865005493164e+00
1.991951942443847656e+00
-4.138873577117919922e+00
2.226719260215759277e-01
5.773407936096191406e+00
-3.152528047561645508e+00
-2.078388595581054688e+01
-6.239545822143554688e+00
8.141281127929687500e+00
8.469691127538681030e-02
1.480118650943040848e-02
2.896694898605346680e+00
8.201668858528137207e-01
-3.966592311859130859e+00
3.437395572662353516e+00
-1.330808067321777344e+01
-6.128924369812011719e+00
3.728702783584594727e+00
1.935814857482910156e+01
2.472410583496093750e+01
3.643045425415039062e+00
-6.841939091682434082e-01
6.549520015716552734e+00
-2.293760299682617188e+00
1.917645072937011719e+01
9.539044648408889771e-02
1.856822848320007324e+00
-9.448927879333496094e+00
-9.988718032836914062e+00
6.338549405336380005e-02
5.972527503967285156e+00
-9.394226074218750000e+00
-1.941591644287109375e+01
-5.818156599998474121e-01
-1.314933538436889648e+00
7.723256349563598633e-01
-1.245391082763671875e+01
-2.304441928863525391e+00
-1.146199417114257812e+01
-7.138184070587158203e+00
-2.213809490203857422e+00
-2.355851411819458008e+00
-4.851297855377197266e+00
2.690756320953369141e+00
8.089160919189453125e+00
-5.075006008148193359e+00
5.624843835830688477e-01
