-2.962511032819747925e-02
-5.310874432325363159e-02
-7.262784987688064575e-02
3.041443042457103729e-02
-7.813578844070434570e-02
6.369137763977050781e-02
-7.850907742977142334e-02
-3.508038073778152466e-02
1.488108336925506592e-01
1.328592281788587570e-02
-3.317892178893089294e-02
-2.463312260806560516e-02
3.829161450266838074e-02
8.892503380775451660e-02
2.990561770275235176e-03
3.090285323560237885e-02
-4.353104904294013977e-02
-6.615112721920013428e-02
2.602360211312770844e-02
1.091117486357688904e-01
-1.318707019090652466e-01
-1.181709095835685730e-01
4.576277360320091248e-02
4.270387813448905945e-02
-8.832260221242904663e-02
5.515952780842781067e-02
1.470246911048889160e-02
-4.792671278119087219e-02
-6.787814944982528687e-02
1.803984679281711578e-02
2.245135232806205750e-02
-2.215956896543502808e-02
-1.263472288846969604e-01
7.662513852119445801e-02
-1.510442942380905151e-01
-9.617591276764869690e-04
1.897833682596683502e-02
-7.820317894220352173e-02
7.411750406026840210e-02
-2.530265040695667267e-02
-5.246943328529596329e-03
-1.112342029809951782e-01
-5.409693345427513123e-02
-5.929199978709220886e-02
1.170714497566223145e-01
-9.750275872647762299e-03
-3.487864881753921509e-02
1.213055010885000229e-02
6.160572543740272522e-02
-6.197867542505264282e-02
-6.078861281275749207e-02
1.092216968536376953e-01
1.619227379560470581e-01
-8.186303079128265381e-02
9.110048413276672363e-03
3.301481902599334717e-02
-5.586306750774383545e-02
2.436916530132293701e-02
7.662038505077362061e-02
3.417193144559860229e-02
3.430287912487983704e-02
2.673807553946971893e-02
9.352175891399383545e-02
-1.818373985588550568e-02
-6.589869968593120575e-03
5.805531889200210571e-02
-6.816282868385314941e-02
9.170293062925338745e-02
-1.095821498893201351e-03
-4.659032914787530899e-03
-8.752548694610595703e-02
-2.345247752964496613e-02
-1.531298179179430008e-02
1.653688400983810425e-02
7.276630401611328125e-02
-2.821855712682008743e-03
-3.975119069218635559e-02
2.720657363533973694e-02
7.395178079605102539e-02
-1.136222779750823975e-01
-1.292294263839721680e-01
1.312355324625968933e-02
1.695923693478107452e-02
-9.456819295883178711e-02
-6.970968842506408691e-02
1.947608590126037598e-02
8.927840739488601685e-02
1.202411502599716187e-01
-1.306221336126327515e-01
1.752132363617420197e-02
-1.060438752174377441e-01
1.656435430049896240e-02
-1.146049648523330688e-01
1.454774737358093262e-01
-2.178934775292873383e-02
2.037910521030426025e-01
1.550074666738510132e-01
-5.876035615801811218e-02
3.065119870007038116e-02
-2.203266322612762451e-02
-1.420234702527523041e-02
-7.219334691762924194e-02
-6.716155260801315308e-02
3.762837499380111694e-02
-1.195249892771244049e-02
7.760173082351684570e-02
-1.848142407834529877e-02
1.875675842165946960e-02
-1.920595392584800720e-02
-8.075795322656631470e-02
-8.348315209150314331e-02
-8.595976233482360840e-02
-1.294508725404739380e-01
4.429934173822402954e-02
9.705568104982376099e-02
4.140475392341613770e-02
-1.059263274073600769e-01
-2.552437409758567810e-02
-4.420190677046775818e-02
2.250538952648639679e-02
-7.645040005445480347e-02
1.358518153429031372e-01
-3.116312250494956970e-02
-4.819573834538459778e-02
-9.749427437782287598e-02
5.762715265154838562e-02
1.842542923986911774e-02
-2.944478578865528107e-02
-2.444076584652066231e-03
-3.150117397308349609e-02
2.284905500710010529e-02
2.318356931209564209e-02
1.210331320762634277e-01
7.214144337922334671e-03
-1.015954837203025818e-01
1.219667866826057434e-02
-1.340719759464263916e-01
2.735790796577930450e-02
2.578473463654518127e-02
-6.003828719258308411e-03
-1.141388267278671265e-01
-7.161278277635574341e-02
-7.837016135454177856e-02
5.611355602741241455e-02
-2.444837242364883423e-02
3.972863033413887024e-02
-1.212875843048095703e-01
-1.075065881013870239e-01
-1.311179995536804199e-01
1.339450925588607788e-01
-5.849533900618553162e-02
-4.808516427874565125e-02
-1.007992923259735107e-01
-6.029388681054115295e-02
1.421114895492792130e-03
5.282962811179459095e-04
2.723892591893672943e-02
5.694738775491714478e-02
-2.698581293225288391e-02
1.799342408776283264e-02
7.783091813325881958e-02
-3.033293224871158600e-02
1.952887326478958130e-02
-9.329260885715484619e-02
-7.732589542865753174e-02
-3.081819973886013031e-02
7.573595643043518066e-02
8.228491246700286865e-02
-1.033895555883646011e-02
-6.092046201229095459e-02
-6.800914555788040161e-02
7.225308567285537720e-02
-1.577603220939636230e-01
-4.127752408385276794e-02
-5.940238945186138153e-03
1.671359641477465630e-03
-6.082616746425628662e-02
-7.467703544534742832e-04
9.112601727247238159e-02
-3.431410342454910278e-02
-5.176774784922599792e-02
-2.057245001196861267e-02
1.692664995789527893e-02
-1.022097840905189514e-02
-9.692174196243286133e-02
5.659259855747222900e-03
-7.941318303346633911e-02
2.217443101108074188e-02
-7.758765015751123428e-03
-8.885511010885238647e-02
-2.130113542079925537e-02
-1.845733076333999634e-02
7.570849265903234482e-03
8.822564035654067993e-02
2.024064213037490845e-02
5.361642315983772278e-02
-5.855134874582290649e-02
-1.077968776226043701e-01
-1.590537838637828827e-03
1.556206196546554565e-01
