-9.186473675072193146e-03
6.278444826602935791e-02
-2.076184190809726715e-02
1.118377074599266052e-01
3.359460458159446716e-02
3.689110651612281799e-02
-5.627807695418596268e-03
3.081859275698661804e-02
3.064504638314247131e-02
1.981001580134034157e-03
4.445354267954826355e-02
2.992597036063671112e-02
6.185095012187957764e-02
7.307945936918258667e-02
-1.565630882978439331e-01
9.723718976601958275e-04
-2.669024653732776642e-02
1.698478263278957456e-05
-1.164520084857940674e-01
2.981079369783401489e-02
2.066483050584793091e-01
8.695157617330551147e-02
5.315923690795898438e-02
-5.789664760231971741e-02
7.737165689468383789e-02
-1.424318403005599976e-01
-1.693665608763694763e-02
-8.392122387886047363e-02
-2.768388018012046814e-02
8.669529110193252563e-02
3.019179962575435638e-02
-1.435324400663375854e-01
1.614139229059219360e-02
6.797903031110763550e-02
-3.749068360775709152e-03
6.709166616201400757e-02
-1.008663512766361237e-02
6.192234344780445099e-03
-1.147564202547073364e-01
4.320977255702018738e-03
2.317428030073642731e-02
7.288880646228790283e-02
-1.424841582775115967e-02
2.470405772328376770e-02
2.548312582075595856e-02
4.294159263372421265e-02
-1.604779362678527832e-01
2.593815028667449951e-01
1.108506042510271072e-02
2.247579395771026611e-03
5.210776347666978836e-03
-1.903778463602066040e-01
-5.008462071418762207e-02
2.278185635805130005e-01
-2.112077735364437103e-02
-6.119927391409873962e-03
1.917663495987653732e-03
2.378566935658454895e-02
-8.561689406633377075e-02
1.150553859770298004e-02
-1.865567639470100403e-02
-2.330071525648236275e-03
2.210704050958156586e-02
6.862630136311054230e-03
6.278986483812332153e-02
4.876320064067840576e-02
-3.234500437974929810e-02
1.010643783956766129e-02
1.873798295855522156e-02
3.043215721845626831e-02
5.531455948948860168e-02
1.293121743947267532e-02
-1.544634550809860229e-01
6.677214801311492920e-02
5.972143262624740601e-02
1.028685551136732101e-02
-6.007628515362739563e-02
7.151511032134294510e-03
3.208547458052635193e-02
6.482785940170288086e-02
2.042825520038604736e-01
-1.106332316994667053e-01
-1.244304049760103226e-02
-7.948317378759384155e-02
1.828096434473991394e-02
2.840999886393547058e-02
-9.619587101042270660e-03
2.078865095973014832e-02
1.600427925586700439e-01
-1.029320955276489258e-01
-3.480977192521095276e-02
7.270123064517974854e-02
-5.865094438195228577e-02
-5.484400782734155655e-03
-1.763397455215454102e-02
-1.574703752994537354e-01
8.312807418406009674e-03
-2.186424657702445984e-02
8.299687504768371582e-02
-5.540206655859947205e-02
-4.875798895955085754e-02
5.207508802413940430e-03
-5.564711987972259521e-03
1.945669949054718018e-02
1.835493487305939198e-03
1.249678339809179306e-02
4.099937528371810913e-02
-1.969570526853203773e-03
4.429939389228820801e-02
-5.208224803209304810e-02
2.305557951331138611e-02
-8.383628726005554199e-02
-1.037776842713356018e-02
-8.874526619911193848e-02
-1.436884235590696335e-02
5.940709635615348816e-02
-3.926717489957809448e-02
-3.562514903023838997e-04
9.191913157701492310e-02
-8.592014014720916748e-02
2.058613114058971405e-02
6.306488811969757080e-02
-8.063014596700668335e-02
-3.519844263792037964e-02
-5.500161554664373398e-03
3.863434493541717529e-02
-1.097798720002174377e-01
1.439515501260757446e-01
-1.118156164884567261e-01
-7.651408016681671143e-02
-2.813774626702070236e-03
3.281633183360099792e-02
-3.078676760196685791e-02
1.827127113938331604e-02
-2.807548269629478455e-02
2.189065143465995789e-02
1.952783018350601196e-02
-1.216410379856824875e-02
1.380616128444671631e-01
1.950512267649173737e-02
-3.113446757197380066e-02
4.112270660698413849e-03
1.001200266182422638e-02
-2.433519624173641205e-02
-6.612651795148849487e-02
-1.057798415422439575e-01
-7.352983951568603516e-02
-7.058152556419372559e-02
4.505699500441551208e-02
5.537387728691101074e-02
-8.217336237430572510e-02
6.567974388599395752e-02
-8.784870058298110962e-02
-5.376949533820152283e-02
3.376555815339088440e-02
-4.332998767495155334e-02
-1.992052188143134117e-03
-1.671581342816352844e-02
-4.746004566550254822e-02
-1.185141131281852722e-01
8.027745038270950317e-02
-1.795312389731407166e-02
9.073256701231002808e-02
-1.734833815135061741e-03
-8.753626048564910889e-02
7.715588435530662537e-03
-1.072718109935522079e-02
1.214690059423446655e-01
-1.164988726377487183e-01
-5.180005356669425964e-02
-3.830338269472122192e-02
-1.094204634428024292e-01
1.670099645853042603e-01
9.320651739835739136e-02
-1.392961386591196060e-02
6.810143589973449707e-02
3.337008878588676453e-03
7.285831123590469360e-02
-8.557130582630634308e-03
-3.143940120935440063e-02
-5.336112901568412781e-02
-8.921664208173751831e-02
-9.346355497837066650e-02
1.511169597506523132e-02
3.973763063549995422e-02
1.212665885686874390e-01
-1.458857394754886627e-02
-3.412720933556556702e-02
1.915328390896320343e-02
-7.423179596662521362e-02
-8.424381725490093231e-03
-2.256869338452816010e-02
-7.721673697233200073e-02
-4.505286738276481628e-02
-2.570299245417118073e-02
-5.961314216256141663e-02
-1.448307652026414871e-02
-2.004824951291084290e-02
-7.045268267393112183e-02
-6.916968151926994324e-03
