-5.367873236536979675e-02
-8.456815779209136963e-02
-1.653631180524826050e-01
-7.167551666498184204e-02
-3.131847679615020752e-01
-6.567113995552062988e-01
-1.641562730073928833e-01
2.794324159622192383e-01
-1.194441616535186768e-01
-8.628626912832260132e-02
-3.685263693332672119e-01
-1.024593040347099304e-01
-4.814690649509429932e-01
-6.149186939001083374e-02
-1.502746790647506714e-01
-4.903603494167327881e-01
-4.012512564659118652e-01
-1.155222058296203613e-01
-1.803653538227081299e-01
-4.016324877738952637e-01
-5.422274470329284668e-01
-2.153886705636978149e-01
-2.939568273723125458e-02
-3.367024064064025879e-01
5.309171974658966064e-03
1.042690277099609375e-01
1.325663924217224121e-01
-1.533444374799728394e-01
3.346504569053649902e-01
7.695288956165313721e-02
-1.756590791046619415e-02
-5.243514776229858398e-01
-2.155479788780212402e-01
-6.343799829483032227e-02
-9.669291973114013672e-02
-5.177000164985656738e-01
-2.570314407348632812e-01
-3.258097767829895020e-01
-3.492176234722137451e-01
-3.084790110588073730e-01
1.186910793185234070e-01
-1.431410759687423706e-01
-1.366053074598312378e-01
-2.135209143161773682e-01
-1.052390217781066895e+00
5.214727520942687988e-01
-1.770671084523200989e-02
-4.079117178916931152e-01
1.523148864507675171e-01
-2.293441891670227051e-01
3.940226137638092041e-02
-4.750981330871582031e-01
3.747016191482543945e-02
-2.109116315841674805e-01
-3.526817560195922852e-01
-3.556509912014007568e-01
2.939574606716632843e-02
-1.758013963699340820e-01
-1.922760605812072754e-01
-2.870477437973022461e-01
2.926383912563323975e-01
-1.207227855920791626e-01
-2.841112613677978516e-01
3.559234365820884705e-02
-3.399155139923095703e-01
-8.110690116882324219e-02
-3.954279422760009766e-01
-6.156746745109558105e-01
-1.128206681460142136e-02
-3.341115117073059082e-01
1.218616403639316559e-02
-2.011101841926574707e-01
-2.550542354583740234e-01
1.545504480600357056e-01
3.215981423854827881e-01
1.388284377753734589e-02
-1.973171681165695190e-01
-4.628811478614807129e-01
-2.625780999660491943e-01
-3.590321242809295654e-01
7.963231950998306274e-02
5.483985692262649536e-02
1.446130424737930298e-01
-4.277371466159820557e-01
8.765138685703277588e-02
-4.105247259140014648e-01
-1.634149849414825439e-01
8.071348816156387329e-02
-2.512974143028259277e-01
-5.182760357856750488e-01
-4.841789007186889648e-01
-3.273202180862426758e-01
-5.648033618927001953e-01
1.490949243307113647e-01
-7.485074549913406372e-02
-1.048079133033752441e-01
-2.189971879124641418e-02
-3.500811755657196045e-02
-3.273685462772846222e-03
-3.782612681388854980e-01
-8.068007230758666992e-02
-1.744156032800674438e-01
-1.785765588283538818e-01
-2.116622179746627808e-01
2.249001115560531616e-01
-6.758747696876525879e-01
7.992260903120040894e-02
-9.099595993757247925e-02
-2.774738371372222900e-01
1.124373376369476318e-01
-1.795464605093002319e-01
-2.282444536685943604e-01
-6.838291287422180176e-01
-6.894416213035583496e-01
-5.412361621856689453e-01
-5.151436850428581238e-02
-5.115405842661857605e-02
-6.011362671852111816e-01
-4.009128212928771973e-01
4.965284466743469238e-02
-2.541960775852203369e-01
-3.326750397682189941e-01
-4.449771940708160400e-01
-1.816632300615310669e-01
5.471238493919372559e-01
-9.401706606149673462e-02
3.093275725841522217e-01
-9.930483251810073853e-02
-1.178084090352058411e-01
2.550466656684875488e-01
2.032690681517124176e-02
3.841551840305328369e-01
-6.355250477790832520e-01
8.177279680967330933e-02
-4.960351157933473587e-03
3.998700082302093506e-01
1.141483113169670105e-01
5.501351505517959595e-02
2.405278384685516357e-01
1.748147606849670410e-01
4.171801805496215820e-01
4.078558087348937988e-01
1.265971064567565918e-01
4.536651670932769775e-01
2.598712146282196045e-01
-7.178671658039093018e-02
3.441761732101440430e-01
4.929201006889343262e-01
3.137104213237762451e-01
-1.080624982714653015e-01
-4.126939177513122559e-02
1.490260064601898193e-01
-8.567773737013339996e-03
4.050711393356323242e-01
-1.113490238785743713e-01
2.938893437385559082e-01
-3.526458740234375000e-01
-3.928244411945343018e-01
-1.316498667001724243e-01
3.083700835704803467e-01
1.656297445297241211e-01
-9.065765142440795898e-02
2.020036429166793823e-01
2.713861167430877686e-01
4.122309088706970215e-01
1.777361929416656494e-01
2.271728217601776123e-01
2.047154903411865234e-01
7.723445445299148560e-02
-1.521866619586944580e-01
3.987493216991424561e-01
4.067355096340179443e-01
4.536210000514984131e-01
-5.016466975212097168e-01
-2.075604200363159180e-01
2.312415689229965210e-01
1.273654103279113770e-01
1.855728626251220703e-01
2.346274107694625854e-01
4.940897822380065918e-01
1.946201175451278687e-01
1.239838227629661560e-01
7.674259543418884277e-01
4.481353163719177246e-01
2.662703394889831543e-01
6.732489168643951416e-02
1.770114302635192871e-01
-6.120206117630004883e-01
-6.770612597465515137e-01
5.248066782951354980e-01
5.601789355278015137e-01
7.780428230762481689e-02
5.880919694900512695e-01
2.316609472036361694e-01
2.858252525329589844e-01
5.045428276062011719e-01
-1.781146973371505737e-02
6.876851916313171387e-01
1.753802597522735596e-01
2.878497838973999023e-01
5.999397039413452148e-01
-5.695090889930725098e-01
4.762417674064636230e-01
1.471119076013565063e-01
2.213883101940155029e-01
-8.546155877411365509e-03
2.960886657238006592e-01
1.598716676235198975e-01
-1.522431224584579468e-01
1.767455488443374634e-01
5.442256852984428406e-02
5.097931027412414551e-01
7.896848022937774658e-02
1.350764036178588867e-01
1.609451323747634888e-01
6.120228767395019531e-01
-1.044080629944801331e-01
5.124781131744384766e-01
2.756321430206298828e-01
1.233903095126152039e-01
5.311761498451232910e-01
3.897768259048461914e-01
4.436224400997161865e-01
1.630080491304397583e-02
2.478687167167663574e-01
3.399639129638671875e-01
2.199347913265228271e-01
3.060045242309570312e-01
5.705925822257995605e-01
3.088414669036865234e-01
-3.419592231512069702e-02
1.450108643621206284e-02
-3.083801269531250000e-01
6.085412502288818359e-01
-7.254924625158309937e-02
2.182731926441192627e-01
6.783464550971984863e-02
1.619783192873001099e-01
4.570924490690231323e-02
2.847304753959178925e-02
7.591063380241394043e-01
6.057741045951843262e-01
4.832824766635894775e-01
2.657581865787506104e-01
5.971594452857971191e-01
-2.784096170216798782e-03
3.718797564506530762e-01
3.597067296504974365e-01
2.501747757196426392e-02
5.762321352958679199e-01
3.662013635039329529e-02
-9.834370017051696777e-02
-8.018556237220764160e-01
2.635689079761505127e-01
3.754702210426330566e-02
2.271236628293991089e-01
-2.933747172355651855e-01
-4.017755687236785889e-01
1.538902372121810913e-01
-1.844263523817062378e-01
-1.747028343379497528e-02
1.451831758022308350e-01
1.945189386606216431e-01
5.304527282714843750e-01
1.845361292362213135e-02
-4.667963385581970215e-01
-1.175322234630584717e-01
-2.477238327264785767e-01
-2.115743756294250488e-01
-1.625743694603443146e-02
2.085482142865657806e-02
3.496598601341247559e-01
4.365410283207893372e-02
-2.590653486549854279e-02
-3.915808200836181641e-01
1.568352133035659790e-01
5.922567099332809448e-02
3.841787874698638916e-01
-4.741355404257774353e-02
-7.347659021615982056e-02
-3.025160729885101318e-01
2.700113058090209961e-01
4.339070320129394531e-01
-3.214824013411998749e-03
3.136614561080932617e-01
1.514921635389328003e-01
4.031275212764739990e-01
5.281597375869750977e-02
3.945797383785247803e-01
1.876146942377090454e-01
2.298594713211059570e-01
-5.627643316984176636e-02
-3.288222104310989380e-02
3.170334547758102417e-02
-1.661100834608078003e-01
-3.291085734963417053e-02
-1.529291570186614990e-01
3.239580094814300537e-01
-4.443418085575103760e-01
-2.737633287906646729e-01
-9.116896241903305054e-02
-1.919990181922912598e-01
-2.750427424907684326e-01
-8.723429590463638306e-02
1.491824537515640259e-01
-1.068994700908660889e-01
3.131898045539855957e-01
1.864966750144958496e-01
2.857510745525360107e-01
3.249784931540489197e-02
5.208775997161865234e-01
3.158681467175483704e-02
3.574253022670745850e-01
-2.522548846900463104e-02
-4.515771940350532532e-02
-1.678747385740280151e-01
-1.612175852060317993e-01
2.408915758132934570e-01
-2.415527403354644775e-01
4.028984904289245605e-01
3.164511919021606445e-02
1.002922281622886658e-01
-7.927104830741882324e-02
-2.546335458755493164e-01
-5.596539005637168884e-02
-1.546902060508728027e-01
2.076998203992843628e-01
-4.015076905488967896e-02
3.785765171051025391e-01
-1.679028570652008057e-01
-3.154068589210510254e-01
1.057230681180953979e-01
3.010904192924499512e-01
-2.276106327772140503e-01
3.553541898727416992e-01
2.770637571811676025e-01
2.001283019781112671e-01
-1.883371621370315552e-01
3.025788664817810059e-01
-7.745840400457382202e-02
-1.673313230276107788e-01
-1.291080471128225327e-02
2.695247232913970947e-01
3.884171843528747559e-01
2.761661633849143982e-02
1.057277917861938477e-01
-1.341690272092819214e-01
-1.501113474369049072e-01
-1.288106478750705719e-02
4.874574244022369385e-01
1.468190848827362061e-01
1.208664327859878540e-01
1.802111417055130005e-02
3.414810895919799805e-01
-3.144241869449615479e-01
-2.056020945310592651e-01
4.657122790813446045e-01
6.554792076349258423e-02
-2.623210474848747253e-02
-2.881912291049957275e-01
-4.947987198829650879e-02
1.718186140060424805e-01
4.539346992969512939e-01
2.747046649456024170e-01
2.507154941558837891e-01
1.201482415199279785e-01
-4.043010249733924866e-02
4.527301713824272156e-02
3.612748682498931885e-01
1.979250609874725342e-01
1.483580376952886581e-02
-3.152257949113845825e-02
-5.329889059066772461e-01
1.605309695005416870e-01
2.671796977519989014e-01
-1.582168787717819214e-01
-2.472487837076187134e-02
-2.926539862528443336e-03
1.653698682785034180e-01
5.721382796764373779e-03
2.802311815321445465e-02
3.472669720649719238e-01
-4.825752228498458862e-02
-3.426757082343101501e-02
7.390964031219482422e-01
3.724748790264129639e-01
3.421609103679656982e-02
4.282708838582038879e-02
4.081027209758758545e-01
3.230243623256683350e-01
1.146199405193328857e-01
4.693675935268402100e-01
1.752643436193466187e-01
2.138825803995132446e-01
-7.854783535003662109e-02
1.670973598957061768e-01
6.001120209693908691e-01
2.138020396232604980e-01
1.045257151126861572e-01
6.311759948730468750e-01
1.852471977472305298e-01
2.528178095817565918e-01
2.233267426490783691e-01
6.335644125938415527e-01
1.045845597982406616e-01
3.356495201587677002e-01
-3.117514541372656822e-03
3.805098831653594971e-01
1.425480604171752930e+00
-2.624828927218914032e-02
3.500856757164001465e-01
-2.963790856301784515e-02
9.672149419784545898e-01
3.673544824123382568e-01
4.231317639350891113e-01
4.857013747096061707e-02
2.316577136516571045e-01
1.122724637389183044e-01
5.932803153991699219e-01
3.571756482124328613e-01
5.550113320350646973e-01
-1.707461029291152954e-01
9.469509124755859375e-03
3.157759830355644226e-02
-1.401740312576293945e-01
1.138003775849938393e-03
4.022292494773864746e-01
2.586807012557983398e-01
3.967373669147491455e-01
5.740824341773986816e-01
5.384241938591003418e-01
2.559964358806610107e-01
-4.537982493638992310e-02
2.148893289268016815e-02
8.406731486320495605e-02
2.458305358886718750e-01
1.508034467697143555e-01
4.194695055484771729e-01
6.687824726104736328e-01
4.537903070449829102e-01
4.173196554183959961e-01
-1.257457770407199860e-02
8.499389141798019409e-02
7.874375581741333008e-01
8.291614651679992676e-01
3.406209647655487061e-01
4.595470130443572998e-01
3.980293869972229004e-01
4.414205849170684814e-01
-5.219667404890060425e-02
-1.514938771724700928e-01
1.856372207403182983e-01
-1.562366038560867310e-01
3.327160775661468506e-01
1.301162540912628174e-01
2.431294769048690796e-01
5.719264745712280273e-01
1.010627508163452148e+00
1.625680476427078247e-01
1.734876334667205811e-01
8.066698163747787476e-02
9.340802580118179321e-02
4.025175869464874268e-01
1.042670831084251404e-01
1.299320608377456665e-01
1.271912604570388794e-01
2.391177266836166382e-01
2.777335643768310547e-01
-4.494907259941101074e-01
3.684619367122650146e-01
3.120499849319458008e-01
1.941035389900207520e-01
1.174681633710861206e-01
2.917511761188507080e-01
4.451004862785339355e-01
-2.090550512075424194e-01
2.741857767105102539e-01
3.671574294567108154e-01
3.497805073857307434e-02
8.532867580652236938e-02
-5.300955846905708313e-02
5.593221783638000488e-01
4.249702990055084229e-01
5.621601343154907227e-01
4.410198628902435303e-01
-8.815252780914306641e-02
1.971726119518280029e-01
3.131490573287010193e-02
4.287436604499816895e-01
3.174684047698974609e-01
4.964366555213928223e-01
-3.139956295490264893e-02
-2.413745969533920288e-01
2.139178216457366943e-01
-6.115293875336647034e-02
2.188425511121749878e-01
3.070542812347412109e-01
9.233357757329940796e-02
1.860269457101821899e-01
9.658574312925338745e-02
4.169661104679107666e-01
4.269320070743560791e-01
1.563787013292312622e-01
1.732917875051498413e-01
2.321628481149673462e-01
4.436113536357879639e-01
-1.743947714567184448e-02
1.876543611288070679e-01
7.637033462524414062e-01
-2.093873172998428345e-02
-3.346158862113952637e-01
4.087981581687927246e-01
