-1.603212207555770874e-01
-1.915530115365982056e-01
3.030069470405578613e-01
2.320298254489898682e-01
2.480609565973281860e-01
-3.171727061271667480e-01
9.833936393260955811e-02
2.028949260711669922e-01
-1.177784800529479980e-01
-1.190685257315635681e-01
2.322112470865249634e-01
-5.214232020080089569e-03
-4.761645942926406860e-02
6.169636249542236328e-01
-7.396305352449417114e-02
-8.211407065391540527e-02
1.596896052360534668e-01
-1.898176372051239014e-01
6.476852297782897949e-02
-1.379905790090560913e-01
-2.394261360168457031e-01
6.249263882637023926e-01
1.085760742425918579e-01
-1.907542720437049866e-02
-2.681349776685237885e-02
-1.869235783815383911e-01
-1.809288561344146729e-01
1.466764062643051147e-01
9.219042956829071045e-02
-1.524902731180191040e-01
5.001561343669891357e-02
5.558872129768133163e-03
-2.070069611072540283e-01
1.504259854555130005e-01
-4.390789195895195007e-02
3.392947912216186523e-01
-1.936521381139755249e-01
1.976991444826126099e-01
3.413484692573547363e-01
4.073978364467620850e-01
1.024612262845039368e-01
5.818882584571838379e-01
-2.881713025271892548e-02
-3.040054738521575928e-01
2.978497147560119629e-01
9.322120994329452515e-02
2.162912935018539429e-01
2.807103097438812256e-01
3.319719731807708740e-01
-5.378121044486761093e-03
-1.666519641876220703e-01
1.107316091656684875e-01
-4.121804237365722656e-01
3.426326215267181396e-01
2.550895512104034424e-02
7.414490580558776855e-01
2.817551977932453156e-02
4.380745589733123779e-01
4.231418669223785400e-01
1.835394620895385742e+00
9.112130850553512573e-02
5.205543637275695801e-01
-2.972712814807891846e-01
-1.587935388088226318e-01
3.859076797962188721e-01
1.564857363700866699e-01
2.843418419361114502e-01
4.971642792224884033e-01
3.488997817039489746e-01
4.844885468482971191e-01
3.142718374729156494e-01
-1.794623136520385742e-01
2.355428934097290039e-01
1.514474302530288696e-01
2.759709358215332031e-01
2.965402901172637939e-01
1.968467533588409424e-01
2.288908511400222778e-01
4.406670928001403809e-01
1.254822909832000732e-01
3.043233975768089294e-02
2.940235733985900879e-01
1.186100915074348450e-01
8.671055734157562256e-02
1.073994711041450500e-01
-1.156066879630088806e-01
2.797548770904541016e-01
1.882549673318862915e-01
1.789078265428543091e-01
3.484273850917816162e-01
2.455394715070724487e-01
2.114987820386886597e-01
1.624142676591873169e-01
2.319905310869216919e-01
2.054859101772308350e-01
4.898457601666450500e-02
2.585273981094360352e-01
1.828386038541793823e-01
7.546330988407135010e-02
7.430762052536010742e-02
8.013454079627990723e-01
1.485247611999511719e-01
2.448241114616394043e-01
1.666935235261917114e-01
1.483353376388549805e-01
5.404224619269371033e-02
2.325058728456497192e-01
3.698420226573944092e-01
-2.832558751106262207e-02
3.648552298545837402e-01
2.703272104263305664e-01
9.686700999736785889e-02
3.925924301147460938e-01
2.301989048719406128e-01
9.379487484693527222e-02
-1.530650109052658081e-01
-1.955947726964950562e-01
-2.839924991130828857e-01
1.605878025293350220e-01
-1.347240209579467773e-01
6.986901164054870605e-02
-1.880410313606262207e-02
1.537061929702758789e-01
4.819489717483520508e-01
2.312426567077636719e-01
2.971272468566894531e-01
3.182448744773864746e-01
4.573291540145874023e-01
1.938137859106063843e-01
-1.584215648472309113e-02
-2.689250111579895020e-01
-2.780404314398765564e-02
1.641893684864044189e-01
1.101995781064033508e-01
-2.110821753740310669e-01
4.441550746560096741e-02
1.559612601995468140e-01
-9.311033785343170166e-02
4.625233709812164307e-01
-4.568942785263061523e-01
1.434289813041687012e-01
-2.894558385014533997e-02
2.056582719087600708e-01
1.786545664072036743e-01
-1.045560091733932495e-01
5.327248573303222656e-02
1.039077118039131165e-01
-1.139818653464317322e-01
-1.844982504844665527e-01
3.130161017179489136e-02
1.112465411424636841e-01
-1.646504998207092285e-01
1.339685469865798950e-01
1.064608767628669739e-01
-9.940768033266067505e-02
-9.598741680383682251e-02
4.621906578540802002e-02
3.233450651168823242e-01
-1.348332762718200684e-01
-3.924506306648254395e-01
3.531448310241103172e-03
6.007586792111396790e-02
-4.606233537197113037e-02
1.121433004736900330e-01
-1.594540625810623169e-01
1.005288884043693542e-01
3.581055626273155212e-02
-1.794843226671218872e-01
2.246582955121994019e-01
-2.332212775945663452e-02
2.311697900295257568e-01
-1.257673054933547974e-01
-1.204207390546798706e-01
7.516937702894210815e-02
-2.063530310988426208e-02
1.705559939146041870e-01
-2.253084033727645874e-01
1.871217601001262665e-02
4.799395799636840820e-02
3.728301962837576866e-03
-4.662229865789413452e-02
1.466940492391586304e-01
5.084816217422485352e-01
2.559369504451751709e-01
1.312321275472640991e-01
1.464847773313522339e-01
-7.395215798169374466e-03
-1.775595545768737793e-01
-5.485077854245901108e-03
-4.021537601947784424e-01
-8.935762941837310791e-02
-1.272621303796768188e-01
1.494136601686477661e-01
2.151210308074951172e-01
6.000284552574157715e-01
5.590884685516357422e-01
2.670023441314697266e-01
6.474691629409790039e-01
1.484340131282806396e-01
3.271562457084655762e-01
3.088763654232025146e-01
7.085330486297607422e-01
1.330542206764221191e+00
3.588575422763824463e-01
2.228079438209533691e-01
-9.186024218797683716e-02
2.449289262294769287e-01
2.262666970491409302e-01
6.068365573883056641e-01
-2.906170189380645752e-01
1.375652104616165161e-01
3.453675508499145508e-01
4.679742455482482910e-01
7.593740224838256836e-01
1.083512883633375168e-02
3.020044267177581787e-01
3.399021029472351074e-01
-1.282791048288345337e-01
2.446685880422592163e-01
1.481402963399887085e-01
4.155620038509368896e-01
5.449365973472595215e-01
4.040862619876861572e-01
6.892292499542236328e-01
3.749098777770996094e-01
1.300031691789627075e-01
1.859036087989807129e-01
2.195305563509464264e-02
9.885817766189575195e-01
-4.594206344336271286e-03
3.490794599056243896e-01
4.377664327621459961e-01
-4.407984614372253418e-01
2.344076484441757202e-01
1.750278025865554810e-01
1.460922509431838989e-01
4.476145207881927490e-01
2.365223616361618042e-01
4.710270464420318604e-01
4.978562593460083008e-01
2.842969000339508057e-01
2.539492249488830566e-01
2.015735954046249390e-01
1.001801714301109314e-01
-2.896577417850494385e-01
2.528180181980133057e-01
7.975839376449584961e-01
4.687883555889129639e-01
8.368191123008728027e-01
5.569767355918884277e-01
6.373081803321838379e-01
8.166258335113525391e-01
1.708267033100128174e-01
5.357945561408996582e-01
1.830493211746215820e-01
4.381530731916427612e-02
