-3.541415929794311523e-01
5.119128897786140442e-02
-2.753879874944686890e-02
-1.671604216098785400e-01
-2.941156923770904541e-01
-2.698369026184082031e-01
-1.282952278852462769e-01
-2.210309654474258423e-01
-4.452741146087646484e-01
-1.997977048158645630e-01
-2.197149097919464111e-01
3.342995792627334595e-02
-5.962532162666320801e-01
-1.918936818838119507e-01
-2.393264323472976685e-01
-4.139039814472198486e-01
1.806348711252212524e-01
1.898581832647323608e-01
-8.443346619606018066e-02
-1.688933521509170532e-01
3.547387570142745972e-02
-1.085520833730697632e-01
-1.551467925310134888e-01
-4.274835065007209778e-02
1.356206834316253662e-01
-3.890455365180969238e-01
-1.756352931261062622e-01
-1.292024850845336914e-01
-7.474715709686279297e-01
-4.650924727320671082e-02
2.648336254060268402e-02
-2.397565841674804688e-01
-3.119257688522338867e-01
-1.831132322549819946e-01
2.439435198903083801e-02
-4.607478082180023193e-01
-4.209145903587341309e-02
-3.828253149986267090e-01
-3.758091479539871216e-02
-2.728314995765686035e-01
-6.951581686735153198e-03
-3.828816115856170654e-01
-1.031107828021049500e-01
9.732768684625625610e-02
-2.291953414678573608e-01
-4.542614798992872238e-03
1.238723695278167725e-01
-4.966620802879333496e-01
9.947089850902557373e-02
-2.651217766106128693e-02
-3.503247797489166260e-01
-2.982718944549560547e-01
-3.879177272319793701e-01
1.503401901572942734e-02
-2.031543403863906860e-01
1.500783711671829224e-01
2.935568392276763916e-01
4.089218378067016602e-02
-5.676868557929992676e-01
-1.805627197027206421e-01
-1.258757263422012329e-01
-5.618806481361389160e-01
-5.229043960571289062e-01
-6.074715256690979004e-01
2.301650196313858032e-01
-4.496496319770812988e-01
1.892850250005722046e-01
-3.633183836936950684e-01
-2.263896726071834564e-02
-4.944393336772918701e-01
-2.506152540445327759e-02
-3.112496435642242432e-01
5.034277960658073425e-02
-3.027439117431640625e-01
-7.820142805576324463e-02
-2.477164566516876221e-01
4.259639978408813477e-02
-2.819568812847137451e-01
-2.159153819084167480e-01
-5.028794407844543457e-01
-6.015442609786987305e-01
1.028437465429306030e-01
-2.874472737312316895e-01
-2.031625956296920776e-01
-2.690608799457550049e-01
-1.686258167028427124e-01
-3.749276399612426758e-01
9.040357917547225952e-02
7.210704684257507324e-02
-1.641413122415542603e-01
-6.342304348945617676e-01
-4.552566632628440857e-02
-2.544906139373779297e-01
-1.420827507972717285e-01
-3.077015578746795654e-01
-2.780164182186126709e-01
-6.193806231021881104e-02
-3.756102025508880615e-01
-2.846628427505493164e-02
-1.787147670984268188e-01
-8.458227664232254028e-02
-2.500862777233123779e-01
2.275373786687850952e-01
2.306000292301177979e-01
5.836590006947517395e-02
-4.867352172732353210e-02
-3.735364079475402832e-01
-1.611287891864776611e-01
-2.054150998592376709e-01
-7.009809464216232300e-02
-2.614696919918060303e-01
-1.238774508237838745e-01
-2.116202414035797119e-01
-1.879527270793914795e-01
-3.652375936508178711e-02
9.491563588380813599e-02
-1.301129311323165894e-01
8.743290603160858154e-02
-5.193189978599548340e-01
-2.469903081655502319e-01
-2.149489820003509521e-01
-2.343880385160446167e-01
-5.668931081891059875e-02
2.406380772590637207e-01
-1.003888398408889771e-01
-1.642169505357742310e-01
-2.993018329143524170e-01
5.894638597965240479e-02
2.009059190750122070e-01
2.522599697113037109e-01
1.646869778633117676e-01
1.162503752857446671e-02
2.310924530029296875e-01
-4.472724162042140961e-03
2.912490395829081535e-03
3.563519716262817383e-01
6.695881485939025879e-01
1.887616813182830811e-01
1.161388978362083435e-01
-5.297312140464782715e-01
2.489658594131469727e-01
1.983349919319152832e-01
3.119566142559051514e-01
3.705970644950866699e-01
1.218541264533996582e-01
-1.361876167356967926e-02
-1.072694435715675354e-01
4.486703500151634216e-02
-2.576183974742889404e-01
5.410131998360157013e-03
1.119556427001953125e-01
6.245559081435203552e-02
6.294321268796920776e-02
-3.050608932971954346e-01
2.812392711639404297e-01
-5.831454992294311523e-01
9.224955439567565918e-01
2.628102004528045654e-01
3.683337196707725525e-02
1.507868468761444092e-01
1.640563309192657471e-01
2.348945587873458862e-01
1.757403612136840820e-01
4.430092871189117432e-01
1.396167427301406860e-01
3.153253793716430664e-01
2.698862366378307343e-02
1.865712404251098633e-01
-5.593424290418624878e-02
4.335374534130096436e-01
2.015329599380493164e-01
4.209225252270698547e-02
8.178163319826126099e-02
-6.206959486007690430e-01
1.468198150396347046e-01
2.749075591564178467e-01
8.220685645937919617e-03
7.434800267219543457e-02
5.310150384902954102e-01
3.054281473159790039e-01
-9.980007261037826538e-02
-8.784992247819900513e-02
-3.374391049146652222e-02
2.098176181316375732e-01
6.982517987489700317e-02
7.355123013257980347e-02
9.874419867992401123e-02
5.229439586400985718e-02
1.711024791002273560e-01
5.082651972770690918e-01
3.281799256801605225e-01
3.521175086498260498e-01
-2.519429922103881836e-01
4.692135751247406006e-01
-2.288171947002410889e-01
2.110788524150848389e-01
2.541158199310302734e-01
2.895120978355407715e-01
2.292306274175643921e-01
1.312865316867828369e-01
-1.117673143744468689e-01
-2.307335473597049713e-02
1.341424882411956787e-01
8.550724387168884277e-02
2.408882826566696167e-01
1.862129569053649902e-01
-1.833403855562210083e-01
1.444666087627410889e-01
4.501187503337860107e-01
-3.371969163417816162e-01
1.681899130344390869e-01
2.263646125793457031e-01
3.361945748329162598e-01
-9.695906192064285278e-02
1.218900233507156372e-01
-1.890710443258285522e-01
9.126501530408859253e-02
1.237647160887718201e-01
2.348209619522094727e-01
3.542333543300628662e-01
4.952919483184814453e-02
3.527515828609466553e-01
4.082268849015235901e-02
2.330673635005950928e-01
1.065770536661148071e-01
2.663416266441345215e-01
2.365124225616455078e-01
1.316641867160797119e-01
3.841364085674285889e-01
4.695354402065277100e-01
-1.775044351816177368e-01
3.514612317085266113e-01
2.765857279300689697e-01
1.164730638265609741e-01
1.453161835670471191e-01
8.989415131509304047e-03
-1.413873583078384399e-01
6.362979859113693237e-02
1.409388929605484009e-01
2.702657580375671387e-01
2.282859385013580322e-01
3.014550805091857910e-01
4.865122139453887939e-01
2.045543789863586426e-01
3.277996778488159180e-01
3.607407510280609131e-01
3.603837490081787109e-01
8.408144116401672363e-02
2.736566402018070221e-02
3.151409924030303955e-01
1.966819465160369873e-01
-2.546733617782592773e-01
3.353033065795898438e-01
5.829555541276931763e-02
2.003184407949447632e-01
1.231512799859046936e-01
-5.112847313284873962e-02
-1.101455911993980408e-01
-1.120373904705047607e-01
1.649519056081771851e-01
-4.762366414070129395e-02
-8.369246125221252441e-02
-5.151291191577911377e-02
2.430976033210754395e-01
3.676120890304446220e-03
1.027118861675262451e-01
2.944978177547454834e-01
-1.887735128402709961e-01
1.834333874285221100e-02
-7.484351843595504761e-02
-2.392091006040573120e-01
1.249133348464965820e-01
2.916688024997711182e-01
-6.447466462850570679e-02
1.540861874818801880e-01
-1.412382870912551880e-01
-1.675648540258407593e-01
-1.434375643730163574e-01
1.156549826264381409e-01
1.889662593603134155e-01
6.901933811604976654e-03
1.763757318258285522e-01
1.179364696145057678e-02
-9.096266329288482666e-02
-7.871470600366592407e-02
-1.439965218305587769e-01
1.796560883522033691e-01
-1.673745065927505493e-01
1.273792833089828491e-01
3.530125617980957031e-01
1.378669310361146927e-02
2.186438888311386108e-01
-4.733847975730895996e-01
8.025000244379043579e-02
-1.517635653726756573e-03
-3.365049883723258972e-02
-1.825096607208251953e-01
-1.241805776953697205e-01
-5.557261034846305847e-02
-3.056765794754028320e-01
-1.613922268152236938e-01
-2.544453740119934082e-01
-5.817162990570068359e-02
3.803370147943496704e-02
-1.790723646990954876e-03
-2.815797924995422363e-01
-1.128171235322952271e-01
3.117235936224460602e-02
9.096311032772064209e-02
1.165121048688888550e-01
8.194331079721450806e-02
2.760408818721771240e-01
1.932806670665740967e-01
-2.864741981029510498e-01
-2.664422802627086639e-02
-2.139846831560134888e-01
1.142344847321510315e-01
2.874933779239654541e-01
1.596361696720123291e-01
-4.048782214522361755e-02
1.432920247316360474e-01
6.562798470258712769e-02
-2.216517329216003418e-01
-1.005666926503181458e-01
-2.393708229064941406e-01
-1.271771341562271118e-01
-1.491675525903701782e-01
4.856942221522331238e-02
-3.721276298165321350e-02
8.977805078029632568e-02
-6.053335964679718018e-02
-2.886780202388763428e-01
2.919366769492626190e-02
1.450599431991577148e-01
-1.648872159421443939e-02
1.720618158578872681e-01
-4.725742619484663010e-04
1.165872439742088318e-02
4.094892367720603943e-02
4.878676310181617737e-02
4.711921513080596924e-02
-2.042576819658279419e-01
9.753940254449844360e-02
-2.168729528784751892e-02
9.407873265445232391e-03
-6.078703701496124268e-02
4.736776649951934814e-02
-1.971844434738159180e-01
5.616564303636550903e-02
2.544801831245422363e-01
-5.749538913369178772e-02
-2.809088528156280518e-01
-7.709216326475143433e-02
-3.878990709781646729e-01
1.949868500232696533e-01
-2.773678004741668701e-01
-3.399027884006500244e-01
-7.231964170932769775e-02
-1.229226216673851013e-01
-5.821992754936218262e-01
4.442114830017089844e-01
-7.787188142538070679e-02
-4.309026151895523071e-02
1.435320526361465454e-01
1.187780350446701050e-01
-1.464065164327621460e-01
-6.005455553531646729e-02
1.073296442627906799e-01
-5.974835157394409180e-02
1.484782844781875610e-01
3.566125035285949707e-01
2.673829495906829834e-01
-2.335884720087051392e-01
-2.779875099658966064e-01
1.156392544507980347e-01
1.057997345924377441e-02
1.485421657562255859e-01
1.324854884296655655e-02
8.293075114488601685e-02
-7.771765440702438354e-02
1.320966426283121109e-02
-8.067945390939712524e-02
-3.999960720539093018e-01
-1.419585347175598145e-01
2.366639077663421631e-01
8.562381565570831299e-02
1.069369167089462280e-01
3.277193009853363037e-01
1.039343401789665222e-01
1.372185051441192627e-01
1.301255226135253906e-01
4.265159666538238525e-01
6.769950985908508301e-01
2.132318615913391113e-01
-2.267637755721807480e-03
6.278684139251708984e-01
3.675027489662170410e-01
2.401825934648513794e-01
1.418265700340270996e-01
1.783500909805297852e-01
2.069618552923202515e-01
7.019226998090744019e-02
5.363389253616333008e-01
2.389904558658599854e-01
-1.705158352851867676e-01
4.197552800178527832e-02
1.017236709594726562e-01
2.805893421173095703e-01
1.070110499858856201e-01
2.049188166856765747e-01
7.298061996698379517e-02
4.162220656871795654e-01
4.752383232116699219e-01
1.342809498310089111e-01
4.323289394378662109e-01
2.339514493942260742e-01
1.300819069147109985e-01
1.455597132444381714e-01
1.214450076222419739e-01
3.487629890441894531e-01
2.061508446931838989e-01
1.760408878326416016e-01
4.549033939838409424e-02
1.377311050891876221e-01
2.291409820318222046e-01
6.850858777761459351e-02
3.579459711909294128e-02
-1.989135146141052246e-01
1.628584712743759155e-01
6.623845696449279785e-01
1.446059644222259521e-01
3.031874895095825195e-01
-3.320028632879257202e-02
-3.239197283983230591e-02
4.764204323291778564e-01
5.292785167694091797e-01
2.975245714187622070e-01
2.011189796030521393e-02
5.126253888010978699e-02
4.270427227020263672e-01
1.034826561808586121e-01
1.782940700650215149e-02
1.456429809331893921e-01
-9.236183948814868927e-03
3.679467439651489258e-01
4.016402363777160645e-01
1.870054453611373901e-01
-1.864912547171115875e-02
6.593316197395324707e-01
2.357243746519088745e-01
4.799952805042266846e-01
2.713158130645751953e-01
2.765024006366729736e-01
-3.851850330829620361e-02
9.743621572852134705e-03
4.372094199061393738e-02
-7.279808819293975830e-02
1.064699366688728333e-01
-3.116078209131956100e-03
1.799885183572769165e-01
3.181840181350708008e-01
1.556276828050613403e-01
6.320744156837463379e-01
-1.205175444483757019e-01
2.509614527225494385e-01
1.099705919623374939e-01
5.163680315017700195e-01
-2.242889441549777985e-02
2.338677793741226196e-01
3.797373771667480469e-01
2.666059434413909912e-01
5.620946735143661499e-02
5.282782316207885742e-01
4.407510533928871155e-02
1.315578818321228027e-01
4.920409321784973145e-01
1.030740588903427124e-01
4.475159943103790283e-01
4.902309551835060120e-02
4.921192675828933716e-02
-7.342903316020965576e-02
2.868816852569580078e-01
2.821221053600311279e-01
7.547196000814437866e-02
3.047294616699218750e-01
2.153203040361404419e-01
3.208923041820526123e-01
1.295723617076873779e-01
5.741100311279296875e-01
1.130983512848615646e-02
-3.223068267107009888e-02
2.572979331016540527e-01
-1.175767183303833008e-01
6.982074379920959473e-01
3.469865024089813232e-02
2.134076505899429321e-01
1.717340946197509766e-02
1.641811616718769073e-02
2.428893446922302246e-01
3.006088733673095703e-01
3.971275687217712402e-01
5.897020697593688965e-01
-8.293263614177703857e-03
1.490495353937149048e-01
2.465527206659317017e-01
1.262036561965942383e-01
2.536733634769916534e-02
6.266026496887207031e-01
2.270211428403854370e-01
3.069484978914260864e-02
2.635256052017211914e-01
3.856188356876373291e-01
