3.828712552785873413e-02
-1.007954850792884827e-01
7.525210082530975342e-02
5.988351628184318542e-02
9.137351810932159424e-02
-3.342688828706741333e-02
-7.429791614413261414e-03
-8.884939551353454590e-02
4.073972254991531372e-02
-5.419074092060327530e-03
-8.863338083028793335e-02
4.112171754240989685e-02
1.023377850651741028e-01
5.702056922018527985e-03
-1.132926419377326965e-01
-1.460346430540084839e-01
5.272923735901713371e-04
1.257538422942161560e-02
-1.046705394983291626e-01
-4.223099350929260254e-02
-1.598471216857433319e-02
1.603022515773773193e-01
7.880713790655136108e-03
-1.309741139411926270e-01
-4.038067534565925598e-03
2.044053934514522552e-02
6.886905431747436523e-02
7.242991030216217041e-02
4.640325438231229782e-03
4.666614532470703125e-02
-1.594064943492412567e-02
5.476423352956771851e-02
2.443132689222693443e-03
3.486169502139091492e-02
-1.619227789342403412e-02
7.701344043016433716e-02
-3.368361294269561768e-02
4.469367489218711853e-02
6.765762373106554151e-05
4.887358471751213074e-02
-1.033359989523887634e-01
1.815204694867134094e-02
7.996889203786849976e-02
6.198936700820922852e-02
-1.535500958561897278e-02
-4.362725187093019485e-03
4.051527008414268494e-02
-2.161399275064468384e-02
-3.591934219002723694e-02
2.153305336833000183e-02
1.551765296608209610e-02
-3.287210687994956970e-02
-6.505524367094039917e-02
1.154062524437904358e-01
-2.825180068612098694e-02
-2.625700458884239197e-02
-1.620613224804401398e-02
-2.086582221090793610e-02
-7.591940462589263916e-02
-1.285585314035415649e-01
-6.680735945701599121e-02
-6.514176726341247559e-02
5.736529454588890076e-02
-5.871986970305442810e-03
-1.696690917015075684e-02
-5.128707736730575562e-02
2.714480087161064148e-02
4.448333010077476501e-02
-7.814366370439529419e-02
-1.248234361410140991e-01
-3.098709322512149811e-02
6.307484209537506104e-02
5.870027840137481689e-02
1.875692605972290039e-01
-9.920139610767364502e-02
1.078099128790199757e-03
-4.479225724935531616e-03
-5.027242749929428101e-02
-3.467838838696479797e-02
5.816883966326713562e-02
1.512376684695482254e-02
-8.438406884670257568e-02
-3.645602380856871605e-03
1.167016029357910156e-01
6.580552086234092712e-03
-8.816316723823547363e-02
1.982033066451549530e-02
3.428822383284568787e-02
2.559505775570869446e-02
9.754507243633270264e-02
-7.443425804376602173e-02
4.469588771462440491e-02
-2.472496218979358673e-02
6.528946757316589355e-02
-8.432335406541824341e-02
3.775569424033164978e-02
3.614149987697601318e-02
5.880065262317657471e-02
7.657133042812347412e-02
2.107537165284156799e-02
4.326913133263587952e-02
-6.390569359064102173e-02
1.006884574890136719e-01
1.148095447570085526e-02
9.444645605981349945e-03
3.263378888368606567e-02
-1.369656771421432495e-01
9.261240065097808838e-02
1.727910339832305908e-01
1.764418184757232666e-02
-6.907414644956588745e-03
4.022184759378433228e-02
-5.922850687056779861e-03
8.735920488834381104e-02
4.465207085013389587e-02
-4.898405447602272034e-02
-1.322965770959854126e-01
-8.035296574234962463e-03
1.705728471279144287e-02
5.470029637217521667e-02
9.635978192090988159e-02
-4.023694992065429688e-02
-2.586016803979873657e-02
-3.092463361099362373e-03
-1.767153441905975342e-01
7.879479229450225830e-02
4.215883836150169373e-02
3.926818072795867920e-02
-3.824364766478538513e-02
9.425581991672515869e-02
4.632814973592758179e-02
7.200794667005538940e-02
-3.704197332262992859e-02
1.238450966775417328e-02
-1.022097244858741760e-01
-1.688882475718855858e-03
-1.409913003444671631e-01
-7.023796439170837402e-02
2.218473106622695923e-01
-7.279670797288417816e-03
4.053046181797981262e-02
1.035134028643369675e-02
4.012865200638771057e-02
-4.635601490736007690e-02
1.068549603223800659e-01
3.407742455601692200e-02
1.292975153774023056e-02
-3.931869752705097198e-03
-5.159369483590126038e-02
-1.215829513967037201e-02
5.376195535063743591e-02
5.911784991621971130e-02
9.895265847444534302e-02
-4.603937733918428421e-03
1.537673473358154297e-01
-9.383075870573520660e-03
2.653659693896770477e-02
4.732750356197357178e-02
-9.659616649150848389e-02
-2.654272876679897308e-02
-1.872090063989162445e-02
5.402103438973426819e-02
9.933664649724960327e-02
-1.786788925528526306e-02
1.101810112595558167e-02
-2.130319178104400635e-02
3.607721300795674324e-03
1.664764434099197388e-01
5.930248275399208069e-02
5.125790089368820190e-02
2.544911950826644897e-02
1.016477420926094055e-01
1.029548123478889465e-01
1.138875186443328857e-01
-1.465751696377992630e-02
-1.791077293455600739e-02
1.074182242155075073e-01
1.292425859719514847e-02
6.313259899616241455e-02
-7.899748533964157104e-02
-4.620982334017753601e-02
4.232048243284225464e-02
-4.054662585258483887e-02
4.829778522253036499e-02
-5.284331366419792175e-02
7.148716598749160767e-02
4.230329394340515137e-02
1.494211703538894653e-01
2.779702097177505493e-02
3.123159112874418497e-04
-5.300920829176902771e-02
2.917164862155914307e-01
-3.231518715620040894e-02
3.274326026439666748e-02
6.167524843476712704e-04
1.640580222010612488e-02
-5.596385151147842407e-02
1.324292272329330444e-02
2.339308336377143860e-02
2.185896784067153931e-02
