2.383576393127441406e+00
1.617890596389770508e+00
1.065915203094482422e+01
9.828490018844604492e-01
2.797670602798461914e+00
7.502519488334655762e-01
1.057526707649230957e+00
5.627796649932861328e-01
8.410366624593734741e-02
9.368280768394470215e-01
1.639834880828857422e+00
8.900308012962341309e-01
1.843153953552246094e+00
1.194740772247314453e+00
1.584670662879943848e+00
4.637321472167968750e+00
1.511628985404968262e+00
1.625114679336547852e-01
1.931045722961425781e+01
2.229502439498901367e+00
8.751844763755798340e-01
3.297958374023437500e+00
2.021342086791992188e+01
2.048338127136230469e+01
-3.875079154968261719e-01
9.928727746009826660e-01
-5.614093691110610962e-02
5.718342661857604980e-01
8.522925972938537598e-01
1.505508661270141602e+00
1.901404023170471191e+00
2.424668550491333008e+00
1.192966699600219727e+00
-1.551827490329742432e-01
1.272312164306640625e+00
6.467540562152862549e-02
3.187625885009765625e+00
4.624269008636474609e+00
4.160431623458862305e-01
7.635935395956039429e-02
7.855734825134277344e-01
5.622591972351074219e-01
1.810429394245147705e-01
2.238588571548461914e+00
9.440597891807556152e-01
1.029425024986267090e+00
3.127237558364868164e-01
2.016528320312500000e+01
4.970005154609680176e-01
5.513556003570556641e+00
8.566049933433532715e-01
1.019936800003051758e+00
1.220477819442749023e+00
1.407347917556762695e+00
1.198999524116516113e+00
3.169393539428710938e+00
1.009957313537597656e+00
1.466004014015197754e+00
3.330001831054687500e+00
1.544080924987792969e+01
5.220516681671142578e+00
1.479888677597045898e+00
2.607297897338867188e+00
1.260358572006225586e+00
5.305793881416320801e-01
1.265118122100830078e+00
1.380681872367858887e+00
1.530420541763305664e+00
-4.279969334602355957e-01
2.163098573684692383e+00
1.222823333740234375e+01
-1.055088117718696594e-01
5.360725879669189453e+00
1.953572273254394531e+01
2.079741477966308594e+01
2.575162053108215332e-01
2.194424867630004883e+00
1.172883510589599609e+00
3.714740514755249023e+00
1.558455085754394531e+01
2.085398674011230469e+00
4.887463092803955078e+00
8.693064749240875244e-02
1.115019798278808594e+00
1.693970799446105957e+00
1.497492909431457520e+00
4.136362075805664062e-01
2.247653245925903320e+00
3.056494474411010742e+00
1.313894987106323242e+00
9.943409562110900879e-01
1.239268779754638672e+00
1.253220677375793457e+00
9.191145300865173340e-01
1.474731349945068359e+01
3.557136058807373047e+00
2.784973978996276855e-01
1.571733856201171875e+01
1.202768087387084961e+00
1.490610837936401367e+00
1.731143712997436523e+00
2.961009979248046875e+00
1.330950498580932617e+00
1.045592188835144043e+00
9.979358315467834473e-01
3.732212483882904053e-01
6.897216290235519409e-02
1.929764628410339355e+00
1.837100625038146973e+00
2.134162139892578125e+01
8.610658645629882812e-01
1.114772200584411621e+00
8.666012883186340332e-01
-7.997581958770751953e-01
1.636287808418273926e+00
8.322781920433044434e-01
1.155724525451660156e+01
8.720814585685729980e-01
4.846895933151245117e-01
1.302287578582763672e+00
1.470432400703430176e+00
1.197527527809143066e+00
4.700314521789550781e+00
-7.255392521619796753e-02
5.402613639831542969e+00
5.205962657928466797e-01
1.431312942504882812e+01
2.098347425460815430e+00
6.042712211608886719e+00
6.349738240242004395e-01
1.392339468002319336e+00
2.058355903625488281e+01
3.405943140387535095e-02
8.468122482299804688e-01
-3.237841129302978516e-01
2.978645563125610352e+00
5.435925960540771484e+00
1.002880215644836426e+00
-5.447020530700683594e-01
1.710954189300537109e+00
4.710222721099853516e+00
1.573232412338256836e+00
2.571034133434295654e-01
2.380177497863769531e+00
1.363272070884704590e-01
4.713607788085937500e+00
1.710187554359436035e+00
1.319579601287841797e+00
4.139285534620285034e-02
3.254235029220581055e+00
1.330617308616638184e+00
4.673781096935272217e-01
3.708644866943359375e+00
1.641935825347900391e+00
2.222074747085571289e+00
3.375863075256347656e+00
7.340229988098144531e+00
1.918700575828552246e+00
1.026239871978759766e+00
1.030636310577392578e+00
6.388415098190307617e-01
5.939219474792480469e+00
9.603251218795776367e-01
1.125223159790039062e+00
1.458393692970275879e+00
1.906746268272399902e+00
1.270786523818969727e+00
1.521925777196884155e-01
1.757278203964233398e+00
1.109299182891845703e+00
1.296133279800415039e+00
1.785133481025695801e-01
1.887030959129333496e+00
3.195152997970581055e+00
1.171582102775573730e+00
1.156028032302856445e+00
3.135658979415893555e+00
1.356685400009155273e+00
7.224066257476806641e-01
1.870016098022460938e+00
2.948185801506042480e-01
1.973793983459472656e+00
1.109416484832763672e+00
2.507386445999145508e+00
1.676831364631652832e+00
1.565698266029357910e+00
1.372793793678283691e+00
2.058490371704101562e+01
-1.378685832023620605e-01
8.333675384521484375e+00
1.506337642669677734e+01
6.568083167076110840e-02
4.684961438179016113e-01
3.075159192085266113e-01
6.697124242782592773e-01
4.819732904434204102e-01
1.644220471382141113e+00
1.012006282806396484e+00
1.739331126213073730e+00
4.506228923797607422e+00
-2.655544042587280273e+00
1.023167252540588379e+00
1.269415140151977539e+00
-5.696911334991455078e+00
1.601462215185165405e-01
-1.219666957855224609e+00
-1.941891288757324219e+01
-1.051875686645507812e+01
1.124098539352416992e+00
-1.575255680084228516e+01
8.280667662620544434e-01
9.986314177513122559e-01
9.959260821342468262e-01
-1.221100211143493652e+00
1.192964315414428711e+00
1.232191801071166992e+00
1.057749629020690918e+00
1.953814625740051270e+00
-1.571510505676269531e+01
1.548433661460876465e+00
9.838321208953857422e-01
-9.776145935058593750e+00
-1.888732910156250000e+01
8.231362700462341309e-01
1.619122385978698730e+00
9.310172796249389648e-01
-6.531367450952529907e-02
9.740871191024780273e-01
9.469363689422607422e-01
1.316595435142517090e+00
8.729307055473327637e-01
9.722082018852233887e-01
1.245230674743652344e+00
1.188836693763732910e+00
1.128686785697937012e+00
9.200513958930969238e-01
1.184594154357910156e+00
-2.013081932067871094e+01
-5.349134922027587891e+00
9.533630013465881348e-01
1.266611695289611816e+00
1.212576031684875488e+00
2.175042867660522461e+00
2.346029758453369141e+00
5.188935622572898865e-02
9.476151466369628906e-01
1.641512662172317505e-01
-1.138448333740234375e+01
1.081841588020324707e+00
1.114604592323303223e+00
1.010077834129333496e+00
1.042805194854736328e+00
1.075888037681579590e+00
1.038125753402709961e+00
8.173273801803588867e-01
1.216583728790283203e+00
7.812147140502929688e-01
1.237136363983154297e+00
-1.916216659545898438e+01
1.228713512420654297e+00
-1.572393298149108887e+00
5.698845386505126953e-01
1.227667927742004395e+00
1.001904726028442383e+00
-1.793909645080566406e+01
1.067997932434082031e+00
1.066946864128112793e+00
7.948107719421386719e-01
-1.843025970458984375e+01
1.126307129859924316e+00
-1.663188552856445312e+01
-1.519856601953506470e-01
8.688433766365051270e-01
-7.212085247039794922e+00
-1.641504859924316406e+01
4.348850846290588379e-01
8.616699576377868652e-01
-9.909220784902572632e-02
9.217059612274169922e-01
-2.022973823547363281e+01
9.116513133049011230e-01
1.166177988052368164e+00
3.303813636302947998e-01
1.112115740776062012e+00
-1.714283561706542969e+01
1.203096270561218262e+00
1.295600533485412598e+00
1.164868593215942383e+00
1.177086830139160156e+00
4.727716743946075439e-01
1.632373809814453125e+00
1.225098609924316406e+00
9.592573046684265137e-01
1.823008179664611816e+00
-1.921347808837890625e+01
-1.013999843597412109e+01
1.774734973907470703e+00
8.269196152687072754e-01
7.762912511825561523e-01
9.232316613197326660e-01
-1.450333213806152344e+01
-1.001194667816162109e+01
7.715738415718078613e-01
7.214043140411376953e-01
1.201509118080139160e+00
1.507710456848144531e+00
-1.970938491821289062e+01
1.027042746543884277e+00
1.178359389305114746e+00
-1.172426223754882812e+00
1.301131606101989746e+00
1.024505376815795898e+00
1.447306394577026367e+00
1.914836615324020386e-01
1.389613032341003418e+00
-1.400310325622558594e+01
1.173826098442077637e+00
1.079746246337890625e+00
1.139571785926818848e+00
8.716327548027038574e-01
1.071254372596740723e+00
1.078526020050048828e+00
8.665227293968200684e-01
-4.341256618499755859e+00
-5.567955493927001953e+00
4.745235741138458252e-01
1.281013250350952148e+00
9.665154814720153809e-01
-3.862351894378662109e+00
3.660548478364944458e-02
8.939690589904785156e-01
-1.105690836906433105e+00
1.454134225845336914e+00
1.110355019569396973e+00
-1.657945871353149414e+00
9.173994660377502441e-01
7.954413294792175293e-01
8.704605698585510254e-01
-6.878458976745605469e+00
1.184637784957885742e+00
1.240486979484558105e+00
2.065857887268066406e+00
1.136712789535522461e+00
-1.282329368591308594e+01
-4.247308969497680664e-01
1.404966711997985840e+00
8.199954628944396973e-01
1.552858829498291016e+00
6.686703562736511230e-01
-1.781051063537597656e+01
1.103882789611816406e+00
1.229809403419494629e+00
7.992468476295471191e-01
7.933604121208190918e-01
1.131451845169067383e+00
5.858875513076782227e-01
6.862426996231079102e-01
-3.510473012924194336e+00
8.167475461959838867e-01
1.182894229888916016e+00
6.171197295188903809e-01
1.218334913253784180e+00
5.561126470565795898e-01
1.141809582710266113e+00
1.035145640373229980e+00
1.013831853866577148e+00
-6.268795728683471680e-01
-3.660856962203979492e+00
1.095475554466247559e+00
1.202889204025268555e+00
1.538342475891113281e+00
1.414412021636962891e+00
5.051801204681396484e-01
8.978857994079589844e-01
6.308344006538391113e-01
-1.149731826782226562e+01
-1.773833084106445312e+01
4.436314702033996582e-01
1.442249268293380737e-01
6.143138408660888672e-01
1.163089752197265625e+00
8.755838871002197266e-01
3.054003715515136719e-01
9.153019189834594727e-01
1.199973106384277344e+00
1.039893507957458496e+00
1.102258682250976562e+00
-1.004751300811767578e+01
1.359546780586242676e+00
1.262102723121643066e+00
3.553939461708068848e-01
-1.604051208496093750e+01
9.149642586708068848e-01
-5.535093784332275391e+00
1.016293764114379883e+00
1.442720770835876465e+00
1.024451494216918945e+00
1.004732012748718262e+00
5.842559933662414551e-01
1.267467498779296875e+00
2.237047195434570312e+00
-3.092948198318481445e+00
1.218718662858009338e-01
-5.094114303588867188e+00
-6.511290073394775391e-01
-7.698987960815429688e+00
3.368887662887573242e+00
4.464411735534667969e+00
3.014318704605102539e+00
1.124415206909179688e+01
4.167178630828857422e+00
4.965265750885009766e+00
-2.133729696273803711e+00
6.804018020629882812e+00
-1.728021740913391113e+00
-4.906276166439056396e-01
2.818687915802001953e+00
-9.015356063842773438e+00
-1.552259828895330429e-02
-1.714832782745361328e+00
6.309286594390869141e+00
2.468443155288696289e+00
-1.936802566051483154e-01
-1.545778568834066391e-02
-5.229042053222656250e+00
-3.462968111038208008e+00
1.290061187744140625e+01
-8.327836036682128906e+00
4.984626770019531250e+00
-3.043042421340942383e+00
1.249829649925231934e+00
1.542927742004394531e+00
5.082784175872802734e+00
-6.435806274414062500e+00
3.279311180114746094e+00
5.020134925842285156e+00
-3.376816987991333008e+00
3.030851364135742188e+00
-2.156990051269531250e+01
-6.954180240631103516e+00
-2.078078985214233398e+00
-6.091825008392333984e+00
-2.057228565216064453e+00
-1.710723042488098145e+00
-9.802122116088867188e+00
2.896396636962890625e+00
-1.483085536956787109e+01
-1.623184382915496826e-01
6.603072643280029297e+00
1.102644681930541992e+00
3.959379911422729492e+00
-4.365229129791259766e+00
4.974490642547607422e+00
-3.667962074279785156e+00
-3.306637525558471680e+00
1.550745129585266113e+00
-5.138536453247070312e+00
-3.344174385070800781e+00
3.370728254318237305e+00
8.365958929061889648e-02
5.012602806091308594e-01
-2.561581850051879883e+00
2.227356672286987305e+00
4.385525703430175781e+00
1.561199665069580078e+01
3.961586952209472656e+00
-4.840835571289062500e+00
2.730807781219482422e+00
-5.969271469116210938e+01
4.025985240936279297e+00
7.136998325586318970e-02
-6.186255931854248047e+00
1.488669753074645996e+00
-2.806420326232910156e-01
-1.736954413354396820e-02
-1.184615898132324219e+01
-1.017973780632019043e+00
6.197585582733154297e+00
-7.693627834320068359e+00
6.742638349533081055e-02
1.778279662132263184e+00
3.541680335998535156e+00
1.154006958007812500e+01
-4.828528404235839844e+00
4.609202384948730469e+00
2.380755901336669922e+00
-5.952836036682128906e+00
-3.168358564376831055e+00
1.352687120437622070e+00
4.082851409912109375e+00
2.086462259292602539e+00
5.586549758911132812e+00
1.011543750762939453e+00
-1.902251839637756348e+00
7.937815785408020020e-02
-1.336046934127807617e+00
8.991923332214355469e+00
1.023725792765617371e-01
-3.179218292236328125e+00
-1.521134853363037109e+00
5.471509456634521484e+00
-4.604350566864013672e+00
3.741664886474609375e+00
-4.969340324401855469e+00
-4.660803318023681641e+00
2.683460712432861328e+00
2.683585548400878906e+01
-1.768175482749938965e+00
-5.248869419097900391e+00
8.325456082820892334e-02
4.251264572143554688e+00
3.710130453109741211e+00
6.881983280181884766e+00
-1.245311641693115234e+01
4.360561370849609375e+00
-4.037629604339599609e+00
7.941487431526184082e-02
-3.604918479919433594e+00
-1.288061857223510742e+00
-2.898105621337890625e+00
2.774933099746704102e+00
-3.510306119918823242e+00
4.523825943470001221e-01
-2.957530212402343750e+01
3.405930280685424805e+00
-2.040523290634155273e+00
5.542930588126182556e-02
3.048712968826293945e+00
4.500828742980957031e+00
-6.288704395294189453e+00
-3.723778963088989258e+00
-1.557519137859344482e-01
9.186252355575561523e-01
4.940705299377441406e+00
5.687252426147460938e+01
-3.554772138595581055e+00
1.543489456176757812e+00
-4.362866878509521484e+00
5.852816772460937500e+01
2.926324129104614258e+00
-2.584653377532958984e+00
2.048357486724853516e+00
9.844030380249023438e+00
4.511216640472412109e+00
-1.495148086547851562e+01
-1.072313785552978516e+00
2.956186532974243164e+00
-2.506919145584106445e+00
8.326560020446777344e+00
-3.567203521728515625e+00
-4.970861434936523438e+00
2.426586866378784180e+00
-1.754045248031616211e+00
2.916162014007568359e+00
3.485965013504028320e+00
-1.362491250038146973e+00
5.365797877311706543e-02
2.809433937072753906e+00
-3.844961166381835938e+00
3.700398445129394531e+00
9.778694152832031250e+00
-7.684473395347595215e-01
3.531341314315795898e+00
3.129151582717895508e+00
3.900357246398925781e+00
2.568690299987792969e+00
7.098224639892578125e+00
-2.249925804138183594e+01
2.606750249862670898e+00
3.990104436874389648e+00
5.129106521606445312e+00
-4.449563026428222656e+00
-2.014867305755615234e+00
2.012383937835693359e+00
-2.829278707504272461e+00
6.108780860900878906e+00
-4.701154232025146484e+00
-4.934907913208007812e+00
5.978058815002441406e+00
1.985317707061767578e+00
1.155119419097900391e+01
-2.305437088012695312e+00
7.229454994201660156e+00
5.800843238830566406e+00
2.878737211227416992e+00
2.439147949218750000e+00
-1.843379855155944824e+00
1.305782794952392578e-01
1.361622452735900879e+00
-1.500247120857238770e-01
1.166584808379411697e-02
-3.108981704711914062e+01
7.087285041809082031e+00
1.008758831024169922e+01
8.557999610900878906e+00
-8.305554389953613281e+00
-3.989236354827880859e+00
3.802281141281127930e+00
-1.680492520332336426e+00
-2.294487692415714264e-02
