2.284519910812377930e+00
1.637498974800109863e+00
1.062388038635253906e+01
9.248142838478088379e-01
2.810899019241333008e+00
6.948532462120056152e-01
1.009059548377990723e+00
5.733874440193176270e-01
1.173308491706848145e-01
1.005735993385314941e+00
1.622061252593994141e+00
9.231274724006652832e-01
1.863258123397827148e+00
1.275086522102355957e+00
1.539974093437194824e+00
4.719879627227783203e+00
1.559791088104248047e+00
1.461944282054901123e-01
1.932255172729492188e+01
2.228832483291625977e+00
8.044194579124450684e-01
3.297039508819580078e+00
2.019726371765136719e+01
2.051072692871093750e+01
-4.353430569171905518e-01
1.095782041549682617e+00
-1.027161478996276855e-01
5.451253652572631836e-01
8.686830997467041016e-01
1.494617938995361328e+00
1.849143624305725098e+00
2.382368564605712891e+00
1.168504714965820312e+00
-1.995975226163864136e-01
1.285314559936523438e+00
1.213440299034118652e-02
3.275516033172607422e+00
4.560125827789306641e+00
4.041210412979125977e-01
4.569848999381065369e-02
7.100392580032348633e-01
6.377213001251220703e-01
2.793587446212768555e-01
2.127330780029296875e+00
9.367589950561523438e-01
1.008642911911010742e+00
2.852562367916107178e-01
2.023199081420898438e+01
4.913542270660400391e-01
5.576501369476318359e+00
8.888677954673767090e-01
1.148859500885009766e+00
1.242289543151855469e+00
1.389049768447875977e+00
1.206331133842468262e+00
3.108597755432128906e+00
1.116056203842163086e+00
1.473825454711914062e+00
3.371944189071655273e+00
1.548736286163330078e+01
5.285272121429443359e+00
1.499694585800170898e+00
2.704549551010131836e+00
1.235841393470764160e+00
4.359541833400726318e-01
1.372537493705749512e+00
1.373842835426330566e+00
1.459618926048278809e+00
-4.836020469665527344e-01
2.207187652587890625e+00
1.223298835754394531e+01
-1.936562806367874146e-01
5.348409175872802734e+00
1.949745178222656250e+01
2.084075164794921875e+01
2.572183012962341309e-01
2.146890878677368164e+00
1.223793983459472656e+00
3.723018884658813477e+00
1.564275741577148438e+01
2.084878206253051758e+00
4.849723815917968750e+00
1.100120767951011658e-01
1.061748981475830078e+00
1.679832220077514648e+00
1.564716935157775879e+00
4.054664969444274902e-01
2.234558105468750000e+00
3.133764505386352539e+00
1.289465665817260742e+00
1.067139625549316406e+00
1.216756224632263184e+00
1.282193899154663086e+00
8.340821862220764160e-01
1.462197303771972656e+01
3.537551164627075195e+00
3.004957139492034912e-01
1.577718353271484375e+01
1.194456696510314941e+00
1.596477150917053223e+00
1.751771092414855957e+00
2.937884330749511719e+00
1.335071563720703125e+00
1.048372268676757812e+00
8.729490041732788086e-01
3.226247131824493408e-01
1.544662714004516602e-01
1.855177283287048340e+00
1.885680556297302246e+00
2.139083099365234375e+01
8.470927476882934570e-01
1.114219665527343750e+00
8.692321181297302246e-01
-8.500463962554931641e-01
1.696931600570678711e+00
7.567325830459594727e-01
1.154782009124755859e+01
8.802591562271118164e-01
4.279426932334899902e-01
1.206393003463745117e+00
1.482693552970886230e+00
1.242677688598632812e+00
4.651920795440673828e+00
-1.627890020608901978e-01
5.406925201416015625e+00
5.533728599548339844e-01
1.419744968414306641e+01
2.138496875762939453e+00
6.027447700500488281e+00
6.172360777854919434e-01
1.323368787765502930e+00
2.048090744018554688e+01
5.663334205746650696e-02
8.031895756721496582e-01
-4.297343790531158447e-01
3.055862426757812500e+00
5.422614097595214844e+00
9.149416685104370117e-01
-4.604617655277252197e-01
1.661967754364013672e+00
4.704295635223388672e+00
1.571848034858703613e+00
2.912967801094055176e-01
2.448158025741577148e+00
1.605526059865951538e-01
4.730491161346435547e+00
1.748574018478393555e+00
1.326705336570739746e+00
1.015119999647140503e-01
3.345547437667846680e+00
1.397750735282897949e+00
4.606039822101593018e-01
3.681764602661132812e+00
1.701281309127807617e+00
2.214137554168701172e+00
3.313087224960327148e+00
7.220108509063720703e+00
1.904431462287902832e+00
1.053695201873779297e+00
9.642145633697509766e-01
6.388474702835083008e-01
5.868406295776367188e+00
1.046879053115844727e+00
1.238988280296325684e+00
1.511798739433288574e+00
1.899259209632873535e+00
1.242631673812866211e+00
2.238887697458267212e-01
1.728514909744262695e+00
1.072252631187438965e+00
1.247318387031555176e+00
1.099401339888572693e-01
1.823776483535766602e+00
3.215219497680664062e+00
1.120053529739379883e+00
1.077979207038879395e+00
3.148969650268554688e+00
1.408043026924133301e+00
6.710031628608703613e-01
1.900744199752807617e+00
2.266417294740676880e-01
2.049963474273681641e+00
9.990716576576232910e-01
2.518134832382202148e+00
1.624789595603942871e+00
1.502735257148742676e+00
1.439818859100341797e+00
2.049587821960449219e+01
-6.240697205066680908e-02
8.335862159729003906e+00
1.512050914764404297e+01
1.123354136943817139e-01
4.205432832241058350e-01
2.396384924650192261e-01
6.078389883041381836e-01
3.841688036918640137e-01
1.618147134780883789e+00
1.047303557395935059e+00
1.714258432388305664e+00
4.536677837371826172e+00
-2.702383756637573242e+00
1.128633022308349609e+00
1.306776881217956543e+00
-5.657224655151367188e+00
2.290083914995193481e-01
-1.301583647727966309e+00
-1.949121665954589844e+01
-1.048677825927734375e+01
1.118650674819946289e+00
-1.572913742065429688e+01
8.149315118789672852e-01
9.431851506233215332e-01
9.244214892387390137e-01
-1.303877115249633789e+00
1.173472404479980469e+00
1.222647666931152344e+00
1.060240387916564941e+00
1.956123113632202148e+00
-1.572541236877441406e+01
1.577631115913391113e+00
1.001651048660278320e+00
-9.759573936462402344e+00
-1.898012924194335938e+01
7.836427688598632812e-01
1.708982706069946289e+00
9.241217970848083496e-01
-5.667975544929504395e-02
9.829933047294616699e-01
9.416047930717468262e-01
1.348219394683837891e+00
7.963591814041137695e-01
8.913609981536865234e-01
1.360775709152221680e+00
1.178435325622558594e+00
1.109296679496765137e+00
1.018058538436889648e+00
1.213955760002136230e+00
-2.007416534423828125e+01
-5.267138004302978516e+00
9.487202763557434082e-01
1.364610314369201660e+00
1.241565704345703125e+00
2.125734329223632812e+00
2.354093074798583984e+00
8.788384497165679932e-02
1.044727563858032227e+00
2.272772639989852905e-01
-1.139868354797363281e+01
1.058257937431335449e+00
1.176000833511352539e+00
1.049582839012145996e+00
1.013054370880126953e+00
1.163205385208129883e+00
9.121817946434020996e-01
8.372520804405212402e-01
1.262802720069885254e+00
7.438913583755493164e-01
1.199090480804443359e+00
-1.929076194763183594e+01
1.126120686531066895e+00
-1.542474269866943359e+00
5.184158086776733398e-01
1.177070617675781250e+00
9.900487065315246582e-01
-1.788158035278320312e+01
1.070240855216979980e+00
1.023064851760864258e+00
7.895878553390502930e-01
-1.832687377929687500e+01
1.207226395606994629e+00
-1.661852455139160156e+01
-2.515553534030914307e-01
9.244027137756347656e-01
-7.148964405059814453e+00
-1.642152023315429688e+01
3.043801784515380859e-01
8.102128505706787109e-01
-8.022939413785934448e-02
9.382969141006469727e-01
-2.027499961853027344e+01
9.093062281608581543e-01
1.195054173469543457e+00
3.469807207584381104e-01
1.074571609497070312e+00
-1.707824134826660156e+01
1.140450835227966309e+00
1.262594580650329590e+00
1.100067377090454102e+00
1.174837589263916016e+00
4.961271584033966064e-01
1.623751044273376465e+00
1.254077911376953125e+00
9.662949442863464355e-01
1.775672912597656250e+00
-1.915855216979980469e+01
-1.004706764221191406e+01
1.754639744758605957e+00
8.088444471359252930e-01
8.222967982292175293e-01
8.043571710586547852e-01
-1.450437736511230469e+01
-1.012875366210937500e+01
7.338458299636840820e-01
7.941759824752807617e-01
1.143603801727294922e+00
1.488887190818786621e+00
-1.961090660095214844e+01
1.015487909317016602e+00
1.178787708282470703e+00
-1.180073142051696777e+00
1.345842838287353516e+00
1.056687116622924805e+00
1.326036810874938965e+00
1.132299304008483887e-01
1.477085351943969727e+00
-1.398732948303222656e+01
1.148670792579650879e+00
1.053649663925170898e+00
1.145062804222106934e+00
8.237741589546203613e-01
1.091587543487548828e+00
1.027662038803100586e+00
8.157767653465270996e-01
-4.367270469665527344e+00
-5.550785064697265625e+00
5.714355111122131348e-01
1.222125291824340820e+00
1.013301372528076172e+00
-3.880352497100830078e+00
4.199759289622306824e-02
8.079096674919128418e-01
-1.078771233558654785e+00
1.409779787063598633e+00
1.118770480155944824e+00
-1.554697632789611816e+00
8.021494150161743164e-01
6.862571835517883301e-01
9.206228852272033691e-01
-6.851795673370361328e+00
1.185332655906677246e+00
1.272003293037414551e+00
2.172078609466552734e+00
1.114034175872802734e+00
-1.289765262603759766e+01
-4.801557660102844238e-01
1.284761548042297363e+00
8.450016975402832031e-01
1.553515315055847168e+00
7.145385146141052246e-01
-1.778950691223144531e+01
1.052082538604736328e+00
1.218090772628784180e+00
7.823638916015625000e-01
7.087678909301757812e-01
1.086187124252319336e+00
6.832113862037658691e-01
5.952000021934509277e-01
-3.519461870193481445e+00
7.933059930801391602e-01
1.168642878532409668e+00
6.255369782447814941e-01
1.177244067192077637e+00
5.722677111625671387e-01
1.240906953811645508e+00
1.123402357101440430e+00
1.043150067329406738e+00
-6.341100931167602539e-01
-3.533169269561767578e+00
1.098589181900024414e+00
1.252933025360107422e+00
1.603102326393127441e+00
1.401522040367126465e+00
5.575377941131591797e-01
9.637745022773742676e-01
6.413050293922424316e-01
-1.147484683990478516e+01
-1.774192237854003906e+01
3.823271691799163818e-01
1.451977938413619995e-01
5.506358146667480469e-01
1.155758976936340332e+00
8.438300490379333496e-01
3.143779337406158447e-01
9.270852208137512207e-01
1.161392211914062500e+00
1.066194772720336914e+00
1.229415416717529297e+00
-9.952801704406738281e+00
1.377356290817260742e+00
1.304483294486999512e+00
3.555609881877899170e-01
-1.599173641204833984e+01
9.008492231369018555e-01
-5.434259414672851562e+00
1.056414484977722168e+00
1.470190167427062988e+00
1.020835638046264648e+00
9.964067935943603516e-01
5.965698957443237305e-01
1.203949093818664551e+00
-8.454912900924682617e-01
2.637482643127441406e+00
-8.707546442747116089e-02
4.564445018768310547e+00
4.096811115741729736e-01
5.888844490051269531e+00
-2.998886823654174805e+00
-3.259442329406738281e+00
-1.204893469810485840e+00
-9.141561508178710938e+00
-2.936929464340209961e+00
-4.004498004913330078e+00
1.562078356742858887e+00
-5.410933017730712891e+00
1.415101289749145508e+00
4.458214044570922852e-01
-2.761811017990112305e+00
2.538801670074462891e+00
3.069932013750076294e-02
1.064923763275146484e+00
-4.456424236297607422e+00
-2.485332489013671875e+00
-2.547449171543121338e-01
-1.121129393577575684e-01
8.236224651336669922e-01
2.414541482925415039e+00
-3.970720291137695312e+00
5.686068534851074219e+00
-3.661643743515014648e+00
3.102478504180908203e+00
-1.383355021476745605e+00
-1.843156099319458008e+00
-3.938366413116455078e+00
2.411376237869262695e+00
-2.323967933654785156e+00
-1.301924109458923340e+00
3.144847393035888672e+00
-2.856770515441894531e+00
1.365260601043701172e+01
2.647677421569824219e+00
1.625500082969665527e+00
3.416743993759155273e+00
1.270241737365722656e-01
1.901353836059570312e+00
6.916476726531982422e+00
-1.945122361183166504e+00
8.618185997009277344e+00
8.494462817907333374e-03
-3.657684326171875000e+00
-9.194227457046508789e-01
-2.349378824234008789e+00
3.296418190002441406e+00
-4.164470672607421875e+00
3.414965867996215820e+00
2.895839929580688477e+00
-1.285180687904357910e+00
3.977745771408081055e+00
2.826661109924316406e+00
-3.135476112365722656e+00
-3.829366341233253479e-02
-1.474958062171936035e+00
2.552273273468017578e+00
-1.928681373596191406e+00
-3.382712125778198242e+00
-1.078586196899414062e+01
-3.486083745956420898e+00
4.140268325805664062e+00
-2.214138746261596680e+00
1.868803977966308594e+01
-3.955089569091796875e+00
-1.638732254505157471e-01
3.187864065170288086e+00
-1.874339461326599121e+00
5.212639272212982178e-02
9.221407026052474976e-02
5.245577812194824219e+00
9.744834303855895996e-01
-5.030279636383056641e+00
5.410784244537353516e+00
1.266816705465316772e-01
-1.812088608741760254e+00
-3.304813146591186523e+00
-5.980462074279785156e+00
3.677015066146850586e+00
-3.993039369583129883e+00
-2.032775878906250000e+00
2.055422782897949219e+00
2.899437665939331055e+00
-1.102576613426208496e+00
-3.509325742721557617e+00
-1.568246960639953613e+00
-4.192399978637695312e+00
-9.027245044708251953e-01
2.021071195602416992e+00
4.742630720138549805e-01
1.096341133117675781e+00
-6.043042182922363281e+00
-1.445772051811218262e-01
2.463747262954711914e+00
1.949984192848205566e+00
-3.832931041717529297e+00
4.477776050567626953e+00
-3.299372911453247070e+00
4.181498527526855469e+00
3.571047306060791016e+00
-1.181984066963195801e+00
-1.580449867248535156e+01
1.555164456367492676e+00
4.665029525756835938e+00
1.308834254741668701e-01
-3.074397563934326172e+00
-2.561042070388793945e+00
-4.739493846893310547e+00
2.562867641448974609e+00
-3.947590589523315430e+00
2.635957002639770508e+00
-5.591537430882453918e-02
3.020115852355957031e+00
3.391188085079193115e-01
2.224930047988891602e+00
-1.595902919769287109e+00
2.574725389480590820e+00
2.917441725730895996e-01
1.395506286621093750e+01
-2.658819913864135742e+00
1.359530687332153320e+00
-1.059655100107192993e-01
-3.061992645263671875e+00
-3.960921525955200195e+00
4.219480037689208984e+00
3.275096654891967773e+00
-1.483221650123596191e-01
-7.331252098083496094e-01
-3.407588005065917969e+00
-1.801500129699707031e+01
3.498456716537475586e+00
-1.874181032180786133e+00
2.654369354248046875e+00
-1.537176036834716797e+01
-2.437850236892700195e+00
2.347272872924804688e+00
-1.681729257106781006e-01
-5.844469547271728516e+00
-3.263407468795776367e+00
8.852292060852050781e+00
9.138897657394409180e-01
-2.601518869400024414e+00
1.894931077957153320e+00
-1.731517791748046875e+00
3.832479953765869141e+00
3.327759265899658203e+00
-1.282604217529296875e+00
1.797814488410949707e+00
-2.621018886566162109e+00
-3.125761985778808594e+00
1.463401079177856445e+00
7.621788978576660156e-02
-2.839911222457885742e+00
3.251433849334716797e+00
-2.580429553985595703e+00
-6.336167812347412109e+00
-2.005695179104804993e-02
-2.005290031433105469e+00
-2.324928998947143555e+00
-2.851331710815429688e+00
-1.917892813682556152e+00
-5.609208106994628906e+00
1.287619018554687500e+01
-2.002073287963867188e+00
-3.195815086364746094e+00
-4.133294105529785156e+00
2.133802413940429688e+00
1.318425297737121582e+00
-1.984187126159667969e+00
2.657518625259399414e+00
-5.490122318267822266e+00
4.532211303710937500e+00
4.152132511138916016e+00
-4.267882823944091797e+00
-1.877922892570495605e+00
-6.970531463623046875e+00
2.127771615982055664e+00
-5.587862968444824219e+00
-4.296731472015380859e+00
-2.157301425933837891e+00
-2.237453222274780273e+00
5.465220808982849121e-01
1.557192355394363403e-01
-6.907246708869934082e-01
-1.664265990257263184e-01
1.052031591534614563e-01
1.686539840698242188e+01
-3.822513818740844727e+00
-5.839004993438720703e+00
-6.199347019195556641e+00
5.287064552307128906e+00
3.473515272140502930e+00
-2.557971477508544922e+00
1.766525626182556152e+00
1.543069630861282349e-01
