4.084232822060585022e-02
1.835380680859088898e-02
1.271463185548782349e-01
-6.407267414033412933e-03
1.897766999900341034e-02
-3.136119339615106583e-03
-1.074551697820425034e-02
-6.518779788166284561e-03
4.085783287882804871e-02
4.396883770823478699e-03
9.304426610469818115e-03
8.518835529685020447e-03
8.303612470626831055e-03
9.296330623328685760e-03
-9.038779884576797485e-03
3.888618573546409607e-02
1.470148470252752304e-02
1.363881677389144897e-02
1.367105990648269653e-01
-1.254239771515130997e-02
3.187854599673300982e-04
2.673028409481048584e-02
-1.490802615880966187e-01
1.453355550765991211e-01
2.066478133201599121e-02
-3.053718712180852890e-03
6.259859073907136917e-03
4.943018779158592224e-03
-5.861401557922363281e-03
1.039773225784301758e-02
4.038607235997915268e-03
-1.407419331371784210e-04
6.830419413745403290e-03
-2.804027311503887177e-02
4.819321446120738983e-03
-1.955942995846271515e-02
-5.067024379968643188e-02
3.771580383181571960e-02
6.204410456120967865e-03
-6.524729542434215546e-03
-2.046556212007999420e-02
-4.697025287896394730e-03
3.862786665558815002e-02
-2.794289402663707733e-02
3.405688330531120300e-03
2.514921128749847412e-03
-1.190877752378582954e-03
1.463617831468582153e-01
-2.508201403543353081e-03
3.089879266917705536e-02
1.059592049568891525e-02
6.646987982094287872e-03
-3.396478947252035141e-03
4.539306275546550751e-03
5.018096417188644409e-03
-4.085549712181091309e-02
1.860041287727653980e-03
1.805188506841659546e-02
3.923557326197624207e-02
-1.500743329524993896e-01
-6.006320565938949585e-02
-3.785024164244532585e-03
-5.974372033961117268e-04
3.902095137163996696e-03
4.470807034522294998e-03
-1.668771170079708099e-02
-1.584455603733658791e-03
1.836640015244483948e-02
1.592316664755344391e-03
1.912417076528072357e-02
-1.388342678546905518e-01
3.340194001793861389e-03
-6.908788532018661499e-02
-1.434268355369567871e-01
1.487558335065841675e-01
5.610832013189792633e-03
-1.591302827000617981e-02
-1.900373841635882854e-03
-1.701006852090358734e-02
-1.420872509479522705e-01
-1.448045298457145691e-02
6.784216314554214478e-02
1.814006245695054531e-03
-1.451386231929063797e-02
5.953298415988683701e-03
4.115980491042137146e-02
-9.215436875820159912e-03
4.375764727592468262e-02
-2.150806970894336700e-02
-1.489209197461605072e-02
4.420763871166855097e-04
-6.144538521766662598e-03
2.817296050488948822e-02
-1.270543434657156467e-03
-1.359158158302307129e-01
4.701585567090660334e-04
-6.804584059864282608e-03
1.429484933614730835e-01
-2.557950792834162712e-03
3.774661105126142502e-03
-1.319715473800897598e-02
3.512255102396011353e-02
1.480246055871248245e-02
-6.763957440853118896e-03
-9.279805235564708710e-03
-3.492144122719764709e-02
2.987220417708158493e-03
4.157128185033798218e-02
2.365735359489917755e-02
1.444211155176162720e-01
-2.268825192004442215e-03
-9.402234107255935669e-03
9.545320644974708557e-03
5.915769375860691071e-03
7.193182595074176788e-03
1.572131365537643433e-02
-1.335313618183135986e-01
-1.320105860941112041e-03
4.296118021011352539e-02
6.117329932749271393e-03
-5.048498976975679398e-03
-4.444731399416923523e-03
-6.164472177624702454e-02
-1.847213716246187687e-04
-1.953670755028724670e-02
2.429040521383285522e-02
-1.487909704446792603e-01
9.363622404634952545e-03
-2.528895810246467590e-02
9.747732547111809254e-04
1.233353186398744583e-02
1.470072269439697266e-01
-4.077509045600891113e-02
1.508449204266071320e-03
2.961872378364205360e-03
-2.536714076995849609e-03
6.742804497480392456e-02
2.395701827481389046e-03
1.096509979106485844e-03
1.000015716999769211e-02
5.486206337809562683e-02
-4.884048178791999817e-02
2.879611682146787643e-03
-3.778075426816940308e-02
1.416976563632488251e-03
-2.297661826014518738e-02
2.006148733198642731e-02
3.444406017661094666e-02
-1.837016083300113678e-02
6.077621037547942251e-06
-5.618764087557792664e-03
-3.422955796122550964e-02
-2.848337963223457336e-02
1.124311890453100204e-02
6.774301826953887939e-02
2.033692784607410431e-02
-7.094699144363403320e-02
5.833771545439958572e-03
-1.411025226116180420e-02
1.100401300936937332e-02
5.127795040607452393e-03
8.686257898807525635e-02
6.312581710517406464e-03
5.771572235971689224e-03
-4.913852084428071976e-03
-1.115773338824510574e-02
-3.017445793375372887e-03
-1.083428855054080486e-03
4.479146748781204224e-02
-2.326992899179458618e-02
1.658373326063156128e-02
3.549657762050628662e-02
-1.119016855955123901e-02
-2.277949266135692596e-02
-3.262143081883550622e-06
-3.933792933821678162e-03
4.815487936139106750e-02
4.652014002203941345e-03
3.839727025479078293e-03
-5.697081796824932098e-04
2.565136237535625696e-04
2.116225473582744598e-02
-1.986265415325760841e-03
-1.013180147856473923e-02
-2.579512447118759155e-02
1.465117838233709335e-02
6.404397543519735336e-03
1.457407921552658081e-01
-4.583454132080078125e-02
-1.479478925466537476e-01
-1.439708173274993896e-01
1.005194615572690964e-03
-7.464292459189891815e-03
-5.847019143402576447e-03
2.196674467995762825e-03
-5.785722751170396805e-03
-8.465819992125034332e-03
7.568522356450557709e-03
1.133023574948310852e-02
3.056055121123790741e-02
2.066852711141109467e-02
-9.676779736764729023e-04
8.378011989407241344e-04
-6.065625324845314026e-02
-4.226946271955966949e-03
-1.873768307268619537e-02
-1.441956013441085815e-01
-1.414810419082641602e-01
7.473300793208181858e-04
1.380870938301086426e-01
2.814572071656584740e-03
2.880607964470982552e-03
-4.164219833910465240e-03
-2.285311929881572723e-03
7.521783845731988549e-05
-1.447737915441393852e-03
-1.425949449185281992e-04
-3.526353044435381889e-03
-1.221193149685859680e-01
-1.402388326823711395e-03
4.481610376387834549e-03
-1.188835501670837402e-01
-1.410793662071228027e-01
1.144327339716255665e-03
6.281186826527118683e-03
1.960013061761856079e-03
-1.003964710980653763e-02
3.238370642066001892e-03
-8.949009352363646030e-04
3.885103389620780945e-03
1.437176018953323364e-03
9.772236226126551628e-04
-4.283492919057607651e-03
-1.075679552741348743e-03
1.624125870876014233e-03
1.711973687633872032e-03
2.925642766058444977e-04
-1.409055739641189575e-01
1.268529426306486130e-02
1.920133270323276520e-02
8.779406547546386719e-03
2.114936243742704391e-03
4.074431490153074265e-03
1.365564879961311817e-03
1.396029349416494370e-02
-1.595246576471254230e-04
7.537825498729944229e-03
1.231244131922721863e-01
2.343858825042843819e-03
6.574458093382418156e-04
1.208980102092027664e-02
-3.240846795961260796e-03
-8.688594680279493332e-04
1.044826698489487171e-03
-5.455174949020147324e-03
8.136568067129701376e-05
-3.746387665160000324e-04
2.019620966166257858e-03
-1.401410102844238281e-01
2.373861847445368767e-03
-1.979630999267101288e-02
8.938170969486236572e-03
-1.304533891379833221e-02
3.871583146974444389e-03
1.426779776811599731e-01
-3.972286824136972427e-03
3.008857020176947117e-04
1.581091084517538548e-03
-1.367140710353851318e-01
-2.666332002263516188e-04
1.216000318527221680e-01
2.351676113903522491e-02
-7.928641280159354210e-04
9.820698201656341553e-02
-1.238177791237831116e-01
1.492032874375581741e-02
1.068584155291318893e-03
-1.502281404100358486e-03
-5.433395039290189743e-03
-1.417710930109024048e-01
1.325071207247674465e-03
-1.822357880882918835e-03
2.136553812306374311e-04
2.106822794303297997e-03
1.384220272302627563e-01
-2.046160167083144188e-03
9.624735452234745026e-03
-2.339409897103905678e-03
6.557030719704926014e-04
7.084430661052465439e-03
-2.368424087762832642e-03
-7.712194696068763733e-03
5.893686902709305286e-04
4.146613646298646927e-03
-1.409644186496734619e-01
-9.344570571556687355e-05
1.932691037654876709e-02
1.363593037240207195e-03
8.252590778283774853e-04
-1.173839787952601910e-03
-1.420491337776184082e-01
9.626103937625885010e-02
-3.676386550068855286e-04
8.383829146623611450e-03
2.894480945542454720e-03
-7.661165669560432434e-03
1.404398977756500244e-01
-7.243842264870181680e-05
-1.221754821017384529e-03
-1.461343467235565186e-02
-8.861986570991575718e-04
-4.168512765318155289e-03
1.314058667048811913e-03
1.054136082530021667e-02
9.853487834334373474e-03
1.412187814712524414e-01
9.877396514639258385e-04
-1.108757220208644867e-03
-1.627376885153353214e-03
-2.322908025234937668e-03
-2.141206292435526848e-03
-9.308080188930034637e-03
7.568522414658218622e-05
8.555404201615601778e-05
-6.188855692744255066e-02
9.782582521438598633e-03
-2.683964848984032869e-04
-1.448212307877838612e-03
-2.597511745989322662e-02
-1.130359992384910583e-02
2.717631403356790543e-03
3.441775217652320862e-03
1.452090684324502945e-03
1.557439332827925682e-03
-1.029163226485252380e-02
-1.254966715350747108e-03
-3.896389389410614967e-03
1.165478141047060490e-03
4.404379054903984070e-02
-1.352576189674437046e-03
-7.196334190666675568e-04
-7.748764939606189728e-03
-6.279879249632358551e-03
-1.441644579172134399e-01
-1.301500853151082993e-02
-5.558786215260624886e-04
-1.808638800866901875e-03
-3.134752390906214714e-03
2.075252309441566467e-02
1.409534513950347900e-01
-7.406380958855152130e-03
5.085820332169532776e-03
7.625199854373931885e-03
-1.397160696797072887e-03
1.984896138310432434e-03
3.341173869557678699e-04
-2.089330228045582771e-03
-1.513900794088840485e-02
-1.174551318399608135e-03
-2.178955823183059692e-03
7.794167846441268921e-03
3.613054053857922554e-03
1.988570205867290497e-03
-8.387899957597255707e-03
4.459847230464220047e-03
5.582483019679784775e-03
-6.637966725975275040e-03
-2.957228198647499084e-02
-1.434603240340948105e-03
-1.163766137324273586e-03
-1.245669554919004440e-02
-3.403212176635861397e-04
1.537475548684597015e-02
5.257799057289958000e-04
-9.026135085150599480e-04
-1.045066714286804199e-01
-1.404444575309753418e-01
1.437948737293481827e-02
3.103303723037242889e-03
-2.227897057309746742e-03
5.159905180335044861e-03
5.211718846112489700e-03
-5.637340247631072998e-03
-1.118260901421308517e-02
2.974420553073287010e-03
-1.876862370409071445e-03
-1.832937356084585190e-03
-7.995765918167307973e-05
-6.163441576063632965e-03
4.072392825037240982e-03
-2.660903846845030785e-03
1.047942489385604858e-01
3.447914496064186096e-03
5.427589267492294312e-02
-4.870213568210601807e-03
-8.319716900587081909e-03
1.676173182204365730e-03
1.269841217435896397e-03
-1.321027521044015884e-03
-3.033872053492814302e-05
-1.298001036047935486e-03
6.200936157256364822e-03
-3.345385193824768066e-04
-7.951395586133003235e-03
-2.000401495024561882e-03
8.014387451112270355e-03
8.718227618373930454e-04
-8.058012463152408600e-03
-8.318870328366756439e-03
-2.587858587503433228e-03
-3.763530403375625610e-03
-4.282980691641569138e-03
1.997323473915457726e-03
-5.701816175132989883e-03
4.102456383407115936e-03
-4.518028581514954567e-04
9.052985114976763725e-04
1.714923232793807983e-02
-8.892230107448995113e-05
-2.023589797317981720e-03
2.542933681979775429e-03
-1.329717808403074741e-03
2.328131115064024925e-03
-6.463861791417002678e-04
9.763541747815907001e-04
-2.871361095458269119e-03
-1.989348232746124268e-02
3.933849744498729706e-03
1.616930938325822353e-03
-1.927235163748264313e-03
2.016460057348012924e-03
-1.616947702132165432e-03
-3.105139359831809998e-03
-2.515043318271636963e-02
1.232270151376724243e-03
1.255651935935020447e-02
-2.849076408892869949e-03
-2.840049564838409424e-04
1.309764385223388672e-02
-1.030927989631891251e-02
-1.979055814445018768e-03
-3.699243767186999321e-03
-3.807347966358065605e-03
-2.875248435884714127e-03
7.952215382829308510e-04
-1.510563772171735764e-03
-1.897505600936710835e-03
6.875086110085248947e-04
5.487049464136362076e-03
7.551123271696269512e-04
-4.221289127599447966e-04
-9.602753561921417713e-04
9.544438798911869526e-04
-2.033968339674174786e-04
2.064244123175740242e-03
5.048204213380813599e-03
1.372031285427510738e-03
6.273010279983282089e-03
1.371794962324202061e-03
5.974996020086109638e-04
1.193022006191313267e-03
-2.204118296504020691e-03
-1.170362066477537155e-02
-3.405719762668013573e-04
-8.879673667252063751e-03
1.628919038921594620e-03
4.130588378757238388e-03
-9.641721844673156738e-04
1.245105918496847153e-02
-9.606724488548934460e-04
-8.636405691504478455e-04
4.824886098504066467e-03
4.934279713779687881e-03
-4.101865924894809723e-03
5.720742628909647465e-04
6.947907619178295135e-03
4.625517874956130981e-02
4.013563157059252262e-04
-1.636897213757038116e-03
3.456400008872151375e-05
9.696019114926457405e-04
-1.911744824610650539e-03
-5.370846018195152283e-03
-2.262559486553072929e-03
-3.871030407026410103e-03
-3.431815886870026588e-03
-8.077532052993774414e-03
-1.078331028111279011e-03
1.021163421683013439e-03
3.537882119417190552e-03
-1.676870975643396378e-03
-1.238986267708241940e-03
-4.984302446246147156e-03
9.443663293495774269e-04
5.277820862829685211e-03
8.287499076686799526e-04
9.040722623467445374e-03
1.552179157733917236e-01
-1.776288496330380440e-03
-9.890362707665190101e-05
9.796620579436421394e-04
3.204138949513435364e-03
-4.192123655229806900e-03
-2.675437834113836288e-03
-4.367921035736799240e-03
6.763209588825702667e-03
-5.102980881929397583e-03
3.812781069427728653e-03
2.992458175867795944e-03
-7.634639769094064832e-05
1.175935540231876075e-04
8.173608221113681793e-04
-3.806162392720580101e-03
6.966405548155307770e-03
2.724705729633569717e-03
9.150489233434200287e-03
7.002447964623570442e-04
1.663450268097221851e-03
8.723245002329349518e-03
-2.350595081225037575e-03
2.888348884880542755e-03
5.430483259260654449e-03
2.112201182171702385e-03
-4.321648739278316498e-03
-4.274921957403421402e-03
4.537928849458694458e-03
1.102010253816843033e-03
9.761594119481742382e-04
1.787110115401446819e-03
5.301593337208032608e-03
1.373876701109111309e-03
5.955912638455629349e-04
3.440982894971966743e-03
-5.428811709862202406e-05
-1.589544862508773804e-02
9.667979902587831020e-04
-2.358256839215755463e-03
2.307502552866935730e-03
-1.212445832788944244e-02
-1.077269436791539192e-03
3.175457939505577087e-03
5.686088465154170990e-03
-1.001172233372926712e-02
-2.191176172345876694e-04
4.400019068270921707e-03
1.009331434033811092e-03
-2.477630274370312691e-03
3.007657825946807861e-03
2.047095634043216705e-02
1.618715701624751091e-03
1.305148121900856495e-03
1.273273862898349762e-02
-2.783538075163960457e-03
-3.069567028433084488e-04
-2.729630796238780022e-04
7.671713829040527344e-04
-1.710833748802542686e-03
7.852985523641109467e-03
-6.694348063319921494e-03
-3.102870425209403038e-03
-9.001495316624641418e-03
-1.537187607027590275e-03
3.842025995254516602e-03
-2.865509828552603722e-03
6.616555154323577881e-03
2.022887812927365303e-03
1.155620790086686611e-03
2.387377666309475899e-03
-1.093543227761983871e-02
-1.592706656083464622e-03
-8.576334454119205475e-03
1.555751077830791473e-02
-9.481627494096755981e-03
3.119771927595138550e-02
6.676697375951334834e-05
7.824523490853607655e-04
3.248386550694704056e-03
1.506018335931003094e-03
-3.813897725194692612e-03
1.225489284843206406e-02
3.424973692744970322e-03
-2.261952264234423637e-03
1.487583969719707966e-03
-1.537800300866365433e-03
2.690890803933143616e-03
1.585415331646800041e-03
1.053520900313742459e-04
-4.862518107984215021e-04
1.681995345279574394e-03
-2.404283266514539719e-03
-6.651523872278630733e-04
-1.585511956363916397e-03
8.259376510977745056e-03
1.649967953562736511e-02
-3.778072539716959000e-03
-1.497968100011348724e-03
-3.096258966252207756e-03
-1.998587045818567276e-03
6.935029523447155952e-04
4.803890187758952379e-04
