-2.025778032839298248e-02
-2.052048454061150551e-03
-3.327450249344110489e-04
2.424145303666591644e-02
9.767726063728332520e-03
3.860573470592498779e-02
-5.004758480936288834e-03
-3.105930052697658539e-02
-1.907819509506225586e-02
-1.107235476374626160e-01
-5.790115520358085632e-02
-3.442867472767829895e-02
-1.719148829579353333e-03
-5.669810809195041656e-03
7.974013686180114746e-03
6.268433760851621628e-03
-4.416111391037702560e-03
3.828324750065803528e-02
2.121147917932830751e-05
4.652753937989473343e-03
-1.495359186083078384e-02
-1.330142002552747726e-02
-2.601404730739886872e-06
-1.617047018953599036e-05
-1.805599406361579895e-02
-4.357114434242248535e-02
5.067027173936367035e-03
-5.962507799267768860e-02
3.177800774574279785e-02
2.689706394448876381e-03
-1.513105165213346481e-02
-1.267681829631328583e-02
-2.261123433709144592e-02
4.094143211841583252e-02
-2.348531410098075867e-02
-6.512709707021713257e-02
-2.291908860206604004e-02
3.262497251853346825e-03
8.355592191219329834e-02
2.415403537452220917e-02
-2.709854394197463989e-03
-1.929750293493270874e-02
-6.040107924491167068e-03
1.593201421201229095e-02
2.945870393887162209e-03
-1.107334159314632416e-02
-4.784784838557243347e-02
2.858765037672128528e-05
-6.721977889537811279e-02
-1.998548954725265503e-02
4.106971900910139084e-03
-1.369269192218780518e-02
-3.185363858938217163e-02
-1.560982433147728443e-03
-1.230886299163103104e-02
1.947953552007675171e-02
-1.838435605168342590e-02
-1.223380398005247116e-02
1.641848497092723846e-02
-1.850479602580890059e-04
-7.275943644344806671e-03
-2.262456901371479034e-02
-2.292265649884939194e-03
1.527385599911212921e-02
1.010731980204582214e-02
1.394349266774952412e-03
1.635842490941286087e-03
-4.064140375703573227e-03
3.897543624043464661e-02
-2.563739009201526642e-02
1.791146351024508476e-04
1.426446903496980667e-02
4.973981063812971115e-03
-1.061751117958920076e-05
-1.659997360548004508e-05
-3.831797838211059570e-02
-5.108300683787092566e-05
8.101981878280639648e-02
3.394462401047348976e-03
6.342150736600160599e-04
-4.501279443502426147e-03
-6.276976782828569412e-03
-3.993164002895355225e-02
-5.228627100586891174e-02
4.102785140275955200e-03
-1.216878462582826614e-02
-1.274628750979900360e-02
-1.669413992203772068e-03
1.856805197894573212e-02
7.896313071250915527e-02
2.169379219412803650e-02
-2.815791964530944824e-02
-8.827357552945613861e-03
1.268918998539447784e-02
5.692216291208751500e-06
1.257930323481559753e-02
1.143626216799020767e-02
-2.421512908767908812e-05
-2.664888277649879456e-02
-1.899927109479904175e-02
2.946423832327127457e-03
2.113216556608676910e-02
1.157059147953987122e-02
5.572441965341567993e-02
-4.289457947015762329e-02
3.016391023993492126e-02
9.389549493789672852e-02
-2.706208452582359314e-02
-1.925066486001014709e-02
-1.772318137227557600e-05
6.469261832535266876e-03
-7.170657161623239517e-03
-4.707097262144088745e-02
1.807968877255916595e-02
1.089773327112197876e-02
-3.093113936483860016e-02
6.626244285143911839e-04
-1.019596355035901070e-03
-9.801151230931282043e-03
9.934212081134319305e-03
1.305522629991173744e-03
-1.440563210053369403e-04
6.193157285451889038e-03
8.997165411710739136e-02
-1.107071433216333389e-02
-4.546682536602020264e-02
-7.001506164669990540e-04
-4.496277309954166412e-03
9.607187472283840179e-03
-1.185990311205387115e-02
-1.207045838236808777e-02
-7.177468887675786391e-06
2.177786268293857574e-02
-1.995510980486869812e-02
2.122977823019027710e-01
1.300715189427137375e-02
-2.462361007928848267e-03
2.579987049102783203e-03
-9.874810278415679932e-02
1.234174147248268127e-02
1.975607592612504959e-03
1.694532856345176697e-02
2.497453242540359497e-02
2.790041081607341766e-02
-1.226885244250297546e-01
9.517207741737365723e-03
-1.292772497981786728e-02
-5.571798980236053467e-02
6.102392077445983887e-02
6.623670458793640137e-03
-2.172605134546756744e-02
3.462070599198341370e-02
-1.501047797501087189e-02
-3.263189271092414856e-02
4.883436951786279678e-03
-5.257468670606613159e-03
5.553233902901411057e-03
-1.434975489974021912e-02
6.795272231101989746e-02
-1.336591597646474838e-02
3.078039176762104034e-02
-8.965202141553163528e-04
3.673448041081428528e-02
-1.521705556660890579e-02
2.276178263127803802e-02
-2.339854091405868530e-02
2.620903588831424713e-02
-1.036289036273956299e-01
4.387822933495044708e-03
-1.154355145990848541e-02
5.875224713236093521e-03
5.233976524323225021e-03
-9.171577985398471355e-04
4.697621334344148636e-04
1.713459566235542297e-02
-1.458334270864725113e-02
-1.442376431077718735e-02
3.897118568420410156e-02
-4.645866900682449341e-02
-2.880173735320568085e-02
-5.847887694835662842e-02
2.734693000093102455e-03
-5.079265683889389038e-03
-3.193816542625427246e-02
-5.725445225834846497e-03
1.893103681504726410e-02
-1.315689273178577423e-02
4.326936050347285345e-06
-1.003518141806125641e-02
-7.014994625933468342e-04
-4.339424194768071175e-04
1.648472808301448822e-02
4.646620899438858032e-02
-7.046154886484146118e-02
7.604643236845731735e-03
-9.256931953132152557e-03
-5.580194294452667236e-03
-1.661636121571063995e-02
1.511910650879144669e-02
2.077082870528101921e-03
-1.140309404581785202e-02
-1.743352389894425869e-03
-2.572371065616607666e-02
-2.148411003872752190e-03
-2.212239056825637817e-02
-3.548873355612158775e-03
2.496777415217366070e-05
-2.080465783365070820e-04
-2.064087428152561188e-02
2.010148455156013370e-05
-8.451383560895919800e-03
-3.235926618799567223e-03
-2.838926855474710464e-03
-7.292422233149409294e-04
-8.909723721444606781e-03
-3.552367910742759705e-02
2.241440117359161377e-02
-3.341945633292198181e-02
2.632028008520137519e-05
-2.782849408686161041e-02
-2.333286590874195099e-02
-6.635698082391172647e-05
1.180855178972706199e-06
7.332268171012401581e-03
6.194333545863628387e-03
-9.134164080023765564e-03
-4.827747470699250698e-04
-1.051442977041006088e-02
-4.346474073827266693e-03
1.619330979883670807e-02
2.591613307595252991e-02
-2.195301279425621033e-02
-4.412227310240268707e-03
1.259032636880874634e-02
3.011789172887802124e-02
-3.036940284073352814e-02
-8.435480296611785889e-03
-3.684119747049408033e-06
1.751786679960787296e-03
-4.967578686773777008e-03
2.318596467375755310e-02
1.049496512860059738e-02
1.208425872027873993e-02
-1.907191355712711811e-03
-1.613578014075756073e-02
-2.089359099045395851e-03
4.502937663346529007e-03
1.567698782309889793e-04
6.741113495081663132e-03
-2.707806229591369629e-02
5.851028487086296082e-03
1.232239510864019394e-02
9.960655122995376587e-03
-1.047594938427209854e-03
-3.811270929872989655e-03
2.832662127912044525e-02
2.100219950079917908e-02
1.403180044144392014e-02
-3.821415702986996621e-06
-4.977834597229957581e-02
-1.003526430577039719e-02
4.939671233296394348e-02
1.124338712543249130e-02
1.192285679280757904e-03
-6.222699539648601785e-06
-1.327925827354192734e-02
-5.098557565361261368e-03
-3.097793646156787872e-02
2.365592627029400319e-05
3.402536362409591675e-02
4.142594480072148144e-05
-3.432254120707511902e-02
1.096898969262838364e-02
-1.137647079303860664e-03
-5.312512712407624349e-06
-3.352107480168342590e-02
2.480958402156829834e-02
-3.139619901776313782e-02
-9.752446785569190979e-03
1.534038892714306712e-05
-1.680599339306354523e-02
1.470909733325242996e-02
-2.402776665985584259e-02
8.437055163085460663e-03
-2.675707037269603461e-05
2.580740256235003471e-03
4.437573719769716263e-03
9.544355634716339409e-06
3.293896093964576721e-02
-1.577338576316833496e-02
-1.237283111549913883e-03
2.060228027403354645e-02
-7.719939574599266052e-03
-3.293361887335777283e-02
-2.527350807213224471e-05
-1.135329148382879794e-05
-5.329510662704706192e-03
6.568067520856857300e-02
1.745285093784332275e-02
-4.302555322647094727e-02
9.728029908728785813e-06
3.551275003701448441e-04
1.219000294804573059e-02
-6.640839856117963791e-03
9.827486239373683929e-03
1.588713750243186951e-02
-4.645944045478245243e-06
1.262811827473342419e-03
2.571359276771545410e-02
-7.919427938759326935e-03
-3.753113094717264175e-03
3.508017631247639656e-03
9.722096845507621765e-03
-1.344667095690965652e-02
1.148930750787258148e-03
1.000687116174958646e-04
-5.309533700346946716e-02
-6.312980316579341888e-03
8.486945182085037231e-03
1.418371964246034622e-02
3.721133340150117874e-03
2.371845394372940063e-02
-2.694794420676771551e-05
7.181643741205334663e-05
9.433309547603130341e-03
-2.652762085199356079e-02
-8.750280365347862244e-03
1.144264452159404755e-02
-5.340142641216516495e-03
-1.013338041957467794e-04
9.330092143500223756e-05
-1.241857837885618210e-02
-4.420806653797626495e-04
6.043236237019300461e-03
2.752154134213924408e-02
-3.161316365003585815e-02
-2.585611492395401001e-02
-8.016627281904220581e-03
4.268840420991182327e-03
8.210307918488979340e-03
4.967397078871726990e-03
1.557946670800447464e-02
2.112669870257377625e-02
-5.932010753895156085e-05
-2.330168709158897400e-02
-3.207204863429069519e-02
-1.076207403093576431e-02
-1.802432723343372345e-02
4.194612056016921997e-02
-4.156536761001916602e-06
7.372654229402542114e-02
1.966537535190582275e-02
5.713985115289688110e-02
1.548187248408794403e-02
-9.327126666903495789e-03
-3.008994646370410919e-02
-8.781458437442779541e-02
-2.884966961573809385e-04
-2.787685953080654144e-02
2.141211740672588348e-02
-5.524351727217435837e-03
-6.380056496709585190e-03
6.474981550127267838e-03
3.496721014380455017e-02
-2.440006472170352936e-02
2.302133850753307343e-02
-6.736550480127334595e-03
-2.469112165272235870e-03
2.448099898174405098e-03
-2.610470168292522430e-02
1.776785030961036682e-02
2.996709756553173065e-02
1.706796884536743164e-02
-2.545591443777084351e-02
4.095628112554550171e-02
1.654115658311638981e-05
2.213406332884915173e-05
1.165098045021295547e-02
5.218120291829109192e-03
1.085557136684656143e-02
1.607866026461124420e-02
9.405700489878654480e-03
1.207590103149414062e-02
-4.141858778893947601e-03
-4.440961405634880066e-02
-6.089530140161514282e-02
-1.314507704228162766e-02
-2.174563633161596954e-05
3.591144084930419922e-02
-3.568056598305702209e-02
-1.967876404523849487e-02
-2.689492976060137153e-05
-1.567274099215865135e-03
-1.452874043025076389e-03
7.542158127762377262e-04
2.535726875066757202e-02
3.998477477580308914e-03
-1.811684295535087585e-02
3.897608816623687744e-02
-4.483110830187797546e-02
-4.608169198036193848e-02
-2.655730023980140686e-02
-3.572907298803329468e-03
-5.686937272548675537e-02
2.086982876062393188e-02
9.340003598481416702e-04
-6.933810561895370483e-02
-5.572635680437088013e-02
-2.076101081911474466e-04
-5.563850328326225281e-02
-4.415009170770645142e-02
-1.959691010415554047e-02
6.130881607532501221e-02
4.512681439518928528e-02
-1.307595986872911453e-02
-9.260848164558410645e-02
4.579358175396919250e-02
3.482294501736760139e-03
-1.551332622766494751e-01
-1.454973686486482620e-02
1.141021680086851120e-02
1.669370681047439575e-01
-2.511044219136238098e-02
-1.373083889484405518e-01
3.862067684531211853e-02
-9.886598214507102966e-03
-1.476243371143937111e-03
4.394666478037834167e-02
-6.377526372671127319e-02
7.205514609813690186e-02
-7.428038865327835083e-03
3.738612681627273560e-02
1.511955913156270981e-02
1.352787483483552933e-02
-4.764448851346969604e-03
-5.402579158544540405e-02
7.591939996927976608e-03
1.496203243732452393e-01
2.506599761545658112e-02
-1.203559339046478271e-03
-1.603366620838642120e-02
7.223376631736755371e-02
-2.167254500091075897e-02
4.884189739823341370e-02
3.899818658828735352e-02
-1.624185405671596527e-02
7.266801549121737480e-05
-6.876316666603088379e-02
-3.839364647865295410e-02
-3.454631567001342773e-02
-2.879498060792684555e-03
-3.122850693762302399e-02
-7.613779604434967041e-02
3.839732334017753601e-02
7.843006402254104614e-03
-6.960338354110717773e-02
-5.032557994127273560e-03
-3.717380389571189880e-02
-2.076297849416732788e-01
-1.428194642066955566e-01
-5.873298272490501404e-02
-9.353207051753997803e-02
8.675719052553176880e-02
2.060021273791790009e-02
2.592089585959911346e-02
-2.205458935350179672e-03
4.271664470434188843e-02
1.913399435579776764e-02
-6.602503708563745022e-04
-3.534076362848281860e-02
-1.796206831932067871e-02
-3.503991290926933289e-02
2.768683806061744690e-02
1.421886533498764038e-01
-1.416953653097152710e-01
5.370318889617919922e-03
-5.400856584310531616e-02
-2.594286203384399414e-02
-1.560348831117153168e-02
1.695703566074371338e-01
2.981678582727909088e-02
4.105234984308481216e-04
-1.986571960151195526e-02
4.654920473694801331e-02
-1.441671513020992279e-02
-5.568624008446931839e-03
4.057174175977706909e-02
6.828915327787399292e-02
-1.478452887386083603e-02
-3.824442625045776367e-02
-3.702704608440399170e-02
-1.386392768472433090e-02
-2.678330801427364349e-02
-3.320341557264328003e-02
-9.758508205413818359e-02
-4.487486556172370911e-02
-9.517419151961803436e-03
5.765287205576896667e-02
5.235899239778518677e-02
1.854989491403102875e-02
-9.944364428520202637e-02
-2.248651385307312012e-01
1.275453902781009674e-02
2.186921052634716034e-02
-1.707182638347148895e-02
-2.654679305851459503e-02
-4.228465631604194641e-02
4.236873611807823181e-02
8.528978377580642700e-02
-3.154778108000755310e-02
-3.242310881614685059e-02
-1.190957427024841309e-02
1.488047745078802109e-02
-7.158725522458553314e-03
9.582833200693130493e-02
2.217607200145721436e-02
-1.650166362524032593e-01
-8.360928855836391449e-03
-1.803475990891456604e-02
4.821221902966499329e-02
4.085978865623474121e-02
-2.960153669118881226e-02
5.657423753291368484e-03
-2.043807134032249451e-02
-1.652729809284210205e-01
6.875264644622802734e-02
-7.156904321163892746e-04
8.506985381245613098e-03
-4.358123987913131714e-02
1.274916250258684158e-02
4.482871666550636292e-02
8.364099264144897461e-02
-2.578994818031787872e-02
2.348892204463481903e-02
-1.469339826144278049e-03
-1.517494302242994308e-02
5.316115170717239380e-02
6.307420786470174789e-03
-1.890594139695167542e-02
1.793966442346572876e-02
-1.254932209849357605e-02
-4.398512095212936401e-02
1.368040684610605240e-02
1.491191145032644272e-02
4.177802428603172302e-02
2.425431646406650543e-02
4.410457983613014221e-02
-4.631394147872924805e-02
3.198023186996579170e-03
4.915318451821804047e-03
6.971613317728042603e-02
2.579970844089984894e-02
3.913096338510513306e-02
-5.698804184794425964e-02
3.706990554928779602e-02
2.400263398885726929e-02
-2.479558251798152924e-02
-4.267335683107376099e-02
-8.916573226451873779e-02
-1.476707519032061100e-03
-2.438024058938026428e-02
-4.660961031913757324e-02
2.774448692798614502e-02
-2.364271134138107300e-02
-2.568165073171257973e-03
-1.202905178070068359e-02
-4.924745485186576843e-02
6.466507166624069214e-02
4.502512980252504349e-03
-1.776415668427944183e-02
3.059682436287403107e-02
1.434725709259510040e-03
6.614542007446289062e-02
1.070464029908180237e-01
-2.982580335810780525e-03
-3.929414227604866028e-02
2.867147885262966156e-02
-3.844663500785827637e-02
-7.791459094732999802e-03
-3.451463952660560608e-02
1.079977606423199177e-03
1.029318496584892273e-01
-4.872952774167060852e-02
2.949614450335502625e-02
-2.622768096625804901e-02
2.130520716309547424e-02
3.246331354603171349e-03
1.931822299957275391e-01
3.008174942806363106e-03
2.120746299624443054e-02
-7.489959895610809326e-02
2.024159021675586700e-02
-1.145014632493257523e-02
-3.745175898075103760e-02
4.511402174830436707e-02
2.533610910177230835e-02
1.570297026773914695e-04
2.638188377022743225e-02
-3.805080801248550415e-02
-5.878698080778121948e-02
