2.697842381894588470e-02
-9.348029270768165588e-03
-6.428575143218040466e-03
1.785704679787158966e-02
4.234104976058006287e-02
4.940890520811080933e-02
-3.145925328135490417e-02
-5.085824802517890930e-02
3.523397818207740784e-02
3.660869970917701721e-02
4.481598734855651855e-02
4.385714232921600342e-02
1.130511332303285599e-02
3.341735340654850006e-03
-2.577174641191959381e-02
-1.980796270072460175e-02
-2.031816728413105011e-02
-1.334983156993985176e-03
-9.947214275598526001e-03
1.831582374870777130e-02
7.056768238544464111e-02
-1.847088634967803955e-01
-1.121132597327232361e-01
1.744618266820907593e-02
-2.523583918809890747e-02
-1.409305538982152939e-02
1.310634892433881760e-02
-7.248968631029129028e-02
4.518085345625877380e-02
-2.618181891739368439e-02
3.998538106679916382e-02
-5.304214209900237620e-05
-1.023101899772882462e-02
-4.248679056763648987e-02
-1.602141303010284901e-03
3.156550973653793335e-02
-4.379069060087203979e-02
1.393799204379320145e-02
-6.573919206857681274e-02
-4.990706592798233032e-02
-1.745721325278282166e-02
-2.556152269244194031e-02
-2.143538929522037506e-02
-1.128376740962266922e-02
6.600015331059694290e-03
-1.752225682139396667e-02
-1.398952603340148926e-01
1.427556276321411133e-01
6.427428871393203735e-02
2.034810557961463928e-02
2.177550084888935089e-02
-3.769184229895472527e-03
2.231008931994438171e-02
-1.672663725912570953e-02
-1.296560280025005341e-02
2.418749593198299408e-02
5.169772543013095856e-03
2.176159620285034180e-02
8.200988918542861938e-02
4.388240631669759750e-03
2.247366867959499359e-02
-2.589892968535423279e-02
6.432658992707729340e-03
1.915983972139656544e-03
2.323724627494812012e-01
2.784174866974353790e-02
-2.761653065681457520e-02
-1.171010429970920086e-03
-2.302740663290023804e-01
1.115935947746038437e-02
1.161632090806961060e-01
-3.380026668310165405e-02
3.383301431313157082e-03
-1.598379611968994141e-01
-3.139073960483074188e-04
-4.304150119423866272e-02
6.013736128807067871e-02
-2.279802691191434860e-03
-1.754174008965492249e-02
-1.806716471910476685e-01
-1.000498421490192413e-03
8.680720813572406769e-03
6.885714083909988403e-02
-2.546607283875346184e-03
-1.366019994020462036e-01
-1.212985534220933914e-02
-3.078497014939785004e-02
-2.336835861206054688e-02
2.083266712725162506e-02
3.080786205828189850e-02
8.494043722748756409e-03
3.808001428842544556e-02
3.851695358753204346e-02
4.541700705885887146e-03
2.146928161382675171e-01
1.151550710201263428e-01
5.118141695857048035e-02
4.688207432627677917e-02
1.760632172226905823e-02
-4.274899140000343323e-02
2.649622969329357147e-02
2.292222715914249420e-02
1.358803734183311462e-02
-4.167989827692508698e-03
-7.522580213844776154e-03
5.913749337196350098e-03
3.141903281211853027e-01
-1.755920797586441040e-02
-5.937550961971282959e-02
1.625210493803024292e-01
4.613510519266128540e-02
4.893613979220390320e-02
6.929551810026168823e-02
-2.522326074540615082e-02
2.412367053329944611e-02
9.428145736455917358e-02
3.735915292054414749e-03
9.539468213915824890e-03
3.356000408530235291e-02
-2.254041656851768494e-02
3.356200829148292542e-02
-1.183660048991441727e-02
3.135671094059944153e-02
-2.487062215805053711e-01
-5.193630233407020569e-02
1.835602521896362305e-02
2.120311604812741280e-03
3.617694601416587830e-02
1.625673621892929077e-01
-1.050620526075363159e-02
-3.201312851160764694e-03
1.136313080787658691e-01
2.023624815046787262e-02
3.067595884203910828e-02
3.637298941612243652e-01
-4.192011430859565735e-03
8.176992647349834442e-03
-1.182404533028602600e-02
-2.299849539995193481e-01
2.130952291190624237e-02
-2.423916384577751160e-02
5.306044593453407288e-03
4.126559197902679443e-02
5.234683677554130554e-02
-3.666487708687782288e-02
2.112395688891410828e-02
1.007463969290256500e-02
-6.209664861671626568e-04
3.265270218253135681e-02
-7.746961712837219238e-02
-2.928857319056987762e-02
-2.454636432230472565e-02
-7.733369711786508560e-03
2.207705006003379822e-02
-1.126618683338165283e-02
-4.668731242418289185e-02
1.011664420366287231e-02
1.011394932866096497e-01
-1.649937964975833893e-02
1.052984502166509628e-02
6.379296630620956421e-02
8.680995553731918335e-03
-1.213957741856575012e-02
7.172501180320978165e-03
1.475767139345407486e-02
3.006753325462341309e-02
4.443805664777755737e-03
5.332064256072044373e-02
-2.940463088452816010e-02
3.828059881925582886e-02
3.115333244204521179e-02
-1.596398465335369110e-02
-5.936090648174285889e-02
1.896543428301811218e-02
-3.690043464303016663e-02
-5.310830473899841309e-02
-8.892968297004699707e-02
2.789089456200599670e-02
1.469402760267257690e-02
-7.734603248536586761e-03
8.975508809089660645e-02
-3.234793618321418762e-02
9.691931307315826416e-03
2.659846656024456024e-02
5.323023721575737000e-02
2.443362027406692505e-02
-7.429925259202718735e-03
-7.906494289636611938e-02
1.659205369651317596e-02
-3.718804940581321716e-02
-2.098063006997108459e-02
-1.769861429929733276e-01
3.749670460820198059e-02
2.121644653379917145e-02
6.126208975911140442e-02
-6.502581387758255005e-02
8.331305347383022308e-03
-1.736212521791458130e-02
1.094028237275779247e-03
4.135424271225929260e-03
