-7.978039320732932538e-06
2.824253328981285449e-07
-1.131511794483230915e-06
2.705947190406732261e-05
-1.700840812191017903e-06
-8.795586836640723050e-06
7.462355824827682227e-06
-3.890066182066220790e-06
4.363013886177213863e-06
1.448335051890126124e-08
1.677381624176632613e-05
-1.503981593486969359e-06
-9.584940926288254559e-06
8.854854058881755918e-06
9.105644494411535561e-06
8.904402420739643276e-06
1.703508814898668788e-06
-1.256735595234204084e-05
4.428093689057277516e-06
-8.655517376610077918e-06
1.715705366223119199e-06
-2.608813474580529146e-06
5.113004135637311265e-07
-1.516949942015344277e-05
-3.443988362050731666e-06
8.502298669554875232e-07
-7.566502517875051126e-06
-4.797038400283781812e-06
4.023322162538534030e-06
-4.904710294795222580e-06
-4.279449058230966330e-06
-2.008612000281573273e-06
-7.515334345953306183e-06
1.370563313685124740e-05
-8.052743396547157317e-06
-3.539464159985072911e-06
7.663026735826861113e-06
3.479243787296582013e-06
4.583218014886369929e-06
-1.260813769476953894e-05
5.058405349700478837e-06
6.321220098470803350e-07
1.137286017183214426e-05
8.990159017230325844e-08
8.111581337288953364e-06
5.238494395598536357e-06
-4.798562827090790961e-07
5.012001565773971379e-06
9.938246421370422468e-07
-2.526201342334388755e-06
4.719094704341841862e-06
1.216706277773482725e-05
-3.290007498435443267e-06
-5.713300765819440130e-07
-7.309899501706240699e-06
-6.210689662111690268e-06
-1.157715178123908117e-05
-2.046916733888792805e-06
4.970266672899015248e-06
-6.575536644959356636e-06
4.862213245360180736e-06
-5.119102297612698749e-06
-2.401568281129584648e-06
-3.189195695085800253e-06
1.379539185109024402e-06
-1.346684803138487041e-05
-2.257115966131095774e-06
-1.302739292441401631e-06
3.522979795889114030e-06
6.567818218172760680e-06
-1.100925260288931895e-06
5.485188012244179845e-06
-7.839970749046187848e-06
-1.636618662814726122e-06
1.831381609918025788e-06
6.013639449520269409e-06
8.648466064187232405e-06
-1.748845534166321158e-05
1.335498291155090556e-05
-3.921938969142502174e-07
-6.055469839338911697e-06
1.956776941369753331e-06
-3.345939830978750251e-06
1.404408612870611250e-05
-8.177376003004610538e-06
6.016307452227920294e-06
1.563820774208579678e-06
-4.411323516251286492e-06
-4.413610668052569963e-07
-4.248767027092981152e-07
6.687877885269699618e-06
4.765403446072014049e-06
-7.807002475601620972e-06
-1.317413193646643776e-06
1.864855221356265247e-05
-3.803404069913085550e-06
1.208149660669732839e-05
-5.653795142279705033e-06
4.880889264313736930e-06
-2.858174866560148075e-06
2.431154371151933447e-06
-6.819847840233705938e-06
-1.074207284545991570e-05
1.727615995150699746e-06
2.295229933224618435e-06
1.016883629745279904e-06
7.493228508792526554e-07
4.197074758849339560e-06
-4.648107278626412153e-06
-3.283718569946358912e-06
1.536759782538865693e-06
1.726567802506906446e-06
1.023296408675378188e-05
-1.588976033417566214e-06
5.213148597249528393e-06
-1.167967911896994337e-05
-8.859999070409685373e-06
-4.177112714387476444e-06
2.404236283837235533e-06
-6.472323089838027954e-02
-1.223023718921467662e-05
8.910309588827658445e-06
-3.095625743299024180e-06
-3.993926839029882103e-06
-2.496567503840196878e-06
-5.060406692791730165e-06
9.359293471788987517e-06
-6.328747986117377877e-06
-9.372872227686457336e-06
7.590133463963866234e-06
4.570068995235487819e-06
-2.415479798401065636e-07
3.660095217128400691e-06
-1.254162907571299002e-05
-6.322363788058282807e-06
1.314726159762358293e-05
-5.701294867321848869e-06
-4.765403446072014049e-06
-6.428701908589573577e-06
5.560463250731118023e-06
-2.172693257307400927e-06
7.958791684359312057e-06
2.507715862520853989e-06
-4.826957592740654945e-06
-7.470860055036609992e-06
4.790177627000957727e-06
1.893507487693568692e-06
-3.529363823417952517e-07
4.889274350716732442e-06
-1.483476262365002185e-05
-3.653615749499294907e-06
1.380148933094460517e-05
-4.182644560933113098e-02
-2.700834302231669426e-03
-1.644641633902210742e-05
3.926131284970324486e-06
-2.614387767607695423e-06
1.073521161742974073e-05
1.305921796301845461e-05
-4.832301347050815821e-04
3.879060386680066586e-06
4.164344318269286305e-06
3.131538163870573044e-03
4.322136646806029603e-06
3.679301589727401733e-03
-1.513033680566877592e-06
-2.313174307346343994e-02
-7.033191195660037920e-06
-1.096252468414604664e-03
-8.126112334139179438e-06
3.298630645076627843e-06
1.564201852488622535e-06
1.413032319396734238e-02
-1.102259261642757338e-06
7.822533916623797268e-06
-7.630134001374244690e-03
-1.719592910376377404e-05
-2.696312032639980316e-02
-1.188815198838710785e-02
-8.099051228782627732e-06
1.952584398168255575e-06
-4.586520604789257050e-03
-5.390093065216206014e-06
1.308237202465534210e-02
-1.429964049748377874e-05
-1.147817447781562805e-02
-4.933849349617958069e-02
2.505052462220191956e-02
-3.734274741873377934e-06
-5.300144039210863411e-06
-1.234972478414420038e-05
3.473812512311269529e-06
-7.240912964334711432e-06
-7.683798912694328465e-07
4.102837920072488487e-06
-6.467578259616857395e-06
-4.421995527081890032e-06
-2.121620354955666699e-06
-1.087204168470634613e-06
-2.846147678792476654e-02
1.297908276319503784e-02
4.498797655105590820e-02
2.616898156702518463e-02
5.465559297590516508e-06
2.410834422335028648e-03
-1.108842901885509491e-02
-2.596859261393547058e-02
-2.584154158830642700e-02
3.654808038845658302e-03
-9.239043720299378037e-06
2.328389200556557626e-06
1.187768157251412049e-05
-2.192512511101085693e-06
1.973356575035722926e-06
9.599983741281903349e-07
8.055601938394829631e-06
-1.156400230684084818e-05
-8.463613085041288286e-06
-3.491821416901075281e-06
-1.047670320986071602e-05
2.029185742139816284e-02
-1.392863108776509762e-03
-2.105135990859707817e-06
2.069899528578389436e-05
3.498872729323920794e-07
-1.772209429873328190e-06
1.722756479693998699e-07
-2.747124433517456055e-02
1.241186517290771008e-03
-7.003653081483207643e-06
-3.271954879164695740e-02
-1.095208062906749547e-05
9.887994267046451569e-03
-1.110681239515542984e-02
-2.812077663838863373e-02
7.737158114196063252e-08
-9.057858733285684139e-06
1.547815860249102116e-03
-1.641149632632732391e-03
9.609710425138473511e-03
1.313754273724043742e-05
-7.201792672276496887e-03
9.012059308588504791e-04
-1.018217631099105347e-06
-2.941932529211044312e-02
-2.663030727489967830e-06
-1.012792810797691345e-02
2.440449083223938942e-03
-5.051252897828817368e-03
-4.131566129217389971e-06
2.340604805795010179e-05
-9.567015695211011916e-06
-1.258108858019113541e-02
-1.647561602294445038e-02
1.608370058238506317e-02
1.263582380488514900e-03
5.066394805908203125e-03
-2.146637253463268280e-02
-1.213457017001928762e-05
-1.435828022658824921e-02
4.209700364299351349e-06
-2.760031065918155946e-06
-1.556038763374090195e-02
-6.414300762116909027e-03
2.929067022705567069e-06
-3.001565858721733093e-02
1.776903308928012848e-02
3.742753993719816208e-03
-9.637907169235404581e-06
-7.439868454639508855e-07
-3.176808718308166135e-07
-1.270437587663764134e-05
2.204990945756435394e-03
2.011458575725555420e-02
-1.406028445671836380e-06
-2.169072331525967456e-06
7.760503649478778243e-06
-6.231651923371828161e-07
-5.828214852954261005e-06
-5.598577445198316127e-06
4.012650606455281377e-06
8.872117847204208374e-03
-2.099133098454331048e-06
4.369874659460037947e-06
-5.309863354341359809e-06
-9.563204002915881574e-06
-1.357242467747710180e-06
-2.042006002739071846e-03
-2.939244545996189117e-02
-1.268360392714384943e-05
-2.087317625409923494e-06
-2.176409225285169668e-06
-1.315582194365561008e-03
7.955170985951554030e-06
-1.369153096675290726e-06
9.928718100127298385e-06
-6.170288543216884136e-06
-2.954031742774532177e-06
4.354533587047626497e-07
-2.774383407086133957e-03
4.151807725429534912e-02
-1.724241673946380615e-02
4.310172423720359802e-02
2.164664492011070251e-02
4.142558947205543518e-02
-3.494873270392417908e-02
1.153064053505659103e-02
1.432901024818420410e-01
8.853694051504135132e-02
2.062385529279708862e-02
-7.292886078357696533e-02
-8.854653686285018921e-02
-3.181971982121467590e-02
-1.758405007421970367e-02
-1.380666065961122513e-02
2.111346460878849030e-02
5.260843783617019653e-03
1.569415479898452759e-01
-1.291214674711227417e-01
8.308922499418258667e-02
1.266340464353561401e-01
-8.507196605205535889e-02
5.886938795447349548e-02
-7.846616208553314209e-02
5.399362742900848389e-02
-8.014824241399765015e-02
-2.178778313100337982e-02
-5.057622119784355164e-02
5.554582178592681885e-02
1.782107912003993988e-02
4.779375717043876648e-02
-2.742956392467021942e-02
7.385065406560897827e-02
8.481138199567794800e-02
-1.009904816746711731e-01
3.813612088561058044e-02
-1.281979028135538101e-02
6.974636763334274292e-02
-7.578272372484207153e-02
1.257091760635375977e-01
-3.978408873081207275e-03
-7.959497720003128052e-02
-6.843003630638122559e-02
-6.791084259748458862e-02
3.269866108894348145e-02
-1.553612649440765381e-01
-7.230711728334426880e-02
-3.795410320162773132e-02
-2.843968756496906281e-02
-1.809053495526313782e-02
5.365272611379623413e-02
-1.358554419130086899e-02
-6.074061151593923569e-03
-1.470681428909301758e-01
-3.974321857094764709e-02
-2.917429804801940918e-02
1.215611211955547333e-02
-7.067257910966873169e-02
3.757439926266670227e-02
3.616680949926376343e-02
5.895333364605903625e-02
5.970972776412963867e-02
-1.247155852615833282e-02
-9.883776307106018066e-02
6.132471933960914612e-02
6.247877329587936401e-02
2.978849224746227264e-02
1.269037276506423950e-01
-9.608301520347595215e-02
-1.280267834663391113e-01
-1.227840781211853027e-01
-7.728521525859832764e-02
-2.934222482144832611e-02
-1.271849963814020157e-02
1.570372283458709717e-01
3.052109153941273689e-03
-1.649266630411148071e-01
5.047583580017089844e-02
-1.337197870016098022e-01
8.320450782775878906e-02
-4.432993754744529724e-02
-3.683699667453765869e-02
5.212165042757987976e-02
3.700863942503929138e-02
3.508322313427925110e-02
2.970255538821220398e-02
7.659138739109039307e-02
1.130193821154534817e-03
-5.184743180871009827e-02
-2.882531285285949707e-02
-1.233480945229530334e-01
-4.886381328105926514e-02
-5.152947455644607544e-02
-1.395740825682878494e-02
2.500893175601959229e-02
4.598735272884368896e-02
-3.821222111582756042e-02
-8.023189380764961243e-03
-1.642529107630252838e-02
1.749048382043838501e-01
-1.808550804853439331e-01
5.023873224854469299e-02
4.808297753334045410e-02
6.265792250633239746e-02
8.963593840599060059e-02
8.319830894470214844e-02
-1.223566234111785889e-01
-3.723600879311561584e-03
9.599443525075912476e-02
-2.949680760502815247e-02
-1.179737523198127747e-01
-4.896396305412054062e-03
7.394389063119888306e-02
2.758423984050750732e-02
1.075078360736370087e-02
4.165446758270263672e-02
-8.286666870117187500e-02
4.507423192262649536e-02
-1.454612761735916138e-01
3.824395127594470978e-03
1.265618503093719482e-01
7.611075416207313538e-03
8.480740338563919067e-02
-1.829946599900722504e-02
5.067649856209754944e-02
2.143760398030281067e-02
1.457086036680266261e-04
-4.152203351259231567e-02
-2.039020359516143799e-01
-4.783480614423751831e-02
8.987129479646682739e-02
4.399506002664566040e-02
2.637320011854171753e-02
7.629193365573883057e-02
-1.779477298259735107e-02
-3.086759448051452637e-01
-5.501700937747955322e-02
4.887340217828750610e-02
4.677225276827812195e-02
-7.922829128801822662e-03
1.224891003221273422e-02
-4.871594905853271484e-02
-4.796346649527549744e-02
-6.879382580518722534e-02
2.005061954259872437e-01
1.162970322184264660e-03
-1.328843981027603149e-01
2.092401534318923950e-01
-8.570102602243423462e-02
-4.634818062186241150e-02
