3.981114551424980164e-02
2.271912805736064911e-02
2.598616061732172966e-03
-4.708450287580490112e-02
1.192722190171480179e-02
-1.057246234267950058e-02
-2.403644658625125885e-02
1.497237831354141235e-01
7.808768749237060547e-02
6.948766112327575684e-02
-1.098172590136528015e-01
-9.199167788028717041e-02
-5.886857211589813232e-02
-1.526228879811242223e-04
-9.651288390159606934e-03
3.634988889098167419e-02
4.685148596763610840e-02
8.912791311740875244e-02
-1.370303481817245483e-01
6.473521143198013306e-02
1.356874555349349976e-01
-7.563585788011550903e-02
7.370122522115707397e-02
-1.129958927631378174e-01
5.945749580860137939e-02
9.811869822442531586e-03
-1.246484462171792984e-02
-9.693675674498081207e-03
8.040185272693634033e-02
-4.721815884113311768e-02
4.802562668919563293e-02
2.946025133132934570e-02
6.389479339122772217e-02
6.739147007465362549e-02
-6.999886035919189453e-02
9.460273198783397675e-03
-9.726093709468841553e-02
1.082835718989372253e-01
-9.775966405868530273e-02
1.128814667463302612e-01
1.301619224250316620e-02
-7.080584764480590820e-02
-7.545564789324998856e-03
-9.550374746322631836e-02
-1.815850287675857544e-02
-1.035417467355728149e-01
-5.838889628648757935e-02
-2.361233346164226532e-02
-1.503110863268375397e-02
-5.525530502200126648e-02
5.889466777443885803e-02
-3.379206731915473938e-02
-1.804158836603164673e-02
-1.106243878602981567e-01
1.094902399927377701e-04
-3.186662122607231140e-02
4.133924096822738647e-02
1.154257450252771378e-02
-2.948106033727526665e-03
3.816565033048391342e-03
1.307314727455377579e-02
2.998308651149272919e-02
-3.800404816865921021e-02
-1.445376276969909668e-01
8.648206293582916260e-02
2.397724986076354980e-02
8.669313788414001465e-02
1.002527251839637756e-01
-7.036537677049636841e-02
-8.022745698690414429e-02
-1.404172033071517944e-01
-1.658113896846771240e-01
-1.638630591332912445e-02
3.630717052146792412e-03
1.334827244281768799e-01
7.059359457343816757e-03
-1.481111049652099609e-01
3.346569463610649109e-02
-1.415216326713562012e-01
6.224378198385238647e-02
1.168755814433097839e-03
-2.511516772210597992e-02
7.169444113969802856e-02
8.561426401138305664e-02
6.724358350038528442e-02
3.433421254158020020e-02
1.134883910417556763e-01
3.449263423681259155e-02
-7.731337845325469971e-02
-5.495345592498779297e-02
-8.758895099163055420e-02
-7.593220472335815430e-02
-7.446481287479400635e-02
-7.084074616432189941e-02
3.235346078872680664e-02
3.317724913358688354e-02
-7.254080474376678467e-02
2.983897179365158081e-02
-7.442356646060943604e-02
1.773648858070373535e-01
-1.774093657732009888e-01
6.345552206039428711e-02
5.669350549578666687e-02
6.275963783264160156e-02
1.346552968025207520e-01
1.004443690180778503e-01
-6.824630498886108398e-02
1.021845825016498566e-02
7.987205684185028076e-02
-5.902882292866706848e-02
-8.741242438554763794e-02
4.534747824072837830e-02
8.011650294065475464e-02
4.904212057590484619e-02
4.210691899061203003e-02
4.183546081185340881e-02
-1.345064491033554077e-01
3.824298083782196045e-02
-1.621793806552886963e-01
-8.684808015823364258e-02
1.777141243219375610e-01
1.009210012853145599e-02
2.661024406552314758e-02
-3.907319530844688416e-02
2.048804983496665955e-02
3.482477739453315735e-02
1.507082837633788586e-03
-9.144333004951477051e-02
-2.362951636314392090e-01
-5.038902163505554199e-02
6.455273926258087158e-02
1.689018867909908295e-02
2.560753747820854187e-02
3.938455134630203247e-02
2.495327033102512360e-02
-2.514913082122802734e-01
-5.351372435688972473e-02
-7.531534880399703979e-02
1.081973314285278320e-01
6.233471911400556564e-03
-4.097005724906921387e-02
-5.689070001244544983e-02
-7.299777865409851074e-02
4.697684943675994873e-02
1.877705007791519165e-01
-2.984938025474548340e-02
-5.241625010967254639e-02
1.828306168317794800e-01
-6.100164353847503662e-02
-9.305706620216369629e-02
