8.472390174865722656e+00
8.523412704467773438e+00
8.507311820983886719e+00
8.466477394104003906e+00
8.515726089477539062e+00
8.529867172241210938e+00
8.459823608398437500e+00
8.496932029724121094e+00
8.520427703857421875e+00
8.521111488342285156e+00
8.514319419860839844e+00
-2.072840034961700439e-01
8.406723976135253906e+00
8.618664741516113281e+00
8.517063140869140625e+00
8.523541450500488281e+00
8.593756675720214844e+00
8.547247886657714844e+00
8.543679237365722656e+00
8.573917388916015625e+00
8.533537864685058594e+00
8.528001785278320312e+00
8.536221504211425781e+00
8.494556427001953125e+00
8.561010360717773438e+00
8.509482383728027344e+00
8.528579711914062500e+00
8.558827400207519531e+00
8.589558601379394531e+00
8.526875495910644531e+00
8.531818389892578125e+00
8.465560913085937500e+00
8.476850509643554688e+00
8.505824089050292969e+00
8.492825508117675781e+00
8.466862678527832031e+00
8.452219009399414062e+00
8.555917739868164062e+00
8.524335861206054688e+00
8.343011856079101562e+00
8.540604591369628906e+00
8.502984046936035156e+00
8.459795951843261719e+00
8.521846771240234375e+00
8.516384124755859375e+00
8.530423164367675781e+00
8.523505210876464844e+00
8.533898353576660156e+00
8.524750709533691406e+00
8.511596679687500000e+00
8.554277420043945312e+00
8.556532859802246094e+00
8.517384529113769531e+00
8.539575576782226562e+00
8.535994529724121094e+00
8.483435630798339844e+00
8.508224487304687500e+00
8.380758285522460938e+00
8.533482551574707031e+00
8.484579086303710938e+00
8.516506195068359375e+00
8.491185188293457031e+00
8.483853340148925781e+00
8.623827934265136719e+00
8.598859786987304688e+00
8.509853363037109375e+00
8.348886489868164062e+00
8.377433776855468750e+00
8.574068069458007812e+00
8.571713447570800781e+00
8.593085289001464844e+00
8.577278137207031250e+00
8.485456466674804688e+00
8.533267021179199219e+00
8.513051986694335938e+00
8.527560234069824219e+00
8.484409332275390625e+00
8.504330635070800781e+00
8.537711143493652344e+00
8.500116348266601562e+00
8.536203384399414062e+00
8.511994361877441406e+00
8.492461204528808594e+00
8.563414573669433594e+00
8.510766983032226562e+00
8.478733062744140625e+00
8.577898025512695312e+00
8.598557472229003906e+00
8.428507804870605469e+00
8.544908523559570312e+00
8.511218070983886719e+00
8.505022048950195312e+00
8.578885078430175781e+00
8.507486343383789062e+00
8.507153511047363281e+00
8.405016899108886719e+00
8.509259223937988281e+00
8.477558135986328125e+00
8.499641418457031250e+00
8.595780372619628906e+00
8.493945121765136719e+00
8.547744750976562500e+00
8.533761024475097656e+00
8.582612991333007812e+00
8.517206192016601562e+00
8.532810211181640625e+00
8.546525001525878906e+00
8.573200225830078125e+00
8.447523117065429688e+00
8.550506591796875000e+00
8.596982955932617188e+00
8.489517211914062500e+00
8.479010581970214844e+00
8.521024703979492188e+00
8.504568099975585938e+00
8.472784996032714844e+00
8.503634452819824219e+00
8.498457908630371094e+00
8.394208908081054688e+00
8.498551368713378906e+00
8.530953407287597656e+00
8.542366027832031250e+00
8.470510482788085938e+00
8.421215057373046875e+00
8.531698226928710938e+00
8.540088653564453125e+00
8.456622123718261719e+00
8.545265197753906250e+00
8.482169151306152344e+00
1.821646571159362793e+00
8.583233833312988281e+00
8.477108001708984375e+00
8.457921028137207031e+00
8.494042396545410156e+00
8.500130653381347656e+00
8.607127189636230469e+00
8.462320327758789062e+00
8.614383697509765625e+00
8.543844223022460938e+00
8.558923721313476562e+00
8.558890342712402344e+00
8.559133529663085938e+00
8.468068122863769531e+00
8.440389633178710938e+00
8.602044105529785156e+00
8.623312950134277344e+00
8.581599235534667969e+00
8.559859275817871094e+00
8.608168601989746094e+00
8.577732086181640625e+00
7.251563668251037598e-01
1.010958433151245117e+00
-1.068732166290283203e+01
-8.520345091819763184e-01
5.628961324691772461e-01
6.355174779891967773e-01
-9.674292564392089844e+00
9.365922808647155762e-01
-1.050506591796875000e+01
-1.011107063293457031e+01
1.417304039001464844e+00
-1.194185638427734375e+01
1.378316521644592285e+00
-1.092720508575439453e+01
-1.067755222320556641e+01
-1.070390510559082031e+01
-1.092089366912841797e+01
-1.051473236083984375e+01
-1.031045436859130859e+01
9.104682803153991699e-01
-1.025413227081298828e+01
-1.099100589752197266e+01
5.063561201095581055e-01
-1.075008869171142578e+01
-1.021449661254882812e+01
-1.047473812103271484e+01
-1.027794837951660156e+01
8.225304484367370605e-01
-1.073341178894042969e+01
5.927103161811828613e-01
-9.976751327514648438e+00
-1.026860332489013672e+01
2.319712042808532715e-01
1.120524168014526367e+00
-1.051609706878662109e+01
-1.022256088256835938e+01
9.999581575393676758e-01
-1.048645114898681641e+01
8.884184360504150391e-01
1.078508734703063965e+00
-1.082348060607910156e+01
1.357951641082763672e+00
5.496486425399780273e-01
-1.082543373107910156e+01
1.019199609756469727e+00
-1.069075202941894531e+01
6.131170988082885742e-01
-1.005906391143798828e+01
-1.074531269073486328e+01
-9.685849189758300781e+00
1.340908169746398926e+00
1.126424670219421387e+00
1.342435717582702637e+00
-1.087900924682617188e+01
-1.029938888549804688e+01
1.306348323822021484e+00
1.122661352157592773e+00
1.187315136194229126e-01
3.569741845130920410e-01
-1.067974662780761719e+01
-1.051379489898681641e+01
1.049674510955810547e+00
1.018963813781738281e+00
-1.090631675720214844e+01
-1.084938716888427734e+01
-1.053052806854248047e+01
8.289520740509033203e-01
8.694184422492980957e-01
-1.098615169525146484e+01
5.259198546409606934e-01
-1.047472095489501953e+01
-1.064698410034179688e+01
2.420082688331604004e-01
4.055816829204559326e-01
-1.015212535858154297e+01
-1.068574905395507812e+01
9.825059771537780762e-01
4.897346794605255127e-01
1.187476396560668945e+00
-1.073114776611328125e+01
-1.080688190460205078e+01
8.450623750686645508e-01
-9.966079711914062500e+00
-1.089904308319091797e+01
1.013030886650085449e+00
-1.038776206970214844e+01
-1.085558795928955078e+01
-1.081519603729248047e+01
-9.556764602661132812e+00
-1.065153598785400391e+01
8.563287854194641113e-01
2.783510982990264893e-01
1.206382036209106445e+00
-1.052126789093017578e+01
1.142975687980651855e+00
1.347988128662109375e+00
-1.021793937683105469e+01
-1.019951343536376953e+01
9.842698574066162109e-01
-1.056082057952880859e+01
1.139866232872009277e+00
4.747869968414306641e-01
1.324806928634643555e+00
1.227522373199462891e+00
-1.081051635742187500e+01
-1.014103412628173828e+01
-1.017349529266357422e+01
1.486432790756225586e+00
1.031222701072692871e+00
-1.054143810272216797e+01
5.853506922721862793e-01
-9.699638366699218750e+00
1.314420104026794434e+00
-1.016829299926757812e+01
1.446609854698181152e+00
-1.043844032287597656e+01
-1.058331203460693359e+01
6.642825603485107422e-01
1.235736012458801270e+00
-1.074163627624511719e+01
-1.093451499938964844e+01
-1.040610980987548828e+01
-1.061596584320068359e+01
1.133055567741394043e+00
-1.065811824798583984e+01
8.309978246688842773e-01
1.426181912422180176e+00
-1.095362663269042969e+01
-1.045039272308349609e+01
1.223065733909606934e+00
-1.092665672302246094e+01
-1.071009731292724609e+01
1.160386204719543457e+00
-1.025046348571777344e+01
1.014754295349121094e+00
-1.062598037719726562e+01
1.544611901044845581e-01
-1.040345096588134766e+01
-1.078476524353027344e+01
-1.029165267944335938e+01
6.018058657646179199e-01
-1.056931591033935547e+01
1.354354262351989746e+00
-1.030047702789306641e+01
-1.106424045562744141e+01
-1.073435401916503906e+01
-1.067323684692382812e+01
-1.069655418395996094e+01
-1.070251274108886719e+01
7.338740229606628418e-01
-7.718359120190143585e-03
-1.028115395456552505e-02
2.051912844181060791e-01
1.292660385370254517e-01
1.084541785530745983e-03
3.452749550342559814e-02
5.960377678275108337e-02
1.085619442164897919e-02
-6.857376545667648315e-02
-4.520508944988250732e-01
3.140974938869476318e-01
-5.443049240112304688e+01
-2.125937640666961670e-01
8.417083323001861572e-02
-5.324235931038856506e-02
7.282120734453201294e-02
-1.381454057991504669e-02
5.514239519834518433e-02
2.983411252498626709e-01
-1.219362858682870865e-02
-6.699164956808090210e-02
8.534610271453857422e-02
2.892883718013763428e-01
1.918828859925270081e-02
8.817331865429878235e-03
-3.019080758094787598e-01
1.136093437671661377e-01
4.080135375261306763e-02
2.226198324933648109e-03
1.888530999422073364e-01
-9.078384190797805786e-02
-1.018997579813003540e-01
4.993797093629837036e-02
1.694570332765579224e-01
1.002845466136932373e-01
3.206821084022521973e-01
-2.648573219776153564e-01
1.436788439750671387e-01
-6.750002037733793259e-03
2.662130892276763916e-01
-2.131373994052410126e-02
-3.035807050764560699e-02
-3.905995283275842667e-03
-7.270886003971099854e-02
-2.502884715795516968e-02
5.787804722785949707e-02
2.374574095010757446e-01
1.346028447151184082e-01
6.687257438898086548e-02
-3.621991574764251709e-01
-1.475119739770889282e-01
-9.037882834672927856e-02
1.422928422689437866e-01
-7.446552067995071411e-02
4.245682805776596069e-02
1.021282151341438293e-01
-4.941466450691223145e-02
-2.342991530895233154e-01
-1.741244345903396606e-01
6.361799687147140503e-02
-4.879303276538848877e-02
1.900998353958129883e-01
-2.338036894798278809e-02
-5.503028631210327148e-02
5.040599405765533447e-02
3.209054470062255859e-02
-1.730296015739440918e-02
-4.187173675745725632e-03
-1.699226163327693939e-02
-1.365673635154962540e-02
-6.009568646550178528e-02
-2.043851092457771301e-02
-1.789327710866928101e-03
-2.067198753356933594e-01
1.303725540637969971e-01
-1.451671123504638672e-01
-3.021082840859889984e-02
-1.432261988520622253e-02
9.375759959220886230e-02
3.598371520638465881e-02
1.935784704983234406e-02
2.548114955425262451e-02
-2.135134637355804443e-01
1.953441649675369263e-02
-6.346560269594192505e-02
1.392351579852402210e-03
-1.988542452454566956e-02
-2.630577422678470612e-02
7.224032282829284668e-01
-4.802599549293518066e-02
-2.363573759794235229e-02
2.846062481403350830e-01
-1.956127434968948364e-01
-8.596631139516830444e-02
-2.773437798023223877e-01
4.394344091415405273e-01
-1.158348098397254944e-01
8.077465742826461792e-02
-6.228782236576080322e-03
-1.378871202468872070e-01
-4.864212870597839355e-02
-4.450695961713790894e-02
-1.074119433760643005e-01
8.385103195905685425e-02
5.445931479334831238e-02
-2.124636471271514893e-01
-6.523594725877046585e-03
-7.016368955373764038e-02
6.193391978740692139e-02
1.955510117113590240e-03
1.365402247756719589e-02
3.401162028312683105e-01
-1.767230778932571411e-01
-2.395242303609848022e-01
-3.941840305924415588e-02
1.012116372585296631e-01
5.567359179258346558e-02
-6.878661364316940308e-02
-3.437862694263458252e-01
-1.054984405636787415e-01
-2.878336980938911438e-02
-2.671565711498260498e-01
-7.072404772043228149e-02
-1.854147017002105713e-01
-6.814740598201751709e-02
-9.447064250707626343e-02
2.459044307470321655e-01
-5.241602659225463867e-02
6.388404965400695801e-02
1.316004753112792969e+00
5.654853209853172302e-02
-2.094909176230430603e-02
-1.512341052293777466e-01
-1.882021576166152954e-01
-1.076186355203390121e-02
-1.644491404294967651e-01
-2.192392386496067047e-02
5.155980959534645081e-02
2.760611474514007568e-02
-3.713045269250869751e-02
6.341028213500976562e-02
-2.337531745433807373e-01
-2.784746587276458740e-01
1.334314346313476562e-01
1.026273425668478012e-02
-1.461612526327371597e-02
-9.599394351243972778e-02
8.980226516723632812e-02
1.337442453950643539e-02
-3.025278151035308838e-01
