8.154056267812848091e-04
-9.526350349187850952e-02
-7.158354669809341431e-02
-6.697993725538253784e-02
5.057612061500549316e-02
3.918331861495971680e-02
-9.139549732208251953e-02
-2.194926440715789795e-01
-1.257583051919937134e-01
-2.391563355922698975e-02
-7.244822978973388672e-01
3.160835504531860352e-01
8.962755091488361359e-03
-7.956089079380035400e-02
-1.533220708370208740e-01
1.488606724888086319e-02
-1.461219489574432373e-01
1.287535876035690308e-01
3.212194656953215599e-03
2.696032403036952019e-03
-2.017205115407705307e-03
-2.713094465434551239e-03
3.195914439857006073e-03
-2.169090695679187775e-02
-1.931976410560309887e-03
-2.240560203790664673e-01
-3.384827971458435059e-01
-1.503850668668746948e-01
-1.534581333398818970e-01
-9.866463951766490936e-04
