8.521011352539062500e+00
8.534434318542480469e+00
8.514663696289062500e+00
8.495894432067871094e+00
8.527120590209960938e+00
8.490208625793457031e+00
8.562330245971679688e+00
8.581453323364257812e+00
8.550488471984863281e+00
8.475144386291503906e+00
8.449127197265625000e+00
-2.025319635868072510e-01
8.465158462524414062e+00
8.509978294372558594e+00
8.538032531738281250e+00
8.529125213623046875e+00
8.457426071166992188e+00
8.508126258850097656e+00
8.518687248229980469e+00
8.442579269409179688e+00
8.586569786071777344e+00
8.548715591430664062e+00
8.501038551330566406e+00
8.528687477111816406e+00
8.517728805541992188e+00
8.543281555175781250e+00
8.521151542663574219e+00
8.526579856872558594e+00
8.556806564331054688e+00
8.508554458618164062e+00
8.569241523742675781e+00
8.551499366760253906e+00
8.514886856079101562e+00
8.509760856628417969e+00
8.516194343566894531e+00
8.544795036315917969e+00
8.406147003173828125e+00
8.473729133605957031e+00
8.516914367675781250e+00
8.415883064270019531e+00
8.585064888000488281e+00
8.525818824768066406e+00
8.325815200805664062e+00
8.525828361511230469e+00
8.492355346679687500e+00
8.544742584228515625e+00
8.489268302917480469e+00
8.533767700195312500e+00
8.519664764404296875e+00
8.502713203430175781e+00
8.448587417602539062e+00
8.457029342651367188e+00
8.496520042419433594e+00
8.527867317199707031e+00
8.524251937866210938e+00
8.552231788635253906e+00
8.519225120544433594e+00
8.539146423339843750e+00
8.487468719482421875e+00
8.561174392700195312e+00
8.420096397399902344e+00
8.533861160278320312e+00
8.543293952941894531e+00
8.495146751403808594e+00
8.490910530090332031e+00
8.492177009582519531e+00
8.405660629272460938e+00
8.355539321899414062e+00
8.520878791809082031e+00
8.464587211608886719e+00
8.436195373535156250e+00
8.557139396667480469e+00
8.582223892211914062e+00
8.419271469116210938e+00
8.534047126770019531e+00
8.529477119445800781e+00
8.496482849121093750e+00
8.629987716674804688e+00
8.551573753356933594e+00
8.529431343078613281e+00
8.503530502319335938e+00
8.522815704345703125e+00
8.478670120239257812e+00
8.521943092346191406e+00
8.577689170837402344e+00
8.487375259399414062e+00
8.552734375000000000e+00
8.524221420288085938e+00
8.536447525024414062e+00
8.523208618164062500e+00
8.504519462585449219e+00
8.568346023559570312e+00
8.515052795410156250e+00
8.535150527954101562e+00
8.471302032470703125e+00
8.386122703552246094e+00
8.575160026550292969e+00
8.530325889587402344e+00
8.516870498657226562e+00
8.530868530273437500e+00
8.525744438171386719e+00
8.449926376342773438e+00
8.509578704833984375e+00
8.448698043823242188e+00
8.512515068054199219e+00
8.540341377258300781e+00
8.489092826843261719e+00
8.538548469543457031e+00
8.549180030822753906e+00
8.493944168090820312e+00
8.505518913269042969e+00
8.518126487731933594e+00
8.524933815002441406e+00
8.562197685241699219e+00
8.491366386413574219e+00
8.544809341430664062e+00
8.541390419006347656e+00
8.512639045715332031e+00
8.411033630371093750e+00
8.475779533386230469e+00
8.541558265686035156e+00
8.504159927368164062e+00
8.587305068969726562e+00
8.435056686401367188e+00
8.516400337219238281e+00
8.509223937988281250e+00
8.482639312744140625e+00
8.536708831787109375e+00
8.518063545227050781e+00
1.811601281166076660e+00
8.539032936096191406e+00
8.500296592712402344e+00
8.576972007751464844e+00
8.542710304260253906e+00
8.551572799682617188e+00
8.476223945617675781e+00
8.552786827087402344e+00
8.512191772460937500e+00
8.495588302612304688e+00
8.465185165405273438e+00
8.501829147338867188e+00
8.452342033386230469e+00
8.420030593872070312e+00
8.566054344177246094e+00
8.540297508239746094e+00
8.523026466369628906e+00
8.489459991455078125e+00
8.494354248046875000e+00
8.529915809631347656e+00
8.507870674133300781e+00
7.366805672645568848e-01
9.671423435211181641e-01
-1.069299411773681641e+01
-8.931573033332824707e-01
5.811977982521057129e-01
6.382669806480407715e-01
-9.831533432006835938e+00
1.006486177444458008e+00
-1.043990039825439453e+01
-1.021677494049072266e+01
1.319568872451782227e+00
-1.191314411163330078e+01
1.309096813201904297e+00
-1.084451389312744141e+01
-1.066562271118164062e+01
-1.072256565093994141e+01
-1.099729251861572266e+01
-1.048629570007324219e+01
-1.033327293395996094e+01
8.889749646186828613e-01
-1.023864936828613281e+01
-1.106533241271972656e+01
5.621700882911682129e-01
-1.070034980773925781e+01
-1.025336265563964844e+01
-1.059399223327636719e+01
-1.028553104400634766e+01
7.637105584144592285e-01
-1.081553268432617188e+01
5.191254615783691406e-01
-9.831288337707519531e+00
-1.031283283233642578e+01
3.369447886943817139e-01
1.181632637977600098e+00
-1.056686115264892578e+01
-1.023954391479492188e+01
1.088833093643188477e+00
-1.039181518554687500e+01
9.614825844764709473e-01
9.898960590362548828e-01
-1.079096794128417969e+01
1.219196915626525879e+00
4.767712056636810303e-01
-1.095933246612548828e+01
9.580147862434387207e-01
-1.076675033569335938e+01
7.189707756042480469e-01
-1.000987052917480469e+01
-1.074922466278076172e+01
-9.674757957458496094e+00
1.340957880020141602e+00
1.140894174575805664e+00
1.345314264297485352e+00
-1.081531333923339844e+01
-1.029416561126708984e+01
1.236203670501708984e+00
1.081934809684753418e+00
1.651578098535537720e-01
3.632400631904602051e-01
-1.069767951965332031e+01
-1.044589042663574219e+01
1.171507120132446289e+00
1.044504880905151367e+00
-1.089310741424560547e+01
-1.096495914459228516e+01
-1.054613590240478516e+01
9.289140105247497559e-01
9.499256610870361328e-01
-1.088740253448486328e+01
5.887185931205749512e-01
-1.050611305236816406e+01
-1.062998008728027344e+01
2.354444563388824463e-01
5.313062071800231934e-01
-1.011334705352783203e+01
-1.081098461151123047e+01
9.968295693397521973e-01
4.901023805141448975e-01
1.261768341064453125e+00
-1.070460033416748047e+01
-1.072916412353515625e+01
8.066692352294921875e-01
-9.975802421569824219e+00
-1.093348789215087891e+01
9.401891827583312988e-01
-1.043176269531250000e+01
-1.094587612152099609e+01
-1.081040763854980469e+01
-9.536178588867187500e+00
-1.071681308746337891e+01
9.089258909225463867e-01
2.925712764263153076e-01
1.236715793609619141e+00
-1.043688964843750000e+01
1.195651531219482422e+00
1.336065292358398438e+00
-1.027731800079345703e+01
-1.024307060241699219e+01
8.676511049270629883e-01
-1.058917617797851562e+01
1.230367541313171387e+00
4.136046171188354492e-01
1.257094740867614746e+00
1.306076765060424805e+00
-1.080447101593017578e+01
-1.020720100402832031e+01
-1.018811511993408203e+01
1.579159975051879883e+00
1.051459789276123047e+00
-1.055715370178222656e+01
6.951746344566345215e-01
-9.796674728393554688e+00
1.232285737991333008e+00
-1.018113327026367188e+01
1.426951050758361816e+00
-1.041462516784667969e+01
-1.068152046203613281e+01
7.045946121215820312e-01
1.196768164634704590e+00
-1.063259601593017578e+01
-1.090824604034423828e+01
-1.038057804107666016e+01
-1.068299961090087891e+01
1.166653990745544434e+00
-1.065445041656494141e+01
7.630668878555297852e-01
1.441434264183044434e+00
-1.107447814941406250e+01
-1.054024505615234375e+01
1.276793837547302246e+00
-1.089369010925292969e+01
-1.057219600677490234e+01
1.090480566024780273e+00
-1.021441745758056641e+01
9.466924071311950684e-01
-1.066450977325439453e+01
2.212445139884948730e-01
-1.044681930541992188e+01
-1.073890113830566406e+01
-1.028013229370117188e+01
5.975238084793090820e-01
-1.045131015777587891e+01
1.368677377700805664e+00
-1.028072834014892578e+01
-1.108026885986328125e+01
-1.072620773315429688e+01
-1.070336246490478516e+01
-1.075166416168212891e+01
-1.068297386169433594e+01
8.292576074600219727e-01
2.924074046313762665e-02
-2.220555022358894348e-02
1.381704807281494141e-01
-9.625331312417984009e-02
-3.338522091507911682e-02
-4.356762394309043884e-02
1.401028931140899658e-01
-1.181855704635381699e-02
-3.167755901813507080e-02
-3.567967414855957031e-01
2.528325617313385010e-01
1.310818481445312500e+02
-2.901675701141357422e-01
-6.674620509147644043e-02
-2.472067251801490784e-02
1.209802031517028809e-01
7.141746580600738525e-02
-2.469957806169986725e-03
2.692095339298248291e-01
7.227778434753417969e-02
-5.226532742381095886e-02
-2.728055045008659363e-02
2.219572961330413818e-01
-2.638950943946838379e-02
8.784960210323333740e-02
-3.567413091659545898e-01
9.428489208221435547e-02
-2.590863034129142761e-02
-6.192353740334510803e-02
1.936482191085815430e-01
-3.041848167777061462e-02
5.021118745207786560e-02
1.446775197982788086e-01
7.238158583641052246e-02
2.596065774559974670e-02
1.846353262662887573e-01
-4.015710055828094482e-01
5.226774886250495911e-02
9.470652788877487183e-02
2.012111544609069824e-01
-1.116366162896156311e-01
2.468525990843772888e-02
1.039230544120073318e-02
-8.448448032140731812e-03
-1.761996559798717499e-02
7.313360273838043213e-02
2.124934643507003784e-01
3.072293102741241455e-02
7.286074105650186539e-03
-3.468034565448760986e-01
-1.149389594793319702e-01
-1.293333247303962708e-02
1.574411392211914062e-01
1.446729805320501328e-02
-1.154674366116523743e-01
1.741011976264417171e-03
2.669995650649070740e-02
-2.518673539161682129e-01
-6.145082786679267883e-02
6.605263054370880127e-02
-1.109373047947883606e-01
1.223814263939857483e-01
-4.689908772706985474e-02
2.600483223795890808e-02
-1.982376538217067719e-02
-5.715895071625709534e-02
1.097171381115913391e-01
-1.920329406857490540e-02
5.516039673238992691e-03
3.332164511084556580e-02
-2.359597757458686829e-02
3.419484198093414307e-02
8.383037149906158447e-02
-2.179941833019256592e-01
4.444703459739685059e-02
-1.283494234085083008e-01
6.885309517383575439e-02
-1.135507151484489441e-01
7.551289349794387817e-02
-8.890797942876815796e-02
2.681604400277137756e-02
6.808359920978546143e-02
-2.551280260086059570e-01
-5.702240020036697388e-02
1.888164319097995758e-02
1.266124099493026733e-02
1.132086738944053650e-01
4.107486456632614136e-02
7.140033245086669922e-01
-1.155804377049207687e-02
3.139931708574295044e-03
1.585970371961593628e-01
-9.705275297164916992e-02
3.979339823126792908e-02
-4.764264225959777832e-01
4.154860079288482666e-01
-1.277826428413391113e-01
5.836530402302742004e-02
-1.542338132858276367e-01
-1.527511775493621826e-01
-5.106722936034202576e-02
-4.105986282229423523e-02
-6.498628854751586914e-02
1.117230579257011414e-01
1.968379365280270576e-03
-1.557563394308090210e-01
-6.608733534812927246e-02
-2.742927148938179016e-02
8.045165240764617920e-02
-1.298150271177291870e-01
1.323225796222686768e-01
2.358080744743347168e-01
-1.985285580158233643e-01
-1.072027906775474548e-01
-1.421604901552200317e-01
1.407710611820220947e-01
-5.221141502261161804e-02
-1.494548842310905457e-02
-4.453802108764648438e-01
-2.391838133335113525e-01
-3.101847879588603973e-02
-1.222364306449890137e-01
-1.006303280591964722e-01
-1.710684448480606079e-01
4.430662840604782104e-02
2.520830137655138969e-03
2.750759422779083252e-01
1.808799616992473602e-02
2.594213932752609253e-02
-1.423179745674133301e+00
4.309235140681266785e-02
-8.035595715045928955e-02
-1.275222003459930420e-01
-2.866780459880828857e-01
-6.763708591461181641e-02
-1.376572102308273315e-01
7.957030087709426880e-02
-5.594090744853019714e-02
1.005223765969276428e-02
-7.128594908863306046e-03
-2.846853248775005341e-02
-2.228302508592605591e-01
-1.756613105535507202e-01
7.945895195007324219e-02
2.413434162735939026e-02
2.051417902112007141e-02
-5.492983385920524597e-02
2.044424600899219513e-02
6.645063310861587524e-02
-1.679412871599197388e-01
