-1.019985005259513855e-01
-2.514860033988952637e-02
1.886647380888462067e-02
-4.300490021705627441e-03
3.577851876616477966e-02
-5.828710272908210754e-02
7.185907661914825439e-02
-6.491254270076751709e-02
-1.159057170152664185e-01
1.196628622710704803e-02
8.941461890935897827e-02
4.095984995365142822e-02
7.351431529968976974e-03
-4.292384255677461624e-04
3.294173255562782288e-02
-6.962464656680822372e-03
1.017554197460412979e-02
-1.406776253134012222e-02
-8.590834215283393860e-03
-3.121572732925415039e-02
-1.249339133501052856e-01
1.063313335180282593e-01
2.108445018529891968e-02
-3.378926310688257217e-03
8.983306586742401123e-02
6.246090400964021683e-03
2.382014691829681396e-02
3.895043209195137024e-02
1.963405311107635498e-02
-1.283951662480831146e-02
-6.526915729045867920e-02
2.734383009374141693e-02
1.648923754692077637e-01
-9.152460843324661255e-03
-7.283226400613784790e-02
-2.115534804761409760e-02
4.380517825484275818e-02
2.223366498947143555e-02
-1.871913522481918335e-01
-4.984002187848091125e-02
-1.234788373112678528e-01
8.081829547882080078e-02
2.906070277094841003e-02
-1.431147456169128418e-01
1.377081405371427536e-02
1.295034401118755341e-02
3.823575004935264587e-02
-1.372089795768260956e-02
-3.683739341795444489e-03
-3.036419395357370377e-03
9.241455234587192535e-03
-2.072901278734207153e-02
-2.164789661765098572e-02
-2.396557629108428955e-01
4.641242849174886942e-04
-8.147450536489486694e-02
1.122666988521814346e-02
-1.636387780308723450e-02
1.180846523493528366e-02
-2.587735280394554138e-02
6.362807005643844604e-03
-7.969426224008202553e-04
1.010002493858337402e-01
1.792390346527099609e-01
-7.167370617389678955e-02
8.023149520158767700e-02
-1.519414335489273071e-01
-4.764755442738533020e-02
-1.012996491044759750e-02
3.601790219545364380e-02
-2.507934905588626862e-02
-2.501616440713405609e-02
-5.961072444915771484e-02
-1.228815410286188126e-02
-7.486495375633239746e-02
-1.399730592966079712e-01
5.593528971076011658e-02
-1.871494390070438385e-02
-1.095526292920112610e-02
5.495056509971618652e-02
-5.535615235567092896e-02
1.398124396800994873e-01
-2.269552787765860558e-03
1.848823763430118561e-02
-2.258442575111985207e-03
2.719026803970336914e-02
-2.518565952777862549e-02
1.811706088483333588e-02
5.907071754336357117e-03
6.186915095895528793e-03
-8.130455017089843750e-02
2.511832676827907562e-02
3.561689332127571106e-02
1.708403415977954865e-02
-4.610164090991020203e-03
-3.436168655753135681e-02
-3.545004874467849731e-02
9.893522411584854126e-02
-5.169034749269485474e-02
-6.343035399913787842e-02
-1.555961817502975464e-01
-7.496112585067749023e-02
-2.330780588090419769e-02
-2.055868506431579590e-02
4.256455227732658386e-02
1.476667914539575577e-02
-1.071196347475051880e-01
3.168673068284988403e-02
2.369537055492401123e-01
6.818342208862304688e-02
5.029026046395301819e-02
1.100732684135437012e-01
1.761055178940296173e-02
3.206062596291303635e-03
-1.524022072553634644e-01
3.675280511379241943e-02
-1.218779478222131729e-02
9.223230928182601929e-02
2.138763368129730225e-01
2.567173242568969727e-01
2.029477618634700775e-03
-1.409202814102172852e-01
4.878517985343933105e-02
-1.071889046579599380e-02
1.172749176621437073e-01
-1.943659037351608276e-01
2.769397012889385223e-02
1.593839526176452637e-01
-1.840506792068481445e-01
-1.703528501093387604e-02
1.489987522363662720e-01
-7.017669733613729477e-03
-7.425724714994430542e-02
-1.877844147384166718e-02
7.656466960906982422e-02
-2.012108713388442993e-01
1.710653305053710938e-02
-1.499176491051912308e-02
7.450132630765438080e-03
-1.037094891071319580e-01
4.668172821402549744e-02
2.714141830801963806e-02
-3.038966283202171326e-02
-9.648543782532215118e-03
2.584118954837322235e-02
-2.052186429500579834e-02
-2.270592302083969116e-01
-5.310439318418502808e-02
7.450764626264572144e-02
1.995406299829483032e-02
